001 869.140796 .00000005771422373401
002 805.668315 .48658855851060442646
003 580.767636 .00000050495120501981
004 580.745739 .0008140180993696
005 580.293414 .008680221831253850
006 580.270953 .10875120846161
007 524.266443 1.22449716492289327167
008 495.275493 .00000017145959860772
009 471.623457 .74850355592100001304
010 462.861006 .00000000024977081600
011 462.857139 .00000092946073956521
012 407.514372 .489055597249
013 407.499511 .865086207196711065
014 389.805940 .00000005682571952385
015 367.263586 .00000031032650291121
016 367.260543 .0000002143349392
017 301.963825 .000430992267344776
018 301.745526 .001555050803604276
019 301.643531 .06723238352804
020 301.004041 5.08358190373352257889
021 300.857894 1.705891882902
022 283.725072 .60810363756931820165
023 279.738531 3.51622502602811768235
024 239.157844 .0000034318186061
025 238.537714 .00018754538787062084
026 227.927109 .00000011796197762081
027 224.109004 .504103188485
028 224.106259 .044402738781041085
029 221.125641 .00000004613377766345
030 166.305809 .02066405866336
031 164.976246 .982737512206968080
032 162.485069 .48780782645805348413
033 152.014488 .00001802118276
034 151.610188 .00102281422506549125
035 140.260326 .00000010296046504989
036 118.226995 3.588093809076
037 117.920171 .0847307674404661
038 72.200373 .0000073941796241
039 72.031836 .00000002123143469201
040 0.417539 5.295327121496
041 0.542908 .0000118293474174
042 0.723749 .000013477453779361
