 ion    1
    1     1.01579     0.00000     0.00000
    2     0.00000     1.01575     0.00002
    3     0.00000    -0.00001     1.47167
 ion    2
    1     1.01579     0.00000     0.00000
    2     0.00000     1.01575    -0.00002
    3    -0.00000     0.00001     1.47167
 ion    3
    1     3.79879     0.00000    -0.00006
    2     0.00000     3.79907     0.00003
    3     0.00002    -0.00009     3.91400
 ion    4
    1     3.79878     0.00000     0.00006
    2    -0.00000     3.79906    -0.00004
    3    -0.00002     0.00009     3.91504
 ion    5
    1     6.26138     0.00000    -0.00000
    2    -0.00000     6.26130     0.00064
    3     0.00000    -0.00026     4.43640
 ion    6
    1     6.26124     0.00000     0.00000
    2     0.00000     6.26121    -0.00064
    3    -0.00000     0.00026     4.43622
 ion    7
    1    -2.51913    -0.00000    -0.00003
    2    -0.00000    -2.51918     0.00000
    3     0.00000     0.00004    -2.76730
 ion    8
    1    -2.51912    -0.00000     0.00003
    2     0.00000    -2.51918    -0.00000
    3    -0.00000    -0.00004    -2.76717
 ion    9
    1    -1.25193    -0.00000     0.00000
    2     0.00000    -1.25197    -0.00003
    3     0.00002     0.00066    -3.79633
 ion   10
    1    -1.25192     0.00000    -0.00000
    2    -0.00000    -1.25196     0.00003
    3    -0.00001    -0.00066    -3.79611
 ion   11
    1    -2.09336    -0.00000    -0.00001
    2     0.00000    -5.21161    -0.00097
    3     0.00003     0.00035    -1.62956
 ion   12
    1    -5.21159    -0.00000    -0.00003
    2     0.00000    -2.09339     0.00016
    3     0.00001     0.00007    -1.62956
 ion   13
    1    -2.09328     0.00000     0.00001
    2    -0.00000    -5.21151     0.00097
    3    -0.00003    -0.00035    -1.62948
 ion   14
    1    -5.21144    -0.00000     0.00003
    2    -0.00000    -2.09334    -0.00016
    3    -0.00001    -0.00007    -1.62948
