 Eigenvectors and eigenvalues of the dynamical matrix
 ----------------------------------------------------
 
 
   1 f  =   26.056186 THz   163.715842 2PiTHz  869.140796 cm-1   107.759676 meV
             X         Y         Z           dx          dy          dz
      1.890298  1.890298  6.009756    -0.000000   -0.000000   -0.000004  
      0.000000  0.000000  6.009756    -0.000000   -0.000001   -0.000004  
      0.000000  1.890298  1.429213    -0.000000    0.000000    0.000825  
      1.890298  0.000000 10.590299    -0.000000    0.000000   -0.000823  
      0.000000  1.890298  8.469623    -0.000000   -0.000000   -0.052714  
      1.890298  0.000000  3.549888    -0.000000   -0.000000    0.052712  
      0.000000  1.890298 11.094227     0.000000    0.000000   -0.003757  
      1.890298  0.000000  0.925284     0.000000   -0.000000    0.003748  
      0.000000  1.890298  6.667606     0.000001   -0.000001    0.150033  
      1.890298  0.000000  5.351906     0.000001   -0.000001   -0.150027  
      0.000000  0.000000  8.931436    -0.000001    0.000001    0.014246  
      1.890298  1.890298  8.931436    -0.000000   -0.000000    0.014246  
      1.890298  1.890298  3.088076     0.000000    0.000001   -0.014245  
      0.000000  0.000000  3.088076    -0.000000    0.000000   -0.014245  
 
   2 f  =   24.153328 THz   151.759838 2PiTHz  805.668315 cm-1    99.890095 meV
             X         Y         Z           dx          dy          dz
      1.890298  1.890298  6.009756     0.000001    0.000002    0.031792  
      0.000000  0.000000  6.009756    -0.000001   -0.000001    0.031792  
      0.000000  1.890298  1.429213     0.000000   -0.000000   -0.005572  
      1.890298  0.000000 10.590299    -0.000000    0.000000   -0.005570  
      0.000000  1.890298  8.469623     0.000001    0.000001    0.045309  
      1.890298  0.000000  3.549888    -0.000001   -0.000001    0.045314  
      0.000000  1.890298 11.094227    -0.000000    0.000000    0.040760  
      1.890298  0.000000  0.925284     0.000000   -0.000001    0.040771  
      0.000000  1.890298  6.667606    -0.000001   -0.000004   -0.150641  
      1.890298  0.000000  5.351906     0.000002    0.000004   -0.150647  
      0.000000  0.000000  8.931436     0.000001   -0.000001    0.004377  
      1.890298  1.890298  8.931436    -0.000001    0.000001    0.004377  
      1.890298  1.890298  3.088076    -0.000000    0.000001    0.004374  
      0.000000  0.000000  3.088076     0.000000   -0.000001    0.004373  
 
   3 f  =   17.410976 THz   109.396387 2PiTHz  580.767636 cm-1    72.005977 meV
             X         Y         Z           dx          dy          dz
      1.890298  1.890298  6.009756    -0.000006    0.005260   -0.000011  
      0.000000  0.000000  6.009756     0.000006   -0.005231   -0.000011  
      0.000000  1.890298  1.429213     0.000000    0.000296    0.000001  
      1.890298  0.000000 10.590299    -0.000000   -0.000299    0.000001  
      0.000000  1.890298  8.469623    -0.000026   -0.021197    0.000004  
      1.890298  0.000000  3.549888     0.000020    0.020831    0.000004  
      0.000000  1.890298 11.094227    -0.000019   -0.016025    0.000000  
      1.890298  0.000000  0.925284     0.000016    0.015700   -0.000001  
      0.000000  1.890298  6.667606    -0.000010   -0.007971    0.000000  
      1.890298  0.000000  5.351906     0.000008    0.007864    0.000000  
      0.000000  0.000000  8.931436    -0.000088    0.158353   -0.000010  
      1.890298  1.890298  8.931436     0.000195   -0.070977   -0.000003  
      1.890298  1.890298  3.088076     0.000067   -0.155634   -0.000009  
      0.000000  0.000000  3.088076    -0.000150    0.069765   -0.000003  
 
   4 f  =   17.410319 THz   109.392262 2PiTHz  580.745739 cm-1    72.003263 meV
             X         Y         Z           dx          dy          dz
      1.890298  1.890298  6.009756     0.005314    0.000006    0.000004  
      0.000000  0.000000  6.009756    -0.005142   -0.000006    0.000004  
      0.000000  1.890298  1.429213    -0.000311    0.000000   -0.000000  
      1.890298  0.000000 10.590299     0.000284   -0.000000   -0.000000  
      0.000000  1.890298  8.469623     0.019088   -0.000027   -0.000002  
      1.890298  0.000000  3.549888    -0.022786    0.000018   -0.000001  
      0.000000  1.890298 11.094227     0.014439   -0.000020    0.000000  
      1.890298  0.000000  0.925284    -0.017185    0.000014   -0.000000  
      0.000000  1.890298  6.667606     0.007330   -0.000010    0.000000  
      1.890298  0.000000  5.351906    -0.008445    0.000007    0.000000  
      0.000000  0.000000  8.931436     0.063891    0.000202    0.000002  
      1.890298  1.890298  8.931436    -0.142682   -0.000091    0.000002  
      1.890298  1.890298  3.088076    -0.076286   -0.000137    0.000002  
      0.000000  0.000000  3.088076     0.170123    0.000061    0.000002  
 
   5 f  =   17.396759 THz   109.307060 2PiTHz  580.293414 cm-1    71.947181 meV
             X         Y         Z           dx          dy          dz
      1.890298  1.890298  6.009756    -0.000001    0.000964    0.000000  
      0.000000  0.000000  6.009756     0.000002    0.001056   -0.000000  
      0.000000  1.890298  1.429213    -0.000000   -0.000183   -0.000000  
      1.890298  0.000000 10.590299    -0.000000   -0.000180    0.000000  
      0.000000  1.890298  8.469623    -0.000022   -0.021001    0.000001  
      1.890298  0.000000  3.549888    -0.000010   -0.021367   -0.000001  
      0.000000  1.890298 11.094227    -0.000016   -0.015603    0.000001  
      1.890298  0.000000  0.925284    -0.000008   -0.015819   -0.000001  
      0.000000  1.890298  6.667606    -0.000007   -0.006285    0.000001  
      1.890298  0.000000  5.351906    -0.000003   -0.006424   -0.000001  
      0.000000  0.000000  8.931436    -0.000071    0.155676   -0.000004  
      1.890298  1.890298  8.931436     0.000160   -0.069787   -0.000004  
      1.890298  1.890298  3.088076    -0.000034    0.158399    0.000003  
      0.000000  0.000000  3.088076     0.000076   -0.071010    0.000005  
 
   6 f  =   17.396086 THz   109.302829 2PiTHz  580.270953 cm-1    71.944397 meV
             X         Y         Z           dx          dy          dz
      1.890298  1.890298  6.009756     0.000555   -0.000002   -0.000000  
      0.000000  0.000000  6.009756     0.001478    0.000001   -0.000000  
      0.000000  1.890298  1.429213    -0.000153    0.000000    0.000000  
      1.890298  0.000000 10.590299    -0.000211    0.000000   -0.000000  
      0.000000  1.890298  8.469623    -0.022948    0.000021    0.000000  
      1.890298  0.000000  3.549888    -0.019263    0.000011    0.000000  
      0.000000  1.890298 11.094227    -0.017078    0.000016    0.000001  
      1.890298  0.000000  0.925284    -0.014289    0.000008   -0.000000  
      0.000000  1.890298  6.667606    -0.007019    0.000007    0.000000  
      1.890298  0.000000  5.351906    -0.005636    0.000003   -0.000001  
      0.000000  0.000000  8.931436    -0.076218   -0.000158   -0.000000  
      1.890298  1.890298  8.931436     0.170199    0.000071   -0.000001  
      1.890298  1.890298  3.088076    -0.063988   -0.000085   -0.000000  
      0.000000  0.000000  3.088076     0.142702    0.000038   -0.000000  
 
   7 f  =   15.717113 THz    98.753531 2PiTHz  524.266443 cm-1    65.000725 meV
             X         Y         Z           dx          dy          dz
      1.890298  1.890298  6.009756     0.000000    0.000017    0.110395  
      0.000000  0.000000  6.009756    -0.000000   -0.000015    0.110395  
      0.000000  1.890298  1.429213    -0.000000   -0.000001    0.000470  
      1.890298  0.000000 10.590299     0.000000    0.000001    0.000474  
      0.000000  1.890298  8.469623    -0.000000   -0.000002   -0.040073  
      1.890298  0.000000  3.549888     0.000000    0.000002   -0.040084  
      0.000000  1.890298 11.094227    -0.000000   -0.000002   -0.067033  
      1.890298  0.000000  0.925284     0.000000    0.000003   -0.067089  
      0.000000  1.890298  6.667606     0.000001    0.000024   -0.039114  
      1.890298  0.000000  5.351906    -0.000001   -0.000024   -0.039132  
      0.000000  0.000000  8.931436    -0.000003    0.000010    0.086796  
      1.890298  1.890298  8.931436     0.000004   -0.000008    0.086795  
      1.890298  1.890298  3.088076     0.000002   -0.000010    0.086837  
      0.000000  0.000000  3.088076    -0.000004    0.000007    0.086837  
 
   8 f  =   14.847986 THz    93.292646 2PiTHz  495.275493 cm-1    61.406307 meV
             X         Y         Z           dx          dy          dz
      1.890298  1.890298  6.009756    -0.000001   -0.000003    0.000008  
      0.000000  0.000000  6.009756    -0.000001    0.000000    0.000008  
      0.000000  1.890298  1.429213    -0.000000   -0.000000    0.011127  
      1.890298  0.000000 10.590299    -0.000000   -0.000000   -0.011122  
      0.000000  1.890298  8.469623    -0.000000   -0.000001   -0.031820  
      1.890298  0.000000  3.549888     0.000000   -0.000001    0.031792  
      0.000000  1.890298 11.094227     0.000000   -0.000002   -0.011400  
      1.890298  0.000000  0.925284     0.000000   -0.000002    0.011394  
      0.000000  1.890298  6.667606    -0.000001   -0.000003   -0.055064  
      1.890298  0.000000  5.351906    -0.000001   -0.000003    0.055045  
      0.000000  0.000000  8.931436     0.000000    0.000004    0.109536  
      1.890298  1.890298  8.931436     0.000001   -0.000006    0.109535  
      1.890298  1.890298  3.088076     0.000000    0.000004   -0.109497  
      0.000000  0.000000  3.088076     0.000000   -0.000006   -0.109496  
 
   9 f  =   14.138916 THz    88.837426 2PiTHz  471.623457 cm-1    58.473830 meV
             X         Y         Z           dx          dy          dz
      1.890298  1.890298  6.009756     0.000004    0.000228    0.143166  
      0.000000  0.000000  6.009756    -0.000004   -0.000228    0.143167  
      0.000000  1.890298  1.429213     0.000000    0.000000   -0.014496  
      1.890298  0.000000 10.590299    -0.000000   -0.000000   -0.014481  
      0.000000  1.890298  8.469623     0.000001   -0.000002   -0.029431  
      1.890298  0.000000  3.549888    -0.000001    0.000002   -0.029426  
      0.000000  1.890298 11.094227    -0.000001   -0.000001    0.130774  
      1.890298  0.000000  0.925284     0.000001    0.000001    0.130952  
      0.000000  1.890298  6.667606    -0.000001    0.000100    0.026621  
      1.890298  0.000000  5.351906     0.000001   -0.000100    0.026618  
      0.000000  0.000000  8.931436    -0.000000    0.000007   -0.003331  
      1.890298  1.890298  8.931436     0.000002   -0.000002   -0.003330  
      1.890298  1.890298  3.088076     0.000001   -0.000007   -0.003321  
      0.000000  0.000000  3.088076    -0.000003    0.000002   -0.003320  
 
  10 f  =   13.876224 THz    87.186886 2PiTHz  462.861006 cm-1    57.387425 meV
             X         Y         Z           dx          dy          dz
      1.890298  1.890298  6.009756     0.257755   -0.000893   -0.000002  
      0.000000  0.000000  6.009756    -0.257754    0.000893   -0.000002  
      0.000000  1.890298  1.429213     0.000026    0.000000    0.000000  
      1.890298  0.000000 10.590299    -0.000026   -0.000000    0.000000  
      0.000000  1.890298  8.469623    -0.002304   -0.000008    0.000000  
      1.890298  0.000000  3.549888     0.002303    0.000008    0.000000  
      0.000000  1.890298 11.094227    -0.000232   -0.000001   -0.000002  
      1.890298  0.000000  0.925284     0.000232    0.000001   -0.000002  
      0.000000  1.890298  6.667606    -0.046070   -0.000159    0.000000  
      1.890298  0.000000  5.351906     0.046068    0.000160    0.000000  
      0.000000  0.000000  8.931436     0.001454    0.000004   -0.000000  
      1.890298  1.890298  8.931436     0.001157    0.000005    0.000001  
      1.890298  1.890298  3.088076    -0.001451   -0.000004   -0.000000  
      0.000000  0.000000  3.088076    -0.001154   -0.000005    0.000001  
 
  11 f  =   13.876108 THz    87.186158 2PiTHz  462.857139 cm-1    57.386945 meV
             X         Y         Z           dx          dy          dz
      1.890298  1.890298  6.009756     0.000893    0.257796   -0.000148  
      0.000000  0.000000  6.009756    -0.000893   -0.257726   -0.000148  
      0.000000  1.890298  1.429213     0.000000   -0.000027    0.000014  
      1.890298  0.000000 10.590299    -0.000000    0.000026    0.000014  
      0.000000  1.890298  8.469623    -0.000008    0.002306    0.000032  
      1.890298  0.000000  3.549888     0.000008   -0.002302    0.000032  
      0.000000  1.890298 11.094227    -0.000001    0.000234   -0.000122  
      1.890298  0.000000  0.925284     0.000001   -0.000231   -0.000121  
      0.000000  1.890298  6.667606    -0.000159    0.046030   -0.000023  
      1.890298  0.000000  5.351906     0.000160   -0.046076   -0.000022  
      0.000000  0.000000  8.931436     0.000005   -0.001153   -0.000005  
      1.890298  1.890298  8.931436     0.000004   -0.001448   -0.000005  
      1.890298  1.890298  3.088076    -0.000005    0.001155   -0.000006  
      0.000000  0.000000  3.088076    -0.000004    0.001453   -0.000006  
 
  12 f  =   12.216974 THz    76.761509 2PiTHz  407.514372 cm-1    50.525320 meV
             X         Y         Z           dx          dy          dz
      1.890298  1.890298  6.009756    -0.205755    0.000137   -0.000000  
      0.000000  0.000000  6.009756    -0.205758    0.000137   -0.000000  
      0.000000  1.890298  1.429213    -0.000147    0.000000    0.000000  
      1.890298  0.000000 10.590299    -0.000145    0.000000   -0.000000  
      0.000000  1.890298  8.469623    -0.010460    0.000007    0.000000  
      1.890298  0.000000  3.549888    -0.010466    0.000006   -0.000000  
      0.000000  1.890298 11.094227    -0.000882    0.000001    0.000003  
      1.890298  0.000000  0.925284    -0.000884    0.000000   -0.000003  
      0.000000  1.890298  6.667606     0.110820   -0.000075   -0.000000  
      1.890298  0.000000  5.351906     0.110824   -0.000073    0.000001  
      0.000000  0.000000  8.931436     0.008414   -0.000003   -0.000000  
      1.890298  1.890298  8.931436     0.004522   -0.000006    0.000000  
      1.890298  1.890298  3.088076     0.008435   -0.000003    0.000000  
      0.000000  0.000000  3.088076     0.004536   -0.000005   -0.000000  
 
  13 f  =   12.216528 THz    76.758709 2PiTHz  407.499511 cm-1    50.523477 meV
             X         Y         Z           dx          dy          dz
      1.890298  1.890298  6.009756     0.000136    0.205702   -0.000005  
      0.000000  0.000000  6.009756     0.000137    0.205808    0.000004  
      0.000000  1.890298  1.429213     0.000000    0.000149    0.000000  
      1.890298  0.000000 10.590299     0.000000    0.000147   -0.000000  
      0.000000  1.890298  8.469623     0.000007    0.010462    0.000001  
      1.890298  0.000000  3.549888     0.000007    0.010465   -0.000001  
      0.000000  1.890298 11.094227     0.000001    0.000896   -0.000002  
      1.890298  0.000000  0.925284     0.000000    0.000931    0.000003  
      0.000000  1.890298  6.667606    -0.000075   -0.110816    0.000000  
      1.890298  0.000000  5.351906    -0.000073   -0.110828    0.000000  
      0.000000  0.000000  8.931436    -0.000006   -0.004533    0.000000  
      1.890298  1.890298  8.931436    -0.000003   -0.008435   -0.000002  
      1.890298  1.890298  3.088076    -0.000005   -0.004529   -0.000002  
      0.000000  0.000000  3.088076    -0.000003   -0.008444    0.000004  
 
  14 f  =   11.686088 THz    73.425857 2PiTHz  389.805940 cm-1    48.329755 meV
             X         Y         Z           dx          dy          dz
      1.890298  1.890298  6.009756     0.000003    0.000004    0.000104  
      0.000000  0.000000  6.009756     0.000005    0.000003    0.000105  
      0.000000  1.890298  1.429213    -0.000000   -0.000001    0.008230  
      1.890298  0.000000 10.590299    -0.000000    0.000000   -0.008248  
      0.000000  1.890298  8.469623    -0.000000    0.000000    0.004135  
      1.890298  0.000000  3.549888     0.000000   -0.000001   -0.004141  
      0.000000  1.890298 11.094227    -0.000001    0.000003    0.174433  
      1.890298  0.000000  0.925284     0.000001   -0.000001   -0.174318  
      0.000000  1.890298  6.667606    -0.000003   -0.000002    0.006646  
      1.890298  0.000000  5.351906    -0.000001    0.000000   -0.006612  
      0.000000  0.000000  8.931436     0.000002   -0.000001    0.008875  
      1.890298  1.890298  8.931436    -0.000000    0.000000    0.008874  
      1.890298  1.890298  3.088076    -0.000000    0.000001   -0.008937  
      0.000000  0.000000  3.088076    -0.000001    0.000004   -0.008935  
 
  15 f  =   11.010285 THz    69.179663 2PiTHz  367.263586 cm-1    45.534861 meV
             X         Y         Z           dx          dy          dz
      1.890298  1.890298  6.009756    -0.000751   -0.064783   -0.000045  
      0.000000  0.000000  6.009756     0.000748    0.064771   -0.000045  
      0.000000  1.890298  1.429213    -0.000005    0.000455    0.000005  
      1.890298  0.000000 10.590299     0.000005   -0.000454    0.000005  
      0.000000  1.890298  8.469623     0.000310   -0.026805    0.000016  
      1.890298  0.000000  3.549888    -0.000310    0.026801    0.000016  
      0.000000  1.890298 11.094227     0.000037   -0.003242   -0.000037  
      1.890298  0.000000  0.925284    -0.000038    0.003217   -0.000041  
      0.000000  1.890298  6.667606    -0.001892    0.163706   -0.000008  
      1.890298  0.000000  5.351906     0.001894   -0.163668   -0.000008  
      0.000000  0.000000  8.931436    -0.000231    0.007111   -0.000013  
      1.890298  1.890298  8.931436    -0.000082    0.020035   -0.000014  
      1.890298  1.890298  3.088076     0.000232   -0.007115   -0.000013  
      0.000000  0.000000  3.088076     0.000082   -0.020031   -0.000014  
 
  16 f  =   11.010194 THz    69.179090 2PiTHz  367.260543 cm-1    45.534483 meV
             X         Y         Z           dx          dy          dz
      1.890298  1.890298  6.009756     0.064792   -0.000748   -0.000000  
      0.000000  0.000000  6.009756    -0.064816    0.000751    0.000000  
      0.000000  1.890298  1.429213     0.000454    0.000005    0.000000  
      1.890298  0.000000 10.590299    -0.000446   -0.000005    0.000000  
      0.000000  1.890298  8.469623    -0.026790   -0.000310    0.000000  
      1.890298  0.000000  3.549888     0.026806    0.000310    0.000000  
      0.000000  1.890298 11.094227    -0.003211   -0.000037    0.000002  
      1.890298  0.000000  0.925284     0.003216    0.000038   -0.000000  
      0.000000  1.890298  6.667606     0.163695    0.001892   -0.000001  
      1.890298  0.000000  5.351906    -0.163686   -0.001893   -0.000001  
      0.000000  0.000000  8.931436     0.019950    0.000082   -0.000000  
      1.890298  1.890298  8.931436     0.007072    0.000232   -0.000001  
      1.890298  1.890298  3.088076    -0.020039   -0.000082   -0.000000  
      0.000000  0.000000  3.088076    -0.007121   -0.000232   -0.000001  
 
  17 f  =    9.052648 THz    56.879463 2PiTHz  301.963825 cm-1    37.438726 meV
             X         Y         Z           dx          dy          dz
      1.890298  1.890298  6.009756     0.000047   -0.000348   -0.139181  
      0.000000  0.000000  6.009756    -0.000003   -0.000375    0.139181  
      0.000000  1.890298  1.429213    -0.000022    0.000090   -0.000001  
      1.890298  0.000000 10.590299     0.000011    0.000072   -0.000000  
      0.000000  1.890298  8.469623     0.000015    0.000379    0.000001  
      1.890298  0.000000  3.549888    -0.000068    0.000423    0.000000  
      0.000000  1.890298 11.094227     0.000065    0.000030   -0.000001  
      1.890298  0.000000  0.925284    -0.000075    0.000101    0.000001  
      0.000000  1.890298  6.667606     0.000050   -0.000077    0.000001  
      1.890298  0.000000  5.351906    -0.000043   -0.000028    0.000000  
      0.000000  0.000000  8.931436    -0.000123   -0.000398    0.106831  
      1.890298  1.890298  8.931436    -0.000040   -0.001231   -0.106832  
      1.890298  1.890298  3.088076     0.000303   -0.000471   -0.106523  
      0.000000  0.000000  3.088076     0.000098   -0.001456    0.106524  
 
  18 f  =    9.046103 THz    56.838343 2PiTHz  301.745526 cm-1    37.411660 meV
             X         Y         Z           dx          dy          dz
      1.890298  1.890298  6.009756    -0.000022   -0.018148   -0.000094  
      0.000000  0.000000  6.009756     0.000013    0.016778    0.000073  
      0.000000  1.890298  1.429213     0.000012   -0.011413    0.000000  
      1.890298  0.000000 10.590299    -0.000010    0.011732    0.000000  
      0.000000  1.890298  8.469623    -0.000023    0.029387    0.000003  
      1.890298  0.000000  3.549888     0.000034   -0.027859    0.000002  
      0.000000  1.890298 11.094227    -0.000048    0.048694   -0.000005  
      1.890298  0.000000  0.925284     0.000047   -0.047972    0.000000  
      0.000000  1.890298  6.667606    -0.000034    0.032280    0.000000  
      1.890298  0.000000  5.351906     0.000031   -0.032494   -0.000000  
      0.000000  0.000000  8.931436     0.000130   -0.048641    0.000088  
      1.890298  1.890298  8.931436     0.000042   -0.150416   -0.000093  
      1.890298  1.890298  3.088076    -0.000163    0.046936   -0.000039  
      0.000000  0.000000  3.088076    -0.000053    0.145035    0.000034  
 
  19 f  =    9.043046 THz    56.819131 2PiTHz  301.643531 cm-1    37.399014 meV
             X         Y         Z           dx          dy          dz
      1.890298  1.890298  6.009756     0.024475   -0.000031    0.000211  
      0.000000  0.000000  6.009756    -0.009777    0.000004   -0.000218  
      0.000000  1.890298  1.429213    -0.013090   -0.000008   -0.000000  
      1.890298  0.000000 10.590299     0.009596    0.000015   -0.000001  
      0.000000  1.890298  8.469623     0.019598    0.000043    0.000002  
      1.890298  0.000000  3.549888    -0.036591   -0.000013   -0.000001  
      0.000000  1.890298 11.094227     0.046171    0.000052    0.000003  
      1.890298  0.000000  0.925284    -0.049060   -0.000044    0.000001  
      0.000000  1.890298  6.667606     0.032705    0.000031    0.000001  
      1.890298  0.000000  5.351906    -0.030774   -0.000033   -0.000001  
      0.000000  0.000000  8.931436    -0.116226   -0.000065   -0.000162  
      1.890298  1.890298  8.931436    -0.037511   -0.000200    0.000164  
      1.890298  1.890298  3.088076     0.173575    0.000030    0.000164  
      0.000000  0.000000  3.088076     0.056154    0.000093   -0.000164  
 
  20 f  =    9.023874 THz    56.698673 2PiTHz  301.004041 cm-1    37.319728 meV
             X         Y         Z           dx          dy          dz
      1.890298  1.890298  6.009756     0.000005    0.037685   -0.001282  
      0.000000  0.000000  6.009756    -0.000008    0.038337    0.001285  
      0.000000  1.890298  1.429213    -0.000003   -0.009128   -0.000000  
      1.890298  0.000000 10.590299     0.000004   -0.008716    0.000001  
      0.000000  1.890298  8.469623     0.000013   -0.043482   -0.000002  
      1.890298  0.000000  3.549888    -0.000010   -0.044562    0.000001  
      0.000000  1.890298 11.094227     0.000017   -0.006622   -0.000003  
      1.890298  0.000000  0.925284    -0.000016   -0.008117    0.000001  
      0.000000  1.890298  6.667606     0.000012    0.005727   -0.000002  
      1.890298  0.000000  5.351906    -0.000012    0.004542    0.000002  
      0.000000  0.000000  8.931436    -0.000059    0.046755    0.000969  
      1.890298  1.890298  8.931436    -0.000020    0.144831   -0.000967  
      1.890298  1.890298  3.088076     0.000049    0.048520   -0.000975  
      0.000000  0.000000  3.088076     0.000016    0.150220    0.000969  
 
  21 f  =    9.019493 THz    56.671144 2PiTHz  300.857894 cm-1    37.301608 meV
             X         Y         Z           dx          dy          dz
      1.890298  1.890298  6.009756     0.033959    0.000006    0.000044  
      0.000000  0.000000  6.009756     0.040717    0.000003   -0.000043  
      0.000000  1.890298  1.429213    -0.006501   -0.000000   -0.000000  
      1.890298  0.000000 10.590299    -0.010975   -0.000002    0.000001  
      0.000000  1.890298  8.469623    -0.048860   -0.000008   -0.000001  
      1.890298  0.000000  3.549888    -0.037657   -0.000002   -0.000000  
      0.000000  1.890298 11.094227    -0.016709   -0.000005   -0.000001  
      1.890298  0.000000  0.925284     0.002184    0.000002    0.000000  
      0.000000  1.890298  6.667606    -0.001156   -0.000002    0.000000  
      1.890298  0.000000  5.351906     0.011332    0.000003   -0.000001  
      0.000000  0.000000  8.931436     0.173403    0.000009   -0.000037  
      1.890298  1.890298  8.931436     0.055865    0.000027    0.000037  
      1.890298  1.890298  3.088076     0.116027    0.000001    0.000030  
      0.000000  0.000000  3.088076     0.037453    0.000005   -0.000031  
 
  22 f  =    8.505864 THz    53.443918 2PiTHz  283.725072 cm-1    35.177410 meV
             X         Y         Z           dx          dy          dz
      1.890298  1.890298  6.009756     0.000002    0.000004    0.000194  
      0.000000  0.000000  6.009756     0.000001   -0.000003   -0.000243  
      0.000000  1.890298  1.429213    -0.000000    0.000004   -0.000003  
      1.890298  0.000000 10.590299    -0.000000   -0.000002   -0.000003  
      0.000000  1.890298  8.469623    -0.000001   -0.000004    0.000001  
      1.890298  0.000000  3.549888    -0.000001    0.000001    0.000001  
      0.000000  1.890298 11.094227    -0.000003   -0.000026    0.000010  
      1.890298  0.000000  0.925284     0.000003    0.000010    0.000009  
      0.000000  1.890298  6.667606    -0.000000   -0.000008    0.000003  
      1.890298  0.000000  5.351906     0.000001    0.000004    0.000003  
      0.000000  0.000000  8.931436     0.000005    0.000017    0.124894  
      1.890298  1.890298  8.931436     0.000001    0.000035   -0.124870  
      1.890298  1.890298  3.088076     0.000003   -0.000013    0.125129  
      0.000000  0.000000  3.088076     0.000001   -0.000025   -0.125106  
 
  23 f  =    8.386350 THz    52.692992 2PiTHz  279.738531 cm-1    34.683142 meV
             X         Y         Z           dx          dy          dz
      1.890298  1.890298  6.009756    -0.000000    0.000000    0.158213  
      0.000000  0.000000  6.009756     0.000000   -0.000002    0.158210  
      0.000000  1.890298  1.429213    -0.000001   -0.000001    0.021761  
      1.890298  0.000000 10.590299     0.000001    0.000001    0.021756  
      0.000000  1.890298  8.469623    -0.000001    0.000003   -0.007632  
      1.890298  0.000000  3.549888     0.000001   -0.000002   -0.007617  
      0.000000  1.890298 11.094227     0.000005    0.000004   -0.059970  
      1.890298  0.000000  0.925284    -0.000004   -0.000003   -0.059895  
      0.000000  1.890298  6.667606    -0.000000   -0.000012   -0.019948  
      1.890298  0.000000  5.351906     0.000001    0.000011   -0.019930  
      0.000000  0.000000  8.931436    -0.000003   -0.000002   -0.077475  
      1.890298  1.890298  8.931436    -0.000002   -0.000002   -0.077514  
      1.890298  1.890298  3.088076     0.000002    0.000001   -0.077470  
      0.000000  0.000000  3.088076     0.000001   -0.000001   -0.077506  
 
  24 f  =    7.169772 THz    45.049005 2PiTHz  239.157844 cm-1    29.651780 meV
             X         Y         Z           dx          dy          dz
      1.890298  1.890298  6.009756    -0.011642    0.000026   -0.000004  
      0.000000  0.000000  6.009756     0.011795   -0.000014   -0.000004  
      0.000000  1.890298  1.429213    -0.011091   -0.000019   -0.000001  
      1.890298  0.000000 10.590299     0.011086    0.000019    0.000001  
      0.000000  1.890298  8.469623    -0.048797   -0.000089   -0.000002  
      1.890298  0.000000  3.549888     0.048668    0.000081    0.000001  
      0.000000  1.890298 11.094227     0.148865    0.000264    0.000004  
      1.890298  0.000000  0.925284    -0.148306   -0.000252    0.000002  
      0.000000  1.890298  6.667606    -0.021403   -0.000034   -0.000002  
      1.890298  0.000000  5.351906     0.021514    0.000041    0.000001  
      0.000000  0.000000  8.931436     0.021404    0.000006    0.000003  
      1.890298  1.890298  8.931436     0.004023    0.000037   -0.000000  
      1.890298  1.890298  3.088076    -0.021532   -0.000008    0.000004  
      0.000000  0.000000  3.088076    -0.004075   -0.000038    0.000001  
 
  25 f  =    7.151181 THz    44.932194 2PiTHz  238.537714 cm-1    29.574894 meV
             X         Y         Z           dx          dy          dz
      1.890298  1.890298  6.009756     0.000016    0.012412    0.000001  
      0.000000  0.000000  6.009756    -0.000025   -0.011134   -0.000002  
      0.000000  1.890298  1.429213     0.000020   -0.011176    0.000002  
      1.890298  0.000000 10.590299    -0.000020    0.011319   -0.000001  
      0.000000  1.890298  8.469623     0.000087   -0.049813   -0.000002  
      1.890298  0.000000  3.549888    -0.000084    0.048376   -0.000006  
      0.000000  1.890298 11.094227    -0.000257    0.150188    0.000003  
      1.890298  0.000000  0.925284     0.000256   -0.146104    0.000007  
      0.000000  1.890298  6.667606     0.000034   -0.021221    0.000000  
      1.890298  0.000000  5.351906    -0.000041    0.021913   -0.000003  
      0.000000  0.000000  8.931436    -0.000037    0.003490    0.000010  
      1.890298  1.890298  8.931436    -0.000006    0.020758   -0.000005  
      1.890298  1.890298  3.088076     0.000037   -0.003902    0.000009  
      0.000000  0.000000  3.088076     0.000007   -0.021483   -0.000006  
 
  26 f  =    6.833083 THz    42.933526 2PiTHz  227.927109 cm-1    28.259347 meV
             X         Y         Z           dx          dy          dz
      1.890298  1.890298  6.009756    -0.000025   -0.000008    0.000037  
      0.000000  0.000000  6.009756    -0.000026   -0.000010    0.000036  
      0.000000  1.890298  1.429213    -0.000002   -0.000000   -0.046366  
      1.890298  0.000000 10.590299    -0.000002    0.000001    0.046333  
      0.000000  1.890298  8.469623     0.000015    0.000001   -0.054285  
      1.890298  0.000000  3.549888     0.000012    0.000005    0.054341  
      0.000000  1.890298 11.094227    -0.000012   -0.000004    0.026300  
      1.890298  0.000000  0.925284    -0.000006   -0.000012   -0.026357  
      0.000000  1.890298  6.667606    -0.000018   -0.000009   -0.051411  
      1.890298  0.000000  5.351906    -0.000020   -0.000007    0.051469  
      0.000000  0.000000  8.931436     0.000007    0.000000   -0.014726  
      1.890298  1.890298  8.931436     0.000008    0.000000   -0.014727  
      1.890298  1.890298  3.088076     0.000013    0.000002    0.014724  
      0.000000  0.000000  3.088076     0.000009    0.000001    0.014724  
 
  27 f  =    6.718619 THz    42.214328 2PiTHz  224.109004 cm-1    27.785963 meV
             X         Y         Z           dx          dy          dz
      1.890298  1.890298  6.009756     0.111322   -0.000133   -0.000028  
      0.000000  0.000000  6.009756     0.111253   -0.000133    0.000029  
      0.000000  1.890298  1.429213     0.012242   -0.000015   -0.000010  
      1.890298  0.000000 10.590299     0.012194   -0.000014    0.000010  
      0.000000  1.890298  8.469623    -0.063224    0.000074   -0.000011  
      1.890298  0.000000  3.549888    -0.063489    0.000076    0.000012  
      0.000000  1.890298 11.094227     0.046648   -0.000048    0.000006  
      1.890298  0.000000  0.925284     0.046806   -0.000060   -0.000006  
      0.000000  1.890298  6.667606     0.078665   -0.000094   -0.000011  
      1.890298  0.000000  5.351906     0.078547   -0.000094    0.000012  
      0.000000  0.000000  8.931436    -0.050327    0.000048   -0.000010  
      1.890298  1.890298  8.931436    -0.040396    0.000059    0.000006  
      1.890298  1.890298  3.088076    -0.050089    0.000048    0.000010  
      0.000000  0.000000  3.088076    -0.040414    0.000060   -0.000005  
 
  28 f  =    6.718537 THz    42.213811 2PiTHz  224.106259 cm-1    27.785622 meV
             X         Y         Z           dx          dy          dz
      1.890298  1.890298  6.009756     0.000132    0.111453    0.000153  
      0.000000  0.000000  6.009756     0.000132    0.111706   -0.000153  
      0.000000  1.890298  1.429213     0.000015    0.012391   -0.000003  
      1.890298  0.000000 10.590299     0.000014    0.012083    0.000003  
      0.000000  1.890298  8.469623    -0.000074   -0.062756   -0.000004  
      1.890298  0.000000  3.549888    -0.000077   -0.063948    0.000004  
      0.000000  1.890298 11.094227     0.000050    0.044544    0.000001  
      1.890298  0.000000  0.925284     0.000063    0.047418   -0.000001  
      0.000000  1.890298  6.667606     0.000093    0.079095   -0.000003  
      1.890298  0.000000  5.351906     0.000093    0.078617    0.000003  
      0.000000  0.000000  8.931436    -0.000059   -0.040374    0.000050  
      1.890298  1.890298  8.931436    -0.000048   -0.050215   -0.000052  
      1.890298  1.890298  3.088076    -0.000060   -0.040522   -0.000048  
      0.000000  0.000000  3.088076    -0.000048   -0.050044    0.000048  
 
  29 f  =    6.629180 THz    41.652366 2PiTHz  221.125641 cm-1    27.416073 meV
             X         Y         Z           dx          dy          dz
      1.890298  1.890298  6.009756    -0.000013    0.000072   -0.227932  
      0.000000  0.000000  6.009756    -0.000013    0.000072    0.227935  
      0.000000  1.890298  1.429213    -0.000002    0.000009    0.000000  
      1.890298  0.000000 10.590299    -0.000001    0.000009   -0.000000  
      0.000000  1.890298  8.469623     0.000008   -0.000042   -0.000000  
      1.890298  0.000000  3.549888     0.000008   -0.000042    0.000001  
      0.000000  1.890298 11.094227    -0.000006    0.000034   -0.000000  
      1.890298  0.000000  0.925284    -0.000006    0.000034   -0.000001  
      0.000000  1.890298  6.667606    -0.000009    0.000054   -0.000000  
      1.890298  0.000000  5.351906    -0.000010    0.000054    0.000001  
      0.000000  0.000000  8.931436     0.000006   -0.000031   -0.065120  
      1.890298  1.890298  8.931436     0.000005   -0.000043    0.065119  
      1.890298  1.890298  3.088076     0.000007   -0.000031    0.065171  
      0.000000  0.000000  3.088076     0.000005   -0.000044   -0.065171  
 
  30 f  =    4.985723 THz    31.326220 2PiTHz  166.305809 cm-1    20.619283 meV
             X         Y         Z           dx          dy          dz
      1.890298  1.890298  6.009756    -0.085020   -0.000093    0.000010  
      0.000000  0.000000  6.009756    -0.085215   -0.000092    0.000010  
      0.000000  1.890298  1.429213     0.001076    0.000002   -0.000003  
      1.890298  0.000000 10.590299     0.000696    0.000001   -0.000003  
      0.000000  1.890298  8.469623    -0.016988   -0.000017    0.000007  
      1.890298  0.000000  3.549888    -0.017950   -0.000021    0.000005  
      0.000000  1.890298 11.094227     0.147711    0.000158   -0.000005  
      1.890298  0.000000  0.925284     0.147040    0.000161   -0.000005  
      0.000000  1.890298  6.667606    -0.073243   -0.000078    0.000008  
      1.890298  0.000000  5.351906    -0.073609   -0.000081    0.000005  
      0.000000  0.000000  8.931436     0.002670    0.000007    0.000001  
      1.890298  1.890298  8.931436     0.006436    0.000003    0.000002  
      1.890298  1.890298  3.088076     0.002265    0.000007    0.000001  
      0.000000  0.000000  3.088076     0.005781    0.000003    0.000001  
 
  31 f  =    4.945863 THz    31.075776 2PiTHz  164.976246 cm-1    20.454438 meV
             X         Y         Z           dx          dy          dz
      1.890298  1.890298  6.009756    -0.000093    0.086260   -0.000083  
      0.000000  0.000000  6.009756    -0.000091    0.085108   -0.000070  
      0.000000  1.890298  1.429213     0.000000   -0.002142    0.000022  
      1.890298  0.000000 10.590299     0.000002   -0.000438    0.000024  
      0.000000  1.890298  8.469623    -0.000024    0.015485   -0.000043  
      1.890298  0.000000  3.549888    -0.000015    0.021194   -0.000051  
      0.000000  1.890298 11.094227     0.000156   -0.147856    0.000037  
      1.890298  0.000000  0.925284     0.000163   -0.145103    0.000036  
      0.000000  1.890298  6.667606    -0.000080    0.072976   -0.000042  
      1.890298  0.000000  5.351906    -0.000078    0.075108   -0.000051  
      0.000000  0.000000  8.931436    -0.000002   -0.007438   -0.000006  
      1.890298  1.890298  8.931436     0.000002   -0.003503   -0.000002  
      1.890298  1.890298  3.088076     0.000006   -0.003473   -0.000017  
      0.000000  0.000000  3.088076     0.000010   -0.000717   -0.000007  
 
  32 f  =    4.871180 THz    30.606526 2PiTHz  162.485069 cm-1    20.145572 meV
             X         Y         Z           dx          dy          dz
      1.890298  1.890298  6.009756    -0.000010   -0.000062   -0.103104  
      0.000000  0.000000  6.009756    -0.000006   -0.000071   -0.103099  
      0.000000  1.890298  1.429213    -0.000003   -0.000005    0.030965  
      1.890298  0.000000 10.590299     0.000004    0.000007    0.030956  
      0.000000  1.890298  8.469623    -0.000009   -0.000047   -0.062500  
      1.890298  0.000000  3.549888     0.000006    0.000018   -0.062367  
      0.000000  1.890298 11.094227     0.000003    0.000068    0.049468  
      1.890298  0.000000  0.925284     0.000026    0.000154    0.049399  
      0.000000  1.890298  6.667606    -0.000010   -0.000066   -0.062945  
      1.890298  0.000000  5.351906    -0.000003   -0.000049   -0.062825  
      0.000000  0.000000  8.931436    -0.000005   -0.000024   -0.010271  
      1.890298  1.890298  8.931436    -0.000006   -0.000021   -0.010270  
      1.890298  1.890298  3.088076     0.000004    0.000032   -0.010156  
      0.000000  0.000000  3.088076     0.000007    0.000023   -0.010153  
 
  33 f  =    4.557280 THz    28.634233 2PiTHz  152.014488 cm-1    18.847386 meV
             X         Y         Z           dx          dy          dz
      1.890298  1.890298  6.009756     0.014562   -0.000020   -0.000013  
      0.000000  0.000000  6.009756    -0.013358    0.000057   -0.000014  
      0.000000  1.890298  1.429213     0.021381    0.000056    0.000004  
      1.890298  0.000000 10.590299    -0.021555   -0.000061    0.000004  
      0.000000  1.890298  8.469623     0.071330    0.000201   -0.000009  
      1.890298  0.000000  3.549888    -0.070907   -0.000190   -0.000007  
      0.000000  1.890298 11.094227     0.079599    0.000203    0.000005  
      1.890298  0.000000  0.925284    -0.081280   -0.000239    0.000004  
      0.000000  1.890298  6.667606     0.026533    0.000088   -0.000008  
      1.890298  0.000000  5.351906    -0.025459   -0.000054   -0.000007  
      0.000000  0.000000  8.931436     0.041437    0.000156   -0.000002  
      1.890298  1.890298  8.931436     0.056360    0.000112   -0.000003  
      1.890298  1.890298  3.088076    -0.041251   -0.000154   -0.000001  
      0.000000  0.000000  3.088076    -0.056258   -0.000115   -0.000002  
 
  34 f  =    4.545159 THz    28.558077 2PiTHz  151.610188 cm-1    18.797259 meV
             X         Y         Z           dx          dy          dz
      1.890298  1.890298  6.009756     0.000045    0.010523    0.000056  
      0.000000  0.000000  6.009756    -0.000032   -0.017278    0.000055  
      0.000000  1.890298  1.429213     0.000057   -0.021025   -0.000012  
      1.890298  0.000000 10.590299    -0.000060    0.021573   -0.000018  
      0.000000  1.890298  8.469623     0.000198   -0.071898    0.000026  
      1.890298  0.000000  3.549888    -0.000193    0.069810    0.000033  
      0.000000  1.890298 11.094227     0.000220   -0.076758   -0.000020  
      1.890298  0.000000  0.925284    -0.000225    0.085879   -0.000019  
      0.000000  1.890298  6.667606     0.000078   -0.028871    0.000028  
      1.890298  0.000000  5.351906    -0.000064    0.022907    0.000034  
      0.000000  0.000000  8.931436     0.000114   -0.056425    0.000002  
      1.890298  1.890298  8.931436     0.000156   -0.041459   -0.000001  
      1.890298  1.890298  3.088076    -0.000115    0.056179    0.000010  
      0.000000  0.000000  3.088076    -0.000154    0.041297    0.000006  
 
  35 f  =    4.204899 THz    26.420158 2PiTHz  140.260326 cm-1    17.390056 meV
             X         Y         Z           dx          dy          dz
      1.890298  1.890298  6.009756    -0.000007   -0.000001    0.000067  
      0.000000  0.000000  6.009756    -0.000007    0.000001    0.000066  
      0.000000  1.890298  1.429213     0.000003    0.000004    0.035459  
      1.890298  0.000000 10.590299     0.000004    0.000001   -0.035509  
      0.000000  1.890298  8.469623    -0.000005    0.000003   -0.060661  
      1.890298  0.000000  3.549888    -0.000004   -0.000006    0.060755  
      0.000000  1.890298 11.094227    -0.000006   -0.000007   -0.002464  
      1.890298  0.000000  0.925284    -0.000004   -0.000020    0.002413  
      0.000000  1.890298  6.667606    -0.000007    0.000001   -0.054904  
      1.890298  0.000000  5.351906    -0.000007   -0.000002    0.055004  
      0.000000  0.000000  8.931436    -0.000001    0.000001   -0.055950  
      1.890298  1.890298  8.931436    -0.000003    0.000003   -0.055951  
      1.890298  1.890298  3.088076     0.000002   -0.000006    0.055981  
      0.000000  0.000000  3.088076    -0.000001   -0.000002    0.055982  
 
  36 f  =    3.544356 THz    22.269846 2PiTHz  118.226995 cm-1    14.658273 meV
             X         Y         Z           dx          dy          dz
      1.890298  1.890298  6.009756    -0.077310   -0.000166   -0.000000  
      0.000000  0.000000  6.009756    -0.077371   -0.000167    0.000001  
      0.000000  1.890298  1.429213     0.037611    0.000080   -0.000003  
      1.890298  0.000000 10.590299     0.037764    0.000084    0.000002  
      0.000000  1.890298  8.469623    -0.040941   -0.000090    0.000006  
      1.890298  0.000000  3.549888    -0.041279   -0.000088   -0.000006  
      0.000000  1.890298 11.094227    -0.071413   -0.000162    0.000000  
      1.890298  0.000000  0.925284    -0.071876   -0.000157   -0.000001  
      0.000000  1.890298  6.667606    -0.073471   -0.000159    0.000006  
      1.890298  0.000000  5.351906    -0.073585   -0.000158   -0.000006  
      0.000000  0.000000  8.931436    -0.000618   -0.000058    0.000005  
      1.890298  1.890298  8.931436    -0.026327   -0.000001    0.000005  
      1.890298  1.890298  3.088076    -0.000850   -0.000057   -0.000005  
      0.000000  0.000000  3.088076    -0.026632   -0.000001   -0.000005  
 
  37 f  =    3.535158 THz    22.212051 2PiTHz  117.920171 cm-1    14.620231 meV
             X         Y         Z           dx          dy          dz
      1.890298  1.890298  6.009756     0.000168   -0.076424    0.000007  
      0.000000  0.000000  6.009756     0.000167   -0.076273   -0.000005  
      0.000000  1.890298  1.429213    -0.000082    0.037760   -0.000001  
      1.890298  0.000000 10.590299    -0.000082    0.037577    0.000000  
      0.000000  1.890298  8.469623     0.000093   -0.040435    0.000007  
      1.890298  0.000000  3.549888     0.000086   -0.041211   -0.000006  
      0.000000  1.890298 11.094227     0.000162   -0.072573   -0.000000  
      1.890298  0.000000  0.925284     0.000154   -0.074482   -0.000000  
      0.000000  1.890298  6.667606     0.000161   -0.072536    0.000006  
      1.890298  0.000000  5.351906     0.000158   -0.072815   -0.000005  
      0.000000  0.000000  8.931436     0.000005   -0.026094   -0.000004  
      1.890298  1.890298  8.931436     0.000061   -0.000354    0.000010  
      1.890298  1.890298  3.088076    -0.000001   -0.026859   -0.000005  
      0.000000  0.000000  3.088076     0.000055   -0.000954   -0.000001  
 
  38 f  =    2.164513 THz    13.600035 2PiTHz   72.200373 cm-1     8.951701 meV
             X         Y         Z           dx          dy          dz
      1.890298  1.890298  6.009756    -0.004960   -0.000031   -0.000002  
      0.000000  0.000000  6.009756     0.004810    0.000025   -0.000001  
      0.000000  1.890298  1.429213     0.053772   -0.000309    0.000001  
      1.890298  0.000000 10.590299    -0.053592    0.000310    0.000001  
      0.000000  1.890298  8.469623    -0.032039    0.000182   -0.000001  
      1.890298  0.000000  3.549888     0.031953   -0.000184   -0.000001  
      0.000000  1.890298 11.094227     0.008855   -0.000056   -0.000000  
      1.890298  0.000000  0.925284    -0.009330    0.000056    0.000000  
      0.000000  1.890298  6.667606    -0.009240    0.000050   -0.000001  
      1.890298  0.000000  5.351906     0.009096   -0.000055   -0.000001  
      0.000000  0.000000  8.931436    -0.043679    0.000187    0.000000  
      1.890298  1.890298  8.931436    -0.032931    0.000249   -0.000001  
      1.890298  1.890298  3.088076     0.043698   -0.000189    0.000001  
      0.000000  0.000000  3.088076     0.032861   -0.000251   -0.000000  
 
  39 f  =    2.159460 THz    13.568288 2PiTHz   72.031836 cm-1     8.930805 meV
             X         Y         Z           dx          dy          dz
      1.890298  1.890298  6.009756     0.000031   -0.004821   -0.000012  
      0.000000  0.000000  6.009756    -0.000025    0.004918   -0.000012  
      0.000000  1.890298  1.429213    -0.000309   -0.053706    0.000002  
      1.890298  0.000000 10.590299     0.000310    0.053708    0.000002  
      0.000000  1.890298  8.469623     0.000187    0.031946   -0.000003  
      1.890298  0.000000  3.549888    -0.000181   -0.031880   -0.000002  
      0.000000  1.890298 11.094227    -0.000047   -0.009240    0.000003  
      1.890298  0.000000  0.925284     0.000057    0.009339    0.000004  
      0.000000  1.890298  6.667606     0.000056    0.009184   -0.000004  
      1.890298  0.000000  5.351906    -0.000049   -0.009094   -0.000003  
      0.000000  0.000000  8.931436     0.000253    0.032844   -0.000001  
      1.890298  1.890298  8.931436     0.000192    0.043645    0.000001  
      1.890298  1.890298  3.088076    -0.000250   -0.032790   -0.000001  
      0.000000  0.000000  3.088076    -0.000187   -0.043614    0.000002  
 
  40 fi =    0.012518 THz     0.078650 2PiTHz    0.417539 cm-1     0.051768 meV
             X         Y         Z           dx          dy          dz
      1.890298  1.890298  6.009756     0.043931    0.000068   -0.000058  
      0.000000  0.000000  6.009756     0.043928    0.000068   -0.000058  
      0.000000  1.890298  1.429213     0.044138    0.000070   -0.000058  
      1.890298  0.000000 10.590299     0.044175    0.000065   -0.000058  
      0.000000  1.890298  8.469623     0.043966    0.000067   -0.000058  
      1.890298  0.000000  3.549888     0.043935    0.000069   -0.000058  
      0.000000  1.890298 11.094227     0.043680    0.000068   -0.000057  
      1.890298  0.000000  0.925284     0.043720    0.000068   -0.000058  
      0.000000  1.890298  6.667606     0.043870    0.000067   -0.000058  
      1.890298  0.000000  5.351906     0.043862    0.000068   -0.000058  
      0.000000  0.000000  8.931436     0.044015    0.000067   -0.000058  
      1.890298  1.890298  8.931436     0.043941    0.000066   -0.000058  
      1.890298  1.890298  3.088076     0.043940    0.000069   -0.000058  
      0.000000  0.000000  3.088076     0.043910    0.000069   -0.000058  
 
  41 fi =    0.016276 THz     0.102265 2PiTHz    0.542908 cm-1     0.067312 meV
             X         Y         Z           dx          dy          dz
      1.890298  1.890298  6.009756    -0.000067    0.043740    0.000108  
      0.000000  0.000000  6.009756    -0.000067    0.043721    0.000114  
      0.000000  1.890298  1.429213    -0.000067    0.044161    0.000110  
      1.890298  0.000000 10.590299    -0.000068    0.044147    0.000111  
      0.000000  1.890298  8.469623    -0.000067    0.043851    0.000110  
      1.890298  0.000000  3.549888    -0.000067    0.043961    0.000112  
      0.000000  1.890298 11.094227    -0.000068    0.043898    0.000111  
      1.890298  0.000000  0.925284    -0.000068    0.044328    0.000111  
      0.000000  1.890298  6.667606    -0.000067    0.043691    0.000111  
      1.890298  0.000000  5.351906    -0.000067    0.043730    0.000112  
      0.000000  0.000000  8.931436    -0.000068    0.043860    0.000115  
      1.890298  1.890298  8.931436    -0.000067    0.043887    0.000110  
      1.890298  1.890298  3.088076    -0.000067    0.043997    0.000107  
      0.000000  0.000000  3.088076    -0.000067    0.044014    0.000112  
 
  42 fi =    0.021697 THz     0.136329 2PiTHz    0.723749 cm-1     0.089733 meV
             X         Y         Z           dx          dy          dz
      1.890298  1.890298  6.009756    -0.000058    0.000110   -0.044401  
      0.000000  0.000000  6.009756    -0.000058    0.000110   -0.044401  
      0.000000  1.890298  1.429213    -0.000058    0.000111   -0.043889  
      1.890298  0.000000 10.590299    -0.000058    0.000111   -0.043895  
      0.000000  1.890298  8.469623    -0.000058    0.000110   -0.044284  
      1.890298  0.000000  3.549888    -0.000058    0.000111   -0.044288  
      0.000000  1.890298 11.094227    -0.000058    0.000110   -0.043942  
      1.890298  0.000000  0.925284    -0.000057    0.000112   -0.043924  
      0.000000  1.890298  6.667606    -0.000058    0.000110   -0.044327  
      1.890298  0.000000  5.351906    -0.000058    0.000110   -0.044330  
      0.000000  0.000000  8.931436    -0.000058    0.000111   -0.044141  
      1.890298  1.890298  8.931436    -0.000058    0.000111   -0.044141  
      1.890298  1.890298  3.088076    -0.000058    0.000110   -0.044144  
      0.000000  0.000000  3.088076    -0.000058    0.000110   -0.044145  
 
