001 1103.973194 .01045117736108624900
002 1075.216985 .000003027430734565
003 1069.125771 1.22956030262516000000
004 1007.085481 .000000205635331030
005 1004.174617 1.60341330805831290000
006 999.069415 .68046662123676762400
007 990.160013 .000043491518707625
008 982.010552 .000006808437620221
009 980.888027 .29616085423976
010 980.060132 .00243246879686302500
011 975.308291 .0000426949534226
012 965.909294 .000012621513348549
013 962.306748 .000000365863891854
014 951.970428 1.99898262309795240000
015 947.894574 .000001099533482914
016 940.692887 2.69655809485823850000
017 874.603086 .01132763386026000000
018 872.009577 .00000001520896872516
019 735.588354 1.14639849001796322100
020 734.090840 .00000298548869483885
021 623.587137 .000000214730736522
022 609.500699 .12065441396672490000
023 607.555303 .000000193937199342
024 606.866418 .58524795022534450000
025 606.343834 .000000579100108299
026 598.780404 2.26928489275748010000
027 595.605213 .20510754745768840000
028 581.124846 .00000010170064447496
029 568.428677 .0448178507766596
030 566.547760 .00000081210239343416
031 558.387696 .00000091075262235800
032 557.381838 .00070586805125000000
033 505.366560 .37477659630518860100
034 484.072623 .23597189153512360000
035 452.575492 .000004496124738776
036 442.580752 1.440272378426
037 440.715988 .04434141054770650000
038 439.411733 .55805606619677690000
039 435.130753 .01998938322721250000
040 434.175454 .000000103438866539
041 423.544803 .09050887002881000000
042 418.523449 .00000346263690267200
043 417.567918 .07871377114506000000
044 397.461234 .622432190420
045 395.003120 6.72546474627012410000
046 391.314106 .000005071332956312
047 388.550593 .000120108960822344
048 383.874922 .000015084289427980
049 359.441458 .000000423677096793
050 357.813873 .01237521323156640000
051 354.827255 .000000799275253930
052 342.734272 .00053612627230090000
053 334.037520 .00000044182786013861
054 333.037888 .428391503757
055 309.625481 2.01435571875381090000
056 309.023157 .00012400723650828900
057 304.620576 .0000229677568606
058 304.210350 .01371528931899690000
059 303.666621 .216788710435
060 301.231177 .34107352107553581600
061 295.980431 .00050555377774000000
062 287.616544 .000000225483293241
063 284.370286 .07326603859555220000
064 276.968267 .00000004867353070676
065 267.000949 2.350274271554
066 265.370565 .000000424759586517
067 265.192186 .00197888158158000000
068 262.832745 .16745718566719250000
069 243.263621 .00000130489655591954
070 238.691529 .53510102946470644900
071 236.360176 .00145857135404610000
072 234.825471 .000002284191383341
073 230.466811 .571897898213
074 226.807742 .00004581088168653121
075 226.679360 1.32342017886541808400
076 222.320068 .02008440323546340000
077 215.997148 2.203940528734
078 214.026793 .05058946631708023809
079 202.486869 .00963177245303610000
080 201.512011 .00000224356066888500
081 194.521416 .00000005196348942077
082 178.801602 .00000003560092496162
083 175.000222 .18279959916749
084 166.752847 .000001334940998693
085 160.531242 .00465137672048926100
086 157.789649 .01042807468521000000
087 157.481756 .01868957805005640000
088 154.986795 .00000005388011395589
089 135.578686 .00000002428615981881
090 132.749639 .00000008913854301604
091 129.750318 .00000002361579776781
092 104.058408 .04358155314176010000
093 98.414015 .00000015912651044900
094 0.465622 21.7529457337
095 0.493648 .0000410019909413
096 0.520168 .0000668157852958
