001 2985.869506 .000229772393262369
002 2859.891073 .06672280035000
003 2848.355093 1.473622636573
004 2848.048107 .415143090325
005 1208.737358 .0067014294582404
006 1142.265244 7.724213688624
007 1142.104644 4.290724040084
008 997.607698 .735274976334
009 997.551432 .07514308625349
010 915.783894 .369362732645
011 915.720083 36.7597733622
012 896.939798 .0050181895058034
013 578.746671 2.710503792491119924
014 540.728169 .018394777360438369
015 531.899572 1.671370041416
016 531.877240 .36653984489949
017 495.698364 .137077153742274641
018 480.698659 .22719935262636
019 480.673676 .05902103632824
020 469.351626 .990195564526
021 469.341161 .792496158350
022 467.985028 .1384831886583561
023 461.473443 .696415880963
024 461.467385 .784925787110
025 455.109854 .082644545135614601
026 438.420072 .35257679269625
027 438.418054 .593770924517
028 428.042171 .4690287146611624
029 424.989483 .353287501090
030 424.951234 .590735906029
031 394.419284 .047476163187753364
032 383.027734 .07231617555279005625
033 375.530810 .0715026448064004
034 348.999168 .00226590905378
035 348.981306 .041396478881
036 346.758742 .116257404184676004
037 332.858895 .21725793189940
038 332.825326 .0079883474681525
039 276.853552 1.604171148802
040 276.732236 .895046734434
041 259.503995 .043099707169210116
042 248.215332 .702979229597
043 248.205686 .233906460609
044 225.977780 .02961591158276
045 225.937533 .342663900629
046 209.887437 .887528713841
047 209.805249 .1798141587343809
048 177.698199 .0964241089289121
049 84.993141 .0019702620969525
050 15.466821 4.719593286261
051 15.148121 1.746246502554
