 ion    1
    1     2.31259    -0.00012    -0.00023
    2    -0.00009     2.63066     0.70909
    3     0.00049    -0.01256     0.22834
 ion    2
    1     2.49934    -0.09970     0.58301
    2    -0.10904     2.28228    -0.38583
    3    -0.01012     0.00923     0.23531
 ion    3
    1     2.49058     0.00025     0.00015
    2    -0.00004     2.58361     0.03377
    3    -0.00033    -0.00193     0.24711
 ion    4
    1     2.49990     0.09947    -0.58298
    2     0.10898     2.28244    -0.38561
    3     0.01170     0.00878     0.23509
 ion    5
    1     4.58349     1.24324     0.62903
    2     1.23752     3.17291     0.36320
    3     0.09777     0.05645     0.13969
 ion    6
    1     2.60649     0.00013    -0.00022
    2     0.00015     2.59753     0.00028
    3     0.00060    -0.00087     0.19493
 ion    7
    1     4.58337    -1.24338    -0.62930
    2    -1.23750     3.17269     0.36290
    3    -0.09794     0.05630     0.14014
 ion    8
    1     2.43287    -0.00005     0.00003
    2     0.00006     5.27159    -0.71894
    3    -0.00020    -0.11343     0.13863
 ion    9
    1    -1.39668    -0.59707    -0.77261
    2    -0.59712    -0.81053    -0.36654
    3     0.04879     0.02799    -0.05845
 ion   10
    1    -2.20189    -0.00025     0.00042
    2     0.00014    -2.10734    -0.04841
    3     0.00044     0.00231     0.02752
 ion   11
    1    -1.39663     0.59686     0.77224
    2     0.59698    -0.81030    -0.36654
    3    -0.04813     0.02617    -0.05626
 ion   12
    1    -0.29485     0.00010    -0.00004
    2     0.00002    -1.60908     0.83275
    3     0.00092    -0.05718    -0.08231
 ion   13
    1    -1.13270    -0.37887    -0.05718
    2    -0.37215    -1.37441    -0.10114
    3     0.08575    -0.05190    -0.15410
 ion   14
    1    -1.82964     0.00018    -0.00040
    2    -0.00015    -1.13727     0.10318
    3    -0.00037     0.09442    -0.13742
 ion   15
    1    -1.13332     0.37889     0.05732
    2     0.37216    -1.37410    -0.10165
    3    -0.08622    -0.04930    -0.15291
 ion   16
    1    -0.64211     0.00009     0.00066
    2    -0.00001    -0.79575     0.15713
    3     0.00011     0.00481    -0.23237
 ion   17
    1    -1.18572    -0.74693     0.08182
    2    -0.74555    -2.05979    -0.09483
    3     0.04669    -0.02615    -0.11143
 ion   18
    1    -2.47667     0.00085     0.00031
    2    -0.00007    -0.77069     0.14826
    3    -0.00059     0.05363    -0.10879
 ion   19
    1    -1.18606     0.74706    -0.08162
    2     0.74534    -2.06001    -0.09485
    3    -0.04642    -0.02631    -0.10946
 ion   20
    1    -2.33997     0.00022     0.00019
    2    -0.00029    -2.33750     0.04087
    3     0.00028    -0.00018    -0.01822
 ion   21
    1    -2.96360    -0.00060    -0.00050
    2     0.00007    -0.82589     0.23326
    3     0.00011    -0.01206    -0.49960
 ion   22
    1    -1.35939    -0.92546     0.19181
    2    -0.92575    -2.41762    -0.12182
    3    -0.01107     0.00528    -0.49772
 ion   23
    1    -2.23472    -0.00046     0.00013
    2     0.00035    -2.22749     0.01076
    3    -0.00086     0.00003    -0.21751
 ion   24
    1    -1.35903     0.92558    -0.19225
    2     0.92568    -2.41751    -0.12191
    3     0.00989     0.00578    -0.49963
 ion   25
    1     0.21244    -0.07120     0.12284
    2    -0.07074     0.27694     0.05513
    3     0.01252     0.00664    -0.09448
 ion   26
    1     0.10586     0.00003    -0.00001
    2     0.00002     0.11960     0.01262
    3    -0.00016     0.00065    -0.09978
 ion   27
    1     0.21243     0.07122    -0.12278
    2     0.07080     0.27694     0.05511
    3    -0.01279     0.00668    -0.09457
 ion   28
    1     0.33868    -0.00000     0.00002
    2     0.00003     0.19009    -0.12766
    3    -0.00013    -0.01352    -0.09078
 ion   29
    1    -0.01697    -0.20763     0.10736
    2    -0.19328    -0.23883     0.06195
    3     0.03673    -0.02207     0.17601
 ion   30
    1    -0.38999    -0.00007     0.00001
    2     0.00005     0.09926    -0.05163
    3    -0.00027     0.04372     0.16310
 ion   31
    1    -0.01701     0.20763    -0.10735
    2     0.19336    -0.23878     0.06217
    3    -0.03695    -0.02171     0.17535
 ion   32
    1     0.04767     0.00004     0.00007
    2     0.00001     0.03516    -0.15765
    3    -0.00014     0.00035     0.19817
 ion   33
    1     0.63124    -0.00005     0.00005
    2     0.00005     0.62122     0.00260
    3    -0.00010    -0.00005     1.01642
