 Eigenvectors and eigenvalues of the dynamical matrix
 ----------------------------------------------------
 
 
   1 f  =   25.309596 THz   159.024881 2PiTHz  844.237248 cm-1   104.672031 meV
             X         Y         Z           dx          dy          dz
      2.531008  1.896458 -0.000000    -0.000000   -0.000000   -0.012743  
      5.085732  0.882910  4.808070     0.000000   -0.000000   -0.012756  
      2.513782  1.846012  3.242649    -0.005434    0.007654   -0.010923  
      2.513782  4.625381  1.565421     0.005434   -0.007655   -0.010923  
      5.068506  0.933356  1.565421     0.005421    0.007647   -0.010904  
      5.068506 -1.846012  3.242649    -0.005421   -0.007648   -0.010903  
      0.618988  1.937502  3.042042    -0.008716   -0.015614   -0.028919  
      0.618988 -0.841866  1.766028     0.008713    0.015626   -0.028921  
      3.173713  0.841866  1.766028     0.008740   -0.015669   -0.028970  
      3.173713  3.621235  3.042042    -0.008738    0.015681   -0.028973  
      0.507745  1.700102 -0.000000    -0.000000   -0.000001    0.176419  
      3.062469  1.079266  4.808070     0.000000   -0.000001    0.176716  
 
   2 f  =   25.240940 THz   158.593504 2PiTHz  841.947135 cm-1   104.388094 meV
             X         Y         Z           dx          dy          dz
      2.531008  1.896458 -0.000000     0.000001    0.000001   -0.007505  
      5.085732  0.882910  4.808070    -0.000000    0.000000    0.007480  
      2.513782  1.846012  3.242649     0.007374   -0.003881    0.012137  
      2.513782  4.625381  1.565421    -0.007373    0.003882    0.012137  
      5.068506  0.933356  1.565421     0.007383    0.003894   -0.012157  
      5.068506 -1.846012  3.242649    -0.007383   -0.003895   -0.012156  
      0.618988  1.937502  3.042042    -0.009201   -0.030853   -0.024943  
      0.618988 -0.841866  1.766028     0.009203    0.030865   -0.024946  
      3.173713  0.841866  1.766028    -0.009196    0.030819    0.024892  
      3.173713  3.621235  3.042042     0.009193   -0.030833    0.024899  
      0.507745  1.700102 -0.000000    -0.000001   -0.000002    0.173710  
      3.062469  1.079266  4.808070    -0.000001    0.000002   -0.173405  
 
   3 f  =   22.516082 THz   141.472717 2PiTHz  751.055659 cm-1    93.118992 meV
             X         Y         Z           dx          dy          dz
      2.531008  1.896458 -0.000000     0.000005    0.000002   -0.000518  
      5.085732  0.882910  4.808070    -0.000005    0.000002   -0.000519  
      2.513782  1.846012  3.242649     0.008828    0.003330   -0.008181  
      2.513782  4.625381  1.565421    -0.008837   -0.003324   -0.008167  
      5.068506  0.933356  1.565421    -0.008828    0.003335   -0.008186  
      5.068506 -1.846012  3.242649     0.008836   -0.003330   -0.008171  
      0.618988  1.937502  3.042042    -0.055240    0.112889    0.032013  
      0.618988 -0.841866  1.766028     0.055478   -0.112907    0.031935  
      3.173713  0.841866  1.766028     0.055216    0.112830    0.032001  
      3.173713  3.621235  3.042042    -0.055454   -0.112853    0.031926  
      0.507745  1.700102 -0.000000     0.000012   -0.000013    0.021091  
      3.062469  1.079266  4.808070    -0.000012   -0.000013    0.021063  
 
   4 f  =   22.441090 THz   141.001524 2PiTHz  748.554175 cm-1    92.808847 meV
             X         Y         Z           dx          dy          dz
      2.531008  1.896458 -0.000000     0.003064   -0.002628    0.000001  
      5.085732  0.882910  4.808070    -0.003064   -0.002629   -0.000000  
      2.513782  1.846012  3.242649    -0.005405    0.000979   -0.008107  
      2.513782  4.625381  1.565421    -0.005386    0.000987    0.008123  
      5.068506  0.933356  1.565421     0.005404    0.000980   -0.008109  
      5.068506 -1.846012  3.242649     0.005387    0.000986    0.008122  
      0.618988  1.937502  3.042042     0.122945    0.001419    0.045808  
      0.618988 -0.841866  1.766028     0.122819    0.001617   -0.045855  
      3.173713  0.841866  1.766028    -0.122935    0.001407    0.045800  
      3.173713  3.621235  3.042042    -0.122827    0.001630   -0.045865  
      0.507745  1.700102 -0.000000     0.012544   -0.012115   -0.000016  
      3.062469  1.079266  4.808070    -0.012545   -0.012115   -0.000020  
 
   5 f  =   22.038083 THz   138.469359 2PiTHz  735.111320 cm-1    91.142147 meV
             X         Y         Z           dx          dy          dz
      2.531008  1.896458 -0.000000     0.000001   -0.000001   -0.006738  
      5.085732  0.882910  4.808070     0.000002    0.000002    0.006732  
      2.513782  1.846012  3.242649     0.007240    0.006188   -0.012596  
      2.513782  4.625381  1.565421    -0.007242   -0.006182   -0.012598  
      5.068506  0.933356  1.565421     0.007239   -0.006185    0.012590  
      5.068506 -1.846012  3.242649    -0.007240    0.006182    0.012593  
      0.618988  1.937502  3.042042    -0.045245   -0.097063   -0.061891  
      0.618988 -0.841866  1.766028     0.045277    0.097100   -0.061931  
      3.173713  0.841866  1.766028    -0.045264    0.097100    0.061911  
      3.173713  3.621235  3.042042     0.045258   -0.097152    0.061949  
      0.507745  1.700102 -0.000000    -0.000003   -0.000009   -0.049817  
      3.062469  1.079266  4.808070    -0.000007    0.000012    0.049841  
 
   6 f  =   21.637836 THz   135.954530 2PiTHz  721.760504 cm-1    89.486857 meV
             X         Y         Z           dx          dy          dz
      2.531008  1.896458 -0.000000    -0.003959    0.004810   -0.000003  
      5.085732  0.882910  4.808070    -0.003959   -0.004809    0.000002  
      2.513782  1.846012  3.242649     0.004054   -0.009916   -0.007384  
      2.513782  4.625381  1.565421     0.004046   -0.009915    0.007379  
      5.068506  0.933356  1.565421     0.004053    0.009916    0.007385  
      5.068506 -1.846012  3.242649     0.004046    0.009914   -0.007380  
      0.618988  1.937502  3.042042    -0.030387   -0.086542   -0.084908  
      0.618988 -0.841866  1.766028    -0.030315   -0.086521    0.084868  
      3.173713  0.841866  1.766028    -0.030384    0.086545    0.084907  
      3.173713  3.621235  3.042042    -0.030317    0.086520   -0.084867  
      0.507745  1.700102 -0.000000     0.020380    0.047908   -0.000004  
      3.062469  1.079266  4.808070     0.020379   -0.047903    0.000004  
 
   7 f  =   20.891723 THz   131.266565 2PiTHz  696.872856 cm-1    86.401184 meV
             X         Y         Z           dx          dy          dz
      2.531008  1.896458 -0.000000    -0.000001    0.000001   -0.000291  
      5.085732  0.882910  4.808070     0.000000   -0.000004    0.000298  
      2.513782  1.846012  3.242649    -0.007737    0.009853    0.001275  
      2.513782  4.625381  1.565421     0.007741   -0.009846    0.001273  
      5.068506  0.933356  1.565421    -0.007742   -0.009843   -0.001272  
      5.068506 -1.846012  3.242649     0.007745    0.009857   -0.001282  
      0.618988  1.937502  3.042042     0.111334   -0.065087    0.019988  
      0.618988 -0.841866  1.766028    -0.111344    0.064996    0.020072  
      3.173713  0.841866  1.766028     0.111347    0.065056   -0.020018  
      3.173713  3.621235  3.042042    -0.111388   -0.065098   -0.020013  
      0.507745  1.700102 -0.000000     0.000012    0.000025   -0.000801  
      3.062469  1.079266  4.808070     0.000001   -0.000000    0.000798  
 
   8 f  =   20.760695 THz   130.443297 2PiTHz  692.502260 cm-1    85.859299 meV
             X         Y         Z           dx          dy          dz
      2.531008  1.896458 -0.000000     0.001655    0.006360    0.000001  
      5.085732  0.882910  4.808070    -0.001657    0.006361    0.000000  
      2.513782  1.846012  3.242649     0.000344   -0.016730   -0.008163  
      2.513782  4.625381  1.565421     0.000345   -0.016736    0.008162  
      5.068506  0.933356  1.565421    -0.000350   -0.016736   -0.008163  
      5.068506 -1.846012  3.242649    -0.000342   -0.016729    0.008162  
      0.618988  1.937502  3.042042    -0.028933    0.101054    0.066540  
      0.618988 -0.841866  1.766028    -0.028997    0.101081   -0.066522  
      3.173713  0.841866  1.766028     0.029010    0.101110    0.066531  
      3.173713  3.621235  3.042042     0.028936    0.101035   -0.066528  
      0.507745  1.700102 -0.000000    -0.012511   -0.031292   -0.000005  
      3.062469  1.079266  4.808070     0.012509   -0.031294   -0.000004  
 
   9 f  =   20.358301 THz   127.914981 2PiTHz  679.079841 cm-1    84.195132 meV
             X         Y         Z           dx          dy          dz
      2.531008  1.896458 -0.000000     0.000001   -0.000001    0.012330  
      5.085732  0.882910  4.808070    -0.000000   -0.000001    0.012335  
      2.513782  1.846012  3.242649     0.007687    0.004799    0.014073  
      2.513782  4.625381  1.565421    -0.007688   -0.004799    0.014074  
      5.068506  0.933356  1.565421    -0.007684    0.004797    0.014074  
      5.068506 -1.846012  3.242649     0.007685   -0.004797    0.014075  
      0.618988  1.937502  3.042042    -0.105873   -0.030330   -0.062358  
      0.618988 -0.841866  1.766028     0.105887    0.030335   -0.062365  
      3.173713  0.841866  1.766028     0.105858   -0.030315   -0.062350  
      3.173713  3.621235  3.042042    -0.105869    0.030320   -0.062355  
      0.507745  1.700102 -0.000000    -0.000002   -0.000002   -0.026587  
      3.062469  1.079266  4.808070     0.000001   -0.000001   -0.026585  
 
  10 f  =   19.455623 THz   122.243288 2PiTHz  648.969744 cm-1    80.461957 meV
             X         Y         Z           dx          dy          dz
      2.531008  1.896458 -0.000000     0.002195    0.013010    0.000002  
      5.085732  0.882910  4.808070     0.002196   -0.013009   -0.000001  
      2.513782  1.846012  3.242649     0.018441    0.007865   -0.001584  
      2.513782  4.625381  1.565421     0.018441    0.007867    0.001583  
      5.068506  0.933356  1.565421     0.018441   -0.007867    0.001583  
      5.068506 -1.846012  3.242649     0.018441   -0.007868   -0.001582  
      0.618988  1.937502  3.042042    -0.107471    0.059803   -0.018272  
      0.618988 -0.841866  1.766028    -0.107456    0.059792    0.018270  
      3.173713  0.841866  1.766028    -0.107469   -0.059795    0.018276  
      3.173713  3.621235  3.042042    -0.107457   -0.059782   -0.018277  
      0.507745  1.700102 -0.000000     0.022742    0.003111   -0.000003  
      3.062469  1.079266  4.808070     0.022740   -0.003110    0.000003  
 
  11 f  =   18.200176 THz   114.355079 2PiTHz  607.092528 cm-1    75.269847 meV
             X         Y         Z           dx          dy          dz
      2.531008  1.896458 -0.000000    -0.054179   -0.067606    0.000000  
      5.085732  0.882910  4.808070     0.054185   -0.067601   -0.000001  
      2.513782  1.846012  3.242649     0.007811   -0.013692    0.014454  
      2.513782  4.625381  1.565421     0.007809   -0.013692   -0.014455  
      5.068506  0.933356  1.565421    -0.007810   -0.013690    0.014451  
      5.068506 -1.846012  3.242649    -0.007808   -0.013691   -0.014452  
      0.618988  1.937502  3.042042     0.007033    0.021412    0.003039  
      0.618988 -0.841866  1.766028     0.007041    0.021404   -0.003035  
      3.173713  0.841866  1.766028    -0.007034    0.021412    0.003039  
      3.173713  3.621235  3.042042    -0.007037    0.021410   -0.003036  
      0.507745  1.700102 -0.000000     0.101226    0.128291    0.000000  
      3.062469  1.079266  4.808070    -0.101241    0.128312   -0.000000  
 
  12 f  =   18.135082 THz   113.946080 2PiTHz  604.921217 cm-1    75.000638 meV
             X         Y         Z           dx          dy          dz
      2.531008  1.896458 -0.000000     0.026113   -0.029279   -0.000001  
      5.085732  0.882910  4.808070     0.026106    0.029286    0.000002  
      2.513782  1.846012  3.242649     0.011171   -0.015058    0.018719  
      2.513782  4.625381  1.565421     0.011171   -0.015059   -0.018719  
      5.068506  0.933356  1.565421     0.011172    0.015060   -0.018722  
      5.068506 -1.846012  3.242649     0.011172    0.015061    0.018721  
      0.618988  1.937502  3.042042    -0.019620   -0.023379   -0.014487  
      0.618988 -0.841866  1.766028    -0.019623   -0.023377    0.014488  
      3.173713  0.841866  1.766028    -0.019618    0.023377    0.014487  
      3.173713  3.621235  3.042042    -0.019621    0.023374   -0.014488  
      0.507745  1.700102 -0.000000    -0.087866   -0.133303   -0.000000  
      3.062469  1.079266  4.808070    -0.087851    0.133284    0.000001  
 
  13 f  =   14.736828 THz    92.594223 2PiTHz  491.567681 cm-1    60.946597 meV
             X         Y         Z           dx          dy          dz
      2.531008  1.896458 -0.000000     0.131410    0.235955   -0.000001  
      5.085732  0.882910  4.808070     0.131357   -0.235851   -0.000001  
      2.513782  1.846012  3.242649    -0.000375   -0.003410    0.002841  
      2.513782  4.625381  1.565421    -0.000375   -0.003410   -0.002841  
      5.068506  0.933356  1.565421    -0.000381    0.003406   -0.002835  
      5.068506 -1.846012  3.242649    -0.000380    0.003405    0.002835  
      0.618988  1.937502  3.042042     0.001747    0.004118   -0.000373  
      0.618988 -0.841866  1.766028     0.001748    0.004117    0.000374  
      3.173713  0.841866  1.766028     0.001743   -0.004113    0.000365  
      3.173713  3.621235  3.042042     0.001744   -0.004113   -0.000366  
      0.507745  1.700102 -0.000000    -0.056024    0.031647   -0.000000  
      3.062469  1.079266  4.808070    -0.056054   -0.031655    0.000000  
 
  14 f  =   14.603158 THz    91.754349 2PiTHz  487.108928 cm-1    60.393783 meV
             X         Y         Z           dx          dy          dz
      2.531008  1.896458 -0.000000     0.128295    0.210130   -0.000005  
      5.085732  0.882910  4.808070    -0.128357    0.210244    0.000002  
      2.513782  1.846012  3.242649     0.011832   -0.009126    0.012907  
      2.513782  4.625381  1.565421     0.011833   -0.009126   -0.012906  
      5.068506  0.933356  1.565421    -0.011832   -0.009129    0.012908  
      5.068506 -1.846012  3.242649    -0.011832   -0.009127   -0.012906  
      0.618988  1.937502  3.042042     0.010375    0.010586   -0.018433  
      0.618988 -0.841866  1.766028     0.010371    0.010583    0.018422  
      3.173713  0.841866  1.766028    -0.010373    0.010583   -0.018427  
      3.173713  3.621235  3.042042    -0.010371    0.010586    0.018423  
      0.507745  1.700102 -0.000000     0.064918   -0.016809   -0.000001  
      3.062469  1.079266  4.808070    -0.064896   -0.016795    0.000000  
 
  15 f  =   13.720769 THz    86.210135 2PiTHz  457.675594 cm-1    56.744516 meV
             X         Y         Z           dx          dy          dz
      2.531008  1.896458 -0.000000    -0.221636    0.137771    0.000007  
      5.085732  0.882910  4.808070     0.221635    0.137782    0.000010  
      2.513782  1.846012  3.242649    -0.008322    0.001408   -0.002403  
      2.513782  4.625381  1.565421    -0.008321    0.001408    0.002406  
      5.068506  0.933356  1.565421     0.008322    0.001409   -0.002403  
      5.068506 -1.846012  3.242649     0.008321    0.001407    0.002405  
      0.618988  1.937502  3.042042    -0.014646   -0.024869    0.028582  
      0.618988 -0.841866  1.766028    -0.014652   -0.024875   -0.028596  
      3.173713  0.841866  1.766028     0.014646   -0.024869    0.028582  
      3.173713  3.621235  3.042042     0.014651   -0.024874   -0.028595  
      0.507745  1.700102 -0.000000     0.042114   -0.024077    0.000000  
      3.062469  1.079266  4.808070    -0.042116   -0.024078   -0.000000  
 
  16 f  =   13.154621 THz    82.652922 2PiTHz  438.790927 cm-1    54.403117 meV
             X         Y         Z           dx          dy          dz
      2.531008  1.896458 -0.000000     0.000074   -0.000042    0.135187  
      5.085732  0.882910  4.808070    -0.000074   -0.000043    0.135406  
      2.513782  1.846012  3.242649    -0.008924    0.011403    0.011553  
      2.513782  4.625381  1.565421     0.008987   -0.011379    0.011582  
      5.068506  0.933356  1.565421     0.008911    0.011421    0.011566  
      5.068506 -1.846012  3.242649    -0.008973   -0.011397    0.011595  
      0.618988  1.937502  3.042042     0.046088    0.053697   -0.084129  
      0.618988 -0.841866  1.766028    -0.046146   -0.053799   -0.084278  
      3.173713  0.841866  1.766028    -0.046028    0.053650   -0.084017  
      3.173713  3.621235  3.042042     0.046087   -0.053751   -0.084165  
      0.507745  1.700102 -0.000000     0.000042    0.000000   -0.009871  
      3.062469  1.079266  4.808070    -0.000042    0.000000   -0.009871  
 
  17 f  =   13.060949 THz    82.064364 2PiTHz  435.666368 cm-1    54.015721 meV
             X         Y         Z           dx          dy          dz
      2.531008  1.896458 -0.000000    -0.064752    0.026995    0.001143  
      5.085732  0.882910  4.808070     0.064741    0.026991   -0.000765  
      2.513782  1.846012  3.242649    -0.029279   -0.011284    0.015160  
      2.513782  4.625381  1.565421    -0.029388   -0.011471   -0.015016  
      5.068506  0.933356  1.565421     0.029402   -0.011451    0.015030  
      5.068506 -1.846012  3.242649     0.029266   -0.011304   -0.015143  
      0.618988  1.937502  3.042042     0.029318    0.052739   -0.075792  
      0.618988 -0.841866  1.766028     0.029736    0.053105    0.076717  
      3.173713  0.841866  1.766028    -0.029822    0.053205   -0.076869  
      3.173713  3.621235  3.042042    -0.029231    0.052636    0.075639  
      0.507745  1.700102 -0.000000    -0.044644    0.000597   -0.000002  
      3.062469  1.079266  4.808070     0.044645    0.000597   -0.000018  
 
  18 f  =   13.049349 THz    81.991481 2PiTHz  435.279445 cm-1    53.967749 meV
             X         Y         Z           dx          dy          dz
      2.531008  1.896458 -0.000000     0.000449   -0.000195    0.157099  
      5.085732  0.882910  4.808070    -0.000355   -0.000127   -0.156933  
      2.513782  1.846012  3.242649     0.010068    0.013387    0.010178  
      2.513782  4.625381  1.565421    -0.009706   -0.013243    0.010370  
      5.068506  0.933356  1.565421     0.009717   -0.013232   -0.010348  
      5.068506 -1.846012  3.242649    -0.010080    0.013368   -0.010167  
      0.618988  1.937502  3.042042    -0.040814   -0.037986    0.087095  
      0.618988 -0.841866  1.766028     0.040441    0.037322    0.086136  
      3.173713  0.841866  1.766028    -0.040516    0.037409   -0.086265  
      3.173713  3.621235  3.042042     0.040870   -0.038053   -0.087190  
      0.507745  1.700102 -0.000000     0.000265    0.000007    0.001365  
      3.062469  1.079266  4.808070    -0.000288   -0.000013   -0.001381  
 
  19 f  =   12.756220 THz    80.149697 2PiTHz  425.501712 cm-1    52.755465 meV
             X         Y         Z           dx          dy          dz
      2.531008  1.896458 -0.000000    -0.202281    0.146823    0.000054  
      5.085732  0.882910  4.808070    -0.202279   -0.146823   -0.000052  
      2.513782  1.846012  3.242649     0.000088   -0.007610    0.009234  
      2.513782  4.625381  1.565421     0.000084   -0.007615   -0.009231  
      5.068506  0.933356  1.565421     0.000086    0.007610   -0.009235  
      5.068506 -1.846012  3.242649     0.000082    0.007615    0.009232  
      0.618988  1.937502  3.042042     0.018379    0.017563   -0.027400  
      0.618988 -0.841866  1.766028     0.018396    0.017579    0.027435  
      3.173713  0.841866  1.766028     0.018380   -0.017566    0.027403  
      3.173713  3.621235  3.042042     0.018397   -0.017581   -0.027437  
      0.507745  1.700102 -0.000000     0.049254   -0.046516    0.000000  
      3.062469  1.079266  4.808070     0.049247    0.046514   -0.000000  
 
  20 f  =   12.363658 THz    77.683152 2PiTHz  412.407226 cm-1    51.131956 meV
             X         Y         Z           dx          dy          dz
      2.531008  1.896458 -0.000000    -0.000021   -0.000004   -0.248607  
      5.085732  0.882910  4.808070     0.000018   -0.000003   -0.248598  
      2.513782  1.846012  3.242649    -0.003976    0.003617    0.018109  
      2.513782  4.625381  1.565421     0.003967   -0.003621    0.018103  
      5.068506  0.933356  1.565421     0.003975    0.003617    0.018110  
      5.068506 -1.846012  3.242649    -0.003966   -0.003622    0.018105  
      0.618988  1.937502  3.042042     0.020462    0.028916   -0.038320  
      0.618988 -0.841866  1.766028    -0.020448   -0.028890   -0.038282  
      3.173713  0.841866  1.766028    -0.020454    0.028915   -0.038317  
      3.173713  3.621235  3.042042     0.020441   -0.028890   -0.038281  
      0.507745  1.700102 -0.000000    -0.000008   -0.000004   -0.004410  
      3.062469  1.079266  4.808070     0.000007   -0.000005   -0.004411  
 
  21 f  =   12.077016 THz    75.882130 2PiTHz  402.845893 cm-1    49.946503 meV
             X         Y         Z           dx          dy          dz
      2.531008  1.896458 -0.000000    -0.000012    0.000013   -0.235818  
      5.085732  0.882910  4.808070    -0.000022   -0.000016    0.235813  
      2.513782  1.846012  3.242649     0.008187    0.016133    0.014847  
      2.513782  4.625381  1.565421    -0.008182   -0.016133    0.014852  
      5.068506  0.933356  1.565421     0.008183   -0.016132   -0.014851  
      5.068506 -1.846012  3.242649    -0.008185    0.016135   -0.014849  
      0.618988  1.937502  3.042042    -0.022983   -0.015274    0.047621  
      0.618988 -0.841866  1.766028     0.022974    0.015260    0.047597  
      3.173713  0.841866  1.766028    -0.022982    0.015268   -0.047606  
      3.173713  3.621235  3.042042     0.022980   -0.015267   -0.047603  
      0.507745  1.700102 -0.000000     0.000008   -0.000002   -0.009205  
      3.062469  1.079266  4.808070     0.000005    0.000006    0.009204  
 
  22 f  =   10.970727 THz    68.931113 2PiTHz  365.944076 cm-1    45.371262 meV
             X         Y         Z           dx          dy          dz
      2.531008  1.896458 -0.000000     0.047289   -0.050424   -0.000017  
      5.085732  0.882910  4.808070     0.047292    0.050422    0.000020  
      2.513782  1.846012  3.242649    -0.007677    0.011363    0.008702  
      2.513782  4.625381  1.565421    -0.007677    0.011361   -0.008700  
      5.068506  0.933356  1.565421    -0.007677   -0.011362   -0.008702  
      5.068506 -1.846012  3.242649    -0.007678   -0.011362    0.008701  
      0.618988  1.937502  3.042042     0.044031    0.062997   -0.095478  
      0.618988 -0.841866  1.766028     0.044039    0.062999    0.095492  
      3.173713  0.841866  1.766028     0.044032   -0.062998    0.095480  
      3.173713  3.621235  3.042042     0.044040   -0.062999   -0.095494  
      0.507745  1.700102 -0.000000    -0.028887    0.006161   -0.000002  
      3.062469  1.079266  4.808070    -0.028879   -0.006157    0.000002  
 
  23 f  =   10.110678 THz    63.527262 2PiTHz  337.255908 cm-1    41.814385 meV
             X         Y         Z           dx          dy          dz
      2.531008  1.896458 -0.000000     0.052203    0.089973   -0.000008  
      5.085732  0.882910  4.808070    -0.052209    0.089970   -0.000012  
      2.513782  1.846012  3.242649    -0.018833   -0.008057    0.006494  
      2.513782  4.625381  1.565421    -0.018835   -0.008057   -0.006492  
      5.068506  0.933356  1.565421     0.018833   -0.008056    0.006493  
      5.068506 -1.846012  3.242649     0.018834   -0.008056   -0.006491  
      0.618988  1.937502  3.042042    -0.009996   -0.030209    0.049826  
      0.618988 -0.841866  1.766028    -0.010002   -0.030216   -0.049838  
      3.173713  0.841866  1.766028     0.009996   -0.030209    0.049826  
      3.173713  3.621235  3.042042     0.010000   -0.030213   -0.049832  
      0.507745  1.700102 -0.000000    -0.090417    0.105388    0.000001  
      3.062469  1.079266  4.808070     0.090420    0.105389    0.000002  
 
  24 f  =    9.601170 THz    60.325929 2PiTHz  320.260554 cm-1    39.707230 meV
             X         Y         Z           dx          dy          dz
      2.531008  1.896458 -0.000000     0.096076    0.022456   -0.000000  
      5.085732  0.882910  4.808070     0.096066   -0.022451   -0.000002  
      2.513782  1.846012  3.242649    -0.012093   -0.010561   -0.035848  
      2.513782  4.625381  1.565421    -0.012092   -0.010563    0.035848  
      5.068506  0.933356  1.565421    -0.012086    0.010564    0.035847  
      5.068506 -1.846012  3.242649    -0.012088    0.010560   -0.035846  
      0.618988  1.937502  3.042042     0.005013    0.012871   -0.014257  
      0.618988 -0.841866  1.766028     0.005011    0.012869    0.014256  
      3.173713  0.841866  1.766028     0.005014   -0.012870    0.014257  
      3.173713  3.621235  3.042042     0.005013   -0.012868   -0.014254  
      0.507745  1.700102 -0.000000     0.074144   -0.096145   -0.000001  
      3.062469  1.079266  4.808070     0.074135    0.096145   -0.000000  
 
  25 f  =    9.338989 THz    58.678597 2PiTHz  311.515131 cm-1    38.622936 meV
             X         Y         Z           dx          dy          dz
      2.531008  1.896458 -0.000000     0.000004    0.000004   -0.010613  
      5.085732  0.882910  4.808070    -0.000007    0.000005   -0.010614  
      2.513782  1.846012  3.242649    -0.014431    0.054311   -0.003042  
      2.513782  4.625381  1.565421     0.014426   -0.054314   -0.003041  
      5.068506  0.933356  1.565421     0.014434    0.054307   -0.003043  
      5.068506 -1.846012  3.242649    -0.014428   -0.054309   -0.003036  
      0.618988  1.937502  3.042042    -0.006068   -0.012860    0.030170  
      0.618988 -0.841866  1.766028     0.006065    0.012860    0.030170  
      3.173713  0.841866  1.766028     0.006070   -0.012860    0.030168  
      3.173713  3.621235  3.042042    -0.006070    0.012863    0.030173  
      0.507745  1.700102 -0.000000     0.000004    0.000004   -0.024274  
      3.062469  1.079266  4.808070    -0.000005   -0.000002   -0.024275  
 
  26 f  =    8.944514 THz    56.200038 2PiTHz  298.356869 cm-1    36.991521 meV
             X         Y         Z           dx          dy          dz
      2.531008  1.896458 -0.000000     0.100815   -0.005313    0.000003  
      5.085732  0.882910  4.808070     0.100812    0.005311   -0.000002  
      2.513782  1.846012  3.242649    -0.012965   -0.005488    0.039761  
      2.513782  4.625381  1.565421    -0.012969   -0.005493   -0.039761  
      5.068506  0.933356  1.565421    -0.012964    0.005487   -0.039760  
      5.068506 -1.846012  3.242649    -0.012966    0.005495    0.039761  
      0.618988  1.937502  3.042042    -0.010145   -0.008398    0.004832  
      0.618988 -0.841866  1.766028    -0.010146   -0.008400   -0.004837  
      3.173713  0.841866  1.766028    -0.010144    0.008398   -0.004832  
      3.173713  3.621235  3.042042    -0.010144    0.008399    0.004835  
      0.507745  1.700102 -0.000000     0.111550   -0.006578    0.000001  
      3.062469  1.079266  4.808070     0.111542    0.006573   -0.000000  
 
  27 f  =    8.806917 THz    55.335489 2PiTHz  293.767116 cm-1    36.422464 meV
             X         Y         Z           dx          dy          dz
      2.531008  1.896458 -0.000000    -0.084500    0.047317    0.000004  
      5.085732  0.882910  4.808070     0.084512    0.047315   -0.000001  
      2.513782  1.846012  3.242649     0.042957   -0.007314   -0.005326  
      2.513782  4.625381  1.565421     0.042960   -0.007321    0.005324  
      5.068506  0.933356  1.565421    -0.042958   -0.007316   -0.005324  
      5.068506 -1.846012  3.242649    -0.042962   -0.007315    0.005323  
      0.618988  1.937502  3.042042     0.023500    0.011513   -0.022724  
      0.618988 -0.841866  1.766028     0.023503    0.011513    0.022726  
      3.173713  0.841866  1.766028    -0.023501    0.011510   -0.022721  
      3.173713  3.621235  3.042042    -0.023505    0.011518    0.022731  
      0.507745  1.700102 -0.000000    -0.090688    0.032593   -0.000001  
      3.062469  1.079266  4.808070     0.090704    0.032603   -0.000001  
 
  28 f  =    7.861225 THz    49.393532 2PiTHz  262.222233 cm-1    32.511399 meV
             X         Y         Z           dx          dy          dz
      2.531008  1.896458 -0.000000     0.000063    0.000114    0.038591  
      5.085732  0.882910  4.808070    -0.000072    0.000114   -0.038589  
      2.513782  1.846012  3.242649     0.017850    0.048901    0.000059  
      2.513782  4.625381  1.565421    -0.017904   -0.048938    0.000356  
      5.068506  0.933356  1.565421     0.017905   -0.048946   -0.000351  
      5.068506 -1.846012  3.242649    -0.017849    0.048902   -0.000064  
      0.618988  1.937502  3.042042     0.014468    0.039568   -0.040857  
      0.618988 -0.841866  1.766028    -0.014493   -0.039543   -0.040647  
      3.173713  0.841866  1.766028     0.014493   -0.039544    0.040646  
      3.173713  3.621235  3.042042    -0.014462    0.039565    0.040849  
      0.507745  1.700102 -0.000000     0.000076    0.000141    0.007941  
      3.062469  1.079266  4.808070    -0.000090    0.000140   -0.007939  
 
  29 f  =    7.847274 THz    49.305878 2PiTHz  261.756891 cm-1    32.453704 meV
             X         Y         Z           dx          dy          dz
      2.531008  1.896458 -0.000000    -0.022995   -0.041203    0.000107  
      5.085732  0.882910  4.808070     0.022998   -0.041204   -0.000109  
      2.513782  1.846012  3.242649     0.009158    0.007458    0.051293  
      2.513782  4.625381  1.565421     0.009051    0.007176   -0.051294  
      5.068506  0.933356  1.565421    -0.009051    0.007182    0.051295  
      5.068506 -1.846012  3.242649    -0.009160    0.007454   -0.051296  
      0.618988  1.937502  3.042042     0.004613   -0.003979    0.036609  
      0.618988 -0.841866  1.766028     0.004530   -0.004197   -0.036833  
      3.173713  0.841866  1.766028    -0.004528   -0.004203    0.036840  
      3.173713  3.621235  3.042042    -0.004615   -0.003975   -0.036605  
      0.507745  1.700102 -0.000000    -0.027723   -0.050084    0.000021  
      3.062469  1.079266  4.808070     0.027726   -0.050079   -0.000023  
 
  30 f  =    6.832618 THz    42.930608 2PiTHz  227.911619 cm-1    28.257427 meV
             X         Y         Z           dx          dy          dz
      2.531008  1.896458 -0.000000    -0.000001   -0.000000   -0.001624  
      5.085732  0.882910  4.808070     0.000001    0.000000   -0.001632  
      2.513782  1.846012  3.242649     0.054497    0.016065    0.000675  
      2.513782  4.625381  1.565421    -0.054493   -0.016063    0.000676  
      5.068506  0.933356  1.565421    -0.054547    0.016047    0.000669  
      5.068506 -1.846012  3.242649     0.054543   -0.016044    0.000670  
      0.618988  1.937502  3.042042     0.030458   -0.008050   -0.007886  
      0.618988 -0.841866  1.766028    -0.030456    0.008048   -0.007885  
      3.173713  0.841866  1.766028    -0.030485   -0.008048   -0.007878  
      3.173713  3.621235  3.042042     0.030483    0.008047   -0.007876  
      0.507745  1.700102 -0.000000    -0.000001   -0.000000    0.009556  
      3.062469  1.079266  4.808070    -0.000000   -0.000001    0.009540  
 
  31 f  =    6.815046 THz    42.820196 2PiTHz  227.325459 cm-1    28.184752 meV
             X         Y         Z           dx          dy          dz
      2.531008  1.896458 -0.000000    -0.000000    0.000002   -0.005583  
      5.085732  0.882910  4.808070    -0.000001    0.000002    0.005580  
      2.513782  1.846012  3.242649     0.052810   -0.020075   -0.006435  
      2.513782  4.625381  1.565421    -0.052811    0.020075   -0.006429  
      5.068506  0.933356  1.565421     0.052760    0.020089    0.006430  
      5.068506 -1.846012  3.242649    -0.052759   -0.020090    0.006436  
      0.618988  1.937502  3.042042     0.029823    0.004234    0.006820  
      0.618988 -0.841866  1.766028    -0.029824   -0.004233    0.006828  
      3.173713  0.841866  1.766028     0.029795   -0.004239   -0.006835  
      3.173713  3.621235  3.042042    -0.029795    0.004241   -0.006829  
      0.507745  1.700102 -0.000000     0.000000    0.000003   -0.016745  
      3.062469  1.079266  4.808070    -0.000003    0.000001    0.016753  
 
  32 f  =    4.723780 THz    29.680382 2PiTHz  157.568324 cm-1    19.535973 meV
             X         Y         Z           dx          dy          dz
      2.531008  1.896458 -0.000000     0.000005    0.000044    0.035209  
      5.085732  0.882910  4.808070     0.000006   -0.000046   -0.035214  
      2.513782  1.846012  3.242649     0.002359   -0.007603    0.052613  
      2.513782  4.625381  1.565421    -0.002361    0.007714    0.052610  
      5.068506  0.933356  1.565421     0.002359    0.007605   -0.052612  
      5.068506 -1.846012  3.242649    -0.002362   -0.007715   -0.052610  
      0.618988  1.937502  3.042042     0.006595   -0.002563   -0.038914  
      0.618988 -0.841866  1.766028    -0.006599    0.002479   -0.038905  
      3.173713  0.841866  1.766028     0.006594    0.002564    0.038914  
      3.173713  3.621235  3.042042    -0.006599   -0.002478    0.038905  
      0.507745  1.700102 -0.000000     0.000012   -0.000060   -0.051729  
      3.062469  1.079266  4.808070     0.000013    0.000058    0.051728  
 
  33 f  =    4.627002 THz    29.072308 2PiTHz  154.340158 cm-1    19.135732 meV
             X         Y         Z           dx          dy          dz
      2.531008  1.896458 -0.000000    -0.005285   -0.042348    0.000037  
      5.085732  0.882910  4.808070    -0.005286    0.042347   -0.000036  
      2.513782  1.846012  3.242649     0.000943   -0.052120   -0.000749  
      2.513782  4.625381  1.565421     0.000937   -0.052105    0.000861  
      5.068506  0.933356  1.565421     0.000943    0.052119    0.000749  
      5.068506 -1.846012  3.242649     0.000937    0.052106   -0.000861  
      0.618988  1.937502  3.042042     0.002082    0.041420    0.003128  
      0.618988 -0.841866  1.766028     0.002069    0.041423   -0.003211  
      3.173713  0.841866  1.766028     0.002082   -0.041420   -0.003130  
      3.173713  3.621235  3.042042     0.002069   -0.041422    0.003211  
      0.507745  1.700102 -0.000000    -0.011662    0.056122   -0.000056  
      3.062469  1.079266  4.808070    -0.011662   -0.056121    0.000056  
 
  34 fi =    0.001188 THz     0.007464 2PiTHz    0.039623 cm-1     0.004913 meV
             X         Y         Z           dx          dy          dz
      2.531008  1.896458 -0.000000     0.000061    0.000826   -0.050856  
      5.085732  0.882910  4.808070     0.000061    0.000826   -0.050856  
      2.513782  1.846012  3.242649     0.000066    0.000826   -0.050861  
      2.513782  4.625381  1.565421     0.000056    0.000828   -0.050861  
      5.068506  0.933356  1.565421     0.000056    0.000826   -0.050861  
      5.068506 -1.846012  3.242649     0.000066    0.000828   -0.050861  
      0.618988  1.937502  3.042042     0.000069    0.000825   -0.050861  
      0.618988 -0.841866  1.766028     0.000053    0.000828   -0.050861  
      3.173713  0.841866  1.766028     0.000053    0.000825   -0.050861  
      3.173713  3.621235  3.042042     0.000069    0.000827   -0.050862  
      0.507745  1.700102 -0.000000     0.000061    0.000826   -0.050857  
      3.062469  1.079266  4.808070     0.000061    0.000826   -0.050857  
 
  35 fi =    0.002495 THz     0.015676 2PiTHz    0.083222 cm-1     0.010318 meV
             X         Y         Z           dx          dy          dz
      2.531008  1.896458 -0.000000    -0.039613   -0.031896   -0.000565  
      5.085732  0.882910  4.808070    -0.039612   -0.031906   -0.000565  
      2.513782  1.846012  3.242649    -0.039613   -0.031906   -0.000567  
      2.513782  4.625381  1.565421    -0.039614   -0.031906   -0.000565  
      5.068506  0.933356  1.565421    -0.039617   -0.031907   -0.000568  
      5.068506 -1.846012  3.242649    -0.039615   -0.031906   -0.000563  
      0.618988  1.937502  3.042042    -0.039624   -0.031905   -0.000555  
      0.618988 -0.841866  1.766028    -0.039624   -0.031904   -0.000578  
      3.173713  0.841866  1.766028    -0.039625   -0.031892   -0.000582  
      3.173713  3.621235  3.042042    -0.039624   -0.031891   -0.000551  
      0.507745  1.700102 -0.000000    -0.039599   -0.031894   -0.000565  
      3.062469  1.079266  4.808070    -0.039590   -0.031878   -0.000565  
 
  36 fi =    0.002542 THz     0.015972 2PiTHz    0.084792 cm-1     0.010513 meV
             X         Y         Z           dx          dy          dz
      2.531008  1.896458 -0.000000     0.031906   -0.039610   -0.000604  
      5.085732  0.882910  4.808070     0.031907   -0.039602   -0.000605  
      2.513782  1.846012  3.242649     0.031911   -0.039614   -0.000608  
      2.513782  4.625381  1.565421     0.031909   -0.039613   -0.000603  
      5.068506  0.933356  1.565421     0.031907   -0.039614   -0.000607  
      5.068506 -1.846012  3.242649     0.031908   -0.039613   -0.000604  
      0.618988  1.937502  3.042042     0.031917   -0.039599   -0.000620  
      0.618988 -0.841866  1.766028     0.031916   -0.039598   -0.000593  
      3.173713  0.841866  1.766028     0.031916   -0.039609   -0.000597  
      3.173713  3.621235  3.042042     0.031916   -0.039609   -0.000616  
      0.507745  1.700102 -0.000000     0.031886   -0.039581   -0.000604  
      3.062469  1.079266  4.808070     0.031898   -0.039595   -0.000604  
 
