 Eigenvectors and eigenvalues of the dynamical matrix
 ----------------------------------------------------
 
 
   1 f  =   40.633723 THz   255.309213 2PiTHz 1355.395114 cm-1   168.047501 meV
             X         Y         Z           dx          dy          dz
      0.000000  0.000000  0.000000    -0.085525   -0.000002   -0.000004  
     -0.000000 -0.000000  4.662562    -0.000142   -0.000000    0.000000  
      1.775085  1.879583  1.753764    -0.000141   -0.000000   -0.000000  
      1.775085 -0.000000  0.000000     0.974414    0.000153    0.000120  
     -0.000000  1.879583  0.000000    -0.019624   -0.000004   -0.000002  
      1.775084  1.879582  4.150392    -0.003325   -0.000002    0.000004  
     -0.000000 -0.000000  2.265934    -0.003327   -0.000002    0.000004  
 
   2 f  =   28.409528 THz   178.502326 2PiTHz  947.639836 cm-1   117.492312 meV
             X         Y         Z           dx          dy          dz
      0.000000  0.000000  0.000000     0.000029   -0.003883    0.000003  
     -0.000000 -0.000000  4.662562    -0.000000   -0.000784    0.000000  
      1.775085  1.879583  1.753764    -0.000000   -0.000785    0.000000  
      1.775085 -0.000000  0.000000    -0.000140    0.978211   -0.000018  
     -0.000000  1.879583  0.000000     0.000007   -0.051599   -0.000019  
      1.775084  1.879582  4.150392    -0.000003    0.002754    0.000005  
     -0.000000 -0.000000  2.265934    -0.000003    0.002759    0.000005  
 
   3 f  =   24.312555 THz   152.760290 2PiTHz  810.979548 cm-1   100.548604 meV
             X         Y         Z           dx          dy          dz
      0.000000  0.000000  0.000000     0.000020   -0.000009   -0.053078  
     -0.000000 -0.000000  4.662562     0.000000    0.000000    0.000720  
      1.775085  1.879583  1.753764    -0.000001    0.000000    0.000727  
      1.775085 -0.000000  0.000000    -0.000093    0.000039    0.923945  
     -0.000000  1.879583  0.000000     0.000000   -0.000005    0.052656  
      1.775084  1.879582  4.150392     0.000025    0.000003   -0.051494  
     -0.000000 -0.000000  2.265934     0.000025    0.000004   -0.051506  
 
   4 f  =   21.163011 THz   132.971118 2PiTHz  705.922052 cm-1    87.523140 meV
             X         Y         Z           dx          dy          dz
      0.000000  0.000000  0.000000     0.000005   -0.366659   -0.000013  
     -0.000000 -0.000000  4.662562     0.000000    0.001330   -0.000000  
      1.775085  1.879583  1.753764     0.000000    0.001330   -0.000000  
      1.775085 -0.000000  0.000000    -0.000009    0.081965   -0.000065  
     -0.000000  1.879583  0.000000    -0.000002    0.107266    0.000036  
      1.775084  1.879582  4.150392     0.000001    0.001177   -0.000005  
     -0.000000 -0.000000  2.265934     0.000001    0.001175   -0.000006  
 
   5 f  =   14.660559 THz    92.115008 2PiTHz  489.023603 cm-1    60.631172 meV
             X         Y         Z           dx          dy          dz
      0.000000  0.000000  0.000000    -0.381114   -0.000015   -0.000039  
     -0.000000 -0.000000  4.662562     0.002718    0.000001    0.000002  
      1.775085  1.879583  1.753764     0.002716    0.000001    0.000005  
      1.775085 -0.000000  0.000000    -0.175891    0.000022   -0.000309  
     -0.000000  1.879583  0.000000     0.072357   -0.000015    0.000142  
      1.775084  1.879582  4.150392     0.017294    0.000012   -0.000100  
     -0.000000 -0.000000  2.265934     0.017303    0.000013   -0.000103  
 
   6 f  =   12.540197 THz    78.792384 2PiTHz  418.295959 cm-1    51.862066 meV
             X         Y         Z           dx          dy          dz
      0.000000  0.000000  0.000000     0.000364    0.000225   -0.098291  
     -0.000000 -0.000000  4.662562    -0.000008   -0.000010    0.005655  
      1.775085  1.879583  1.753764    -0.000009   -0.000009    0.005644  
      1.775085 -0.000000  0.000000     0.000260    0.000235   -0.372723  
     -0.000000  1.879583  0.000000     0.000009    0.000195    0.168359  
      1.775084  1.879582  4.150392     0.000029   -0.000035   -0.103159  
     -0.000000 -0.000000  2.265934     0.000025   -0.000031   -0.103172  
 
   7 f  =   11.657285 THz    73.244884 2PiTHz  388.845186 cm-1    48.210637 meV
             X         Y         Z           dx          dy          dz
      0.000000  0.000000  0.000000     0.000003    0.000006    0.000026  
     -0.000000 -0.000000  4.662562    -0.000003   -0.000000   -0.008197  
      1.775085  1.879583  1.753764     0.000003   -0.000000    0.008200  
      1.775085 -0.000000  0.000000     0.000000    0.000007   -0.000027  
     -0.000000  1.879583  0.000000    -0.000006    0.000006   -0.000008  
      1.775084  1.879582  4.150392    -0.000288   -0.000053    0.175119  
     -0.000000 -0.000000  2.265934     0.000290    0.000043   -0.175118  
 
   8 f  =    9.905583 THz    62.238611 2PiTHz  330.414668 cm-1    40.966179 meV
             X         Y         Z           dx          dy          dz
      0.000000  0.000000  0.000000     0.000030   -0.163400   -0.000264  
     -0.000000 -0.000000  4.662562     0.000000    0.009116    0.000027  
      1.775085  1.879583  1.753764     0.000001    0.009112    0.000026  
      1.775085 -0.000000  0.000000     0.000029   -0.179969   -0.000474  
     -0.000000  1.879583  0.000000    -0.000027   -0.204650   -0.000034  
      1.775084  1.879582  4.150392     0.000035    0.059690   -0.000206  
     -0.000000 -0.000000  2.265934     0.000035    0.059595   -0.000221  
 
   9 f  =    8.714967 THz    54.757755 2PiTHz  290.700021 cm-1    36.042193 meV
             X         Y         Z           dx          dy          dz
      0.000000  0.000000  0.000000    -0.099391    0.000029   -0.000694  
     -0.000000 -0.000000  4.662562     0.014319   -0.000001    0.000073  
      1.775085  1.879583  1.753764     0.014319   -0.000001    0.000075  
      1.775085 -0.000000  0.000000    -0.125088    0.000053   -0.000368  
     -0.000000  1.879583  0.000000    -0.232022    0.000031   -0.000548  
      1.775084  1.879582  4.150392     0.014374    0.000026   -0.000342  
     -0.000000 -0.000000  2.265934     0.014382    0.000018   -0.000334  
 
  10 f  =    8.217541 THz    51.632334 2PiTHz  274.107668 cm-1    33.985004 meV
             X         Y         Z           dx          dy          dz
      0.000000  0.000000  0.000000     0.000315    0.000144   -0.282805  
     -0.000000 -0.000000  4.662562    -0.000055   -0.000015    0.020257  
      1.775085  1.879583  1.753764    -0.000057   -0.000010    0.020167  
      1.775085 -0.000000  0.000000     0.000418    0.000151   -0.059970  
     -0.000000  1.879583  0.000000     0.000788    0.000210   -0.142404  
      1.775084  1.879582  4.150392    -0.000029   -0.000163   -0.049148  
     -0.000000 -0.000000  2.265934    -0.000021    0.000003   -0.049191  
 
  11 f  =    7.959701 THz    50.012279 2PiTHz  265.507060 cm-1    32.918665 meV
             X         Y         Z           dx          dy          dz
      0.000000  0.000000  0.000000     0.000002    0.000036   -0.000137  
     -0.000000 -0.000000  4.662562     0.000009    0.003697   -0.000004  
      1.775085  1.879583  1.753764    -0.000011   -0.003691    0.000024  
      1.775085 -0.000000  0.000000     0.000003    0.000056   -0.000030  
     -0.000000  1.879583  0.000000     0.000005    0.000042   -0.000063  
      1.775084  1.879582  4.150392     0.000397    0.176391    0.000021  
     -0.000000 -0.000000  2.265934    -0.000396   -0.176491   -0.000066  
 
  12 f  =    6.820052 THz    42.851648 2PiTHz  227.492431 cm-1    28.205454 meV
             X         Y         Z           dx          dy          dz
      0.000000  0.000000  0.000000     0.000008    0.000001    0.000065  
     -0.000000 -0.000000  4.662562    -0.006595    0.000012    0.001346  
      1.775085  1.879583  1.753764     0.006590   -0.000014   -0.001342  
      1.775085 -0.000000  0.000000     0.000009    0.000001   -0.000004  
     -0.000000  1.879583  0.000000     0.000001    0.000002   -0.000011  
      1.775084  1.879582  4.150392    -0.175669    0.000401    0.000233  
     -0.000000 -0.000000  2.265934     0.175653   -0.000393   -0.000278  
 
  13 f  =    6.754847 THz    42.441957 2PiTHz  225.317449 cm-1    27.935791 meV
             X         Y         Z           dx          dy          dz
      0.000000  0.000000  0.000000     0.000006    0.000000   -0.000250  
     -0.000000 -0.000000  4.662562    -0.000150    0.000003   -0.059410  
      1.775085  1.879583  1.753764     0.000152   -0.000006    0.059429  
      1.775085 -0.000000  0.000000     0.000006   -0.000003   -0.000130  
     -0.000000  1.879583  0.000000     0.000003    0.000000   -0.000092  
      1.775084  1.879582  4.150392    -0.003944   -0.000013   -0.024196  
     -0.000000 -0.000000  2.265934     0.003923    0.000039    0.024118  
 
  14 f  =    6.162075 THz    38.717460 2PiTHz  205.544701 cm-1    25.484284 meV
             X         Y         Z           dx          dy          dz
      0.000000  0.000000  0.000000     0.000303    0.000092    0.266079  
     -0.000000 -0.000000  4.662562    -0.000090   -0.000023    0.012438  
      1.775085  1.879583  1.753764    -0.000093   -0.000023    0.012449  
      1.775085 -0.000000  0.000000     0.000339    0.000097   -0.028383  
     -0.000000  1.879583  0.000000     0.000246    0.000145   -0.089946  
      1.775084  1.879582  4.150392     0.000793    0.000078   -0.111936  
     -0.000000 -0.000000  2.265934     0.000720    0.000074   -0.111912  
 
  15 f  =    5.496536 THz    34.535752 2PiTHz  183.344692 cm-1    22.731834 meV
             X         Y         Z           dx          dy          dz
      0.000000  0.000000  0.000000    -0.000109   -0.045673    0.000196  
     -0.000000 -0.000000  4.662562     0.000051    0.022602    0.000003  
      1.775085  1.879583  1.753764     0.000056    0.022641    0.000012  
      1.775085 -0.000000  0.000000    -0.000117   -0.031358   -0.000058  
     -0.000000  1.879583  0.000000    -0.000019   -0.058619   -0.000028  
      1.775084  1.879582  4.150392    -0.000453   -0.157091   -0.000096  
     -0.000000 -0.000000  2.265934    -0.000444   -0.157021   -0.000087  
 
  16 f  =    4.627834 THz    29.077537 2PiTHz  154.367920 cm-1    19.139174 meV
             X         Y         Z           dx          dy          dz
      0.000000  0.000000  0.000000     0.028353   -0.000085   -0.001179  
     -0.000000 -0.000000  4.662562    -0.019655    0.000064   -0.000108  
      1.775085  1.879583  1.753764    -0.019629    0.000065   -0.000101  
      1.775085 -0.000000  0.000000     0.030421   -0.000032    0.000065  
     -0.000000  1.879583  0.000000    -0.006011   -0.000116    0.000340  
      1.775084  1.879582  4.150392     0.166438   -0.000431    0.000507  
     -0.000000 -0.000000  2.265934     0.166439   -0.000429    0.000512  
 
  17 f  =    2.977164 THz    18.706071 2PiTHz   99.307488 cm-1    12.312554 meV
             X         Y         Z           dx          dy          dz
      0.000000  0.000000  0.000000     0.000000    0.000006   -0.000004  
     -0.000000 -0.000000  4.662562     0.000489    0.059905    0.000006  
      1.775085  1.879583  1.753764    -0.000490   -0.059859   -0.000004  
      1.775085 -0.000000  0.000000     0.000000    0.000006   -0.000004  
     -0.000000  1.879583  0.000000    -0.000001    0.000002   -0.000001  
      1.775084  1.879582  4.150392    -0.000144   -0.010917   -0.000003  
     -0.000000 -0.000000  2.265934     0.000146    0.010851    0.000000  
 
  18 f  =    2.892730 THz    18.175561 2PiTHz   96.491101 cm-1    11.963366 meV
             X         Y         Z           dx          dy          dz
      0.000000  0.000000  0.000000    -0.000004    0.000002   -0.000004  
     -0.000000 -0.000000  4.662562    -0.059621    0.000490    0.000003  
      1.775085  1.879583  1.753764     0.059643   -0.000491   -0.000001  
      1.775085 -0.000000  0.000000    -0.000005    0.000001    0.000004  
     -0.000000  1.879583  0.000000     0.000010    0.000003   -0.000001  
      1.775084  1.879582  4.150392     0.019399   -0.000098    0.000021  
     -0.000000 -0.000000  2.265934    -0.019459    0.000109   -0.000025  
 
  19 fi =    0.003287 THz     0.020655 2PiTHz    0.109655 cm-1     0.013595 meV
             X         Y         Z           dx          dy          dz
      0.000000  0.000000  0.000000     0.025450   -0.020528   -0.043961  
     -0.000000 -0.000000  4.662562     0.025442   -0.020508   -0.043994  
      1.775085  1.879583  1.753764     0.025437   -0.020523   -0.044002  
      1.775085 -0.000000  0.000000     0.025463   -0.020532   -0.043981  
     -0.000000  1.879583  0.000000     0.025492   -0.020528   -0.044051  
      1.775084  1.879582  4.150392     0.025445   -0.020571   -0.044015  
     -0.000000 -0.000000  2.265934     0.025456   -0.020573   -0.044025  
 
  20 fi =    0.005160 THz     0.032418 2PiTHz    0.172103 cm-1     0.021338 meV
             X         Y         Z           dx          dy          dz
      0.000000  0.000000  0.000000    -0.016586   -0.050427    0.013912  
     -0.000000 -0.000000  4.662562    -0.016570   -0.050331    0.013902  
      1.775085  1.879583  1.753764    -0.016567   -0.050363    0.013904  
      1.775085 -0.000000  0.000000    -0.016593   -0.050448    0.013889  
     -0.000000  1.879583  0.000000    -0.016608   -0.050450    0.013952  
      1.775084  1.879582  4.150392    -0.016591   -0.050468    0.013909  
     -0.000000 -0.000000  2.265934    -0.016597   -0.050463    0.013914  
 
  21 fi =    0.008363 THz     0.052545 2PiTHz    0.278954 cm-1     0.034586 meV
             X         Y         Z           dx          dy          dz
      0.000000  0.000000  0.000000     0.045637   -0.006857    0.029456  
     -0.000000 -0.000000  4.662562     0.045611   -0.006843    0.029574  
      1.775085  1.879583  1.753764     0.045599   -0.006848    0.029579  
      1.775085 -0.000000  0.000000     0.045646   -0.006857    0.029554  
     -0.000000  1.879583  0.000000     0.045637   -0.006865    0.029626  
      1.775084  1.879582  4.150392     0.045898   -0.006869    0.029634  
     -0.000000 -0.000000  2.265934     0.045915   -0.006867    0.029641  
 
