 Eigenvectors and eigenvalues of the dynamical matrix
 ----------------------------------------------------
 
 
   1 f  =   44.874497 THz   281.954783 2PiTHz 1496.852112 cm-1   185.585926 meV
             X         Y         Z           dx          dy          dz
      0.000000  0.000000  0.000000    -0.024971    0.062118    0.070979  
      4.171223  1.676943  0.000000    -0.000215    0.000534    0.000636  
      1.635176  0.485694  2.509465    -0.000215    0.000534    0.000636  
     -0.439256  1.092603  1.248706     0.247965   -0.617113   -0.704038  
      0.498676 -1.240405  1.260758    -0.004134    0.010288    0.011776  
      9.464414  3.804949  0.000000    -0.000856    0.002113    0.002465  
     -3.658015 -1.642311  2.509465    -0.000851    0.002107    0.002379  
 
   2 f  =   27.719484 THz   174.166653 2PiTHz  924.622452 cm-1   114.638522 meV
             X         Y         Z           dx          dy          dz
      0.000000  0.000000  0.000000    -0.013332    0.033069   -0.033183  
      4.171223  1.676943  0.000000     0.000660   -0.001702    0.001673  
      1.635176  0.485694  2.509465     0.000660   -0.001700    0.001671  
     -0.439256  1.092603  1.248706    -0.256542    0.639323   -0.650429  
      0.498676 -1.240405  1.260758     0.019904   -0.049479    0.050398  
      9.464414  3.804949  0.000000    -0.000791    0.001663   -0.001816  
     -3.658015 -1.642311  2.509465    -0.000797    0.001604   -0.001788  
 
   3 f  =   23.469035 THz   147.460294 2PiTHz  782.842731 cm-1    97.060085 meV
             X         Y         Z           dx          dy          dz
      0.000000  0.000000  0.000000    -0.098093    0.243974   -0.248251  
      4.171223  1.676943  0.000000     0.000329   -0.000818    0.000832  
      1.635176  0.485694  2.509465     0.000329   -0.000817    0.000832  
     -0.439256  1.092603  1.248706     0.064043   -0.158905    0.161727  
      0.498676 -1.240405  1.260758     0.026944   -0.066971    0.068039  
      9.464414  3.804949  0.000000     0.000198   -0.000533    0.000488  
     -3.658015 -1.642311  2.509465     0.000196   -0.000540    0.000487  
 
   4 f  =   22.025718 THz   138.391666 2PiTHz  734.698858 cm-1    91.091008 meV
             X         Y         Z           dx          dy          dz
      0.000000  0.000000  0.000000     0.042944    0.017036   -0.000237  
      4.171223  1.676943  0.000000     0.001688    0.000587    0.000016  
      1.635176  0.485694  2.509465     0.001692    0.000588   -0.000010  
     -0.439256  1.092603  1.248706    -0.856496   -0.344056   -0.000403  
      0.498676 -1.240405  1.260758    -0.042365   -0.017199    0.000066  
      9.464414  3.804949  0.000000     0.052095    0.020922    0.000016  
     -3.658015 -1.642311  2.509465     0.052077    0.020930    0.000015  
 
   5 f  =   15.209376 THz    95.563325 2PiTHz  507.330160 cm-1    62.900895 meV
             X         Y         Z           dx          dy          dz
      0.000000  0.000000  0.000000    -0.096778    0.240637    0.274659  
      4.171223  1.676943  0.000000     0.001783   -0.004440   -0.005200  
      1.635176  0.485694  2.509465     0.001784   -0.004436   -0.005196  
     -0.439256  1.092603  1.248706    -0.053549    0.131125    0.150874  
      0.498676 -1.240405  1.260758     0.017506   -0.043544   -0.050007  
      9.464414  3.804949  0.000000     0.004308   -0.010854   -0.012393  
     -3.658015 -1.642311  2.509465     0.004268   -0.010877   -0.012007  
 
   6 f  =   12.690235 THz    79.735100 2PiTHz  423.300686 cm-1    52.482573 meV
             X         Y         Z           dx          dy          dz
      0.000000  0.000000  0.000000     0.092961    0.037248    0.000264  
      4.171223  1.676943  0.000000    -0.012892   -0.004730   -0.000030  
      1.635176  0.485694  2.509465    -0.012888   -0.004710    0.000008  
     -0.439256  1.092603  1.248706     0.328648    0.132059   -0.000125  
      0.498676 -1.240405  1.260758    -0.146380   -0.059680   -0.000135  
      9.464414  3.804949  0.000000     0.098574    0.039046    0.000122  
     -3.658015 -1.642311  2.509465     0.098746    0.038871    0.000086  
 
   7 f  =   12.481861 THz    78.425845 2PiTHz  416.350064 cm-1    51.620806 meV
             X         Y         Z           dx          dy          dz
      0.000000  0.000000  0.000000    -0.000068   -0.000001   -0.000050  
      4.171223  1.676943  0.000000    -0.004700   -0.001712    0.000073  
      1.635176  0.485694  2.509465     0.004724    0.001675   -0.000069  
     -0.439256  1.092603  1.248706     0.000123    0.000039    0.000010  
      0.498676 -1.240405  1.260758    -0.000123    0.000062   -0.000012  
      9.464414  3.804949  0.000000     0.163477    0.065607    0.000073  
     -3.658015 -1.642311  2.509465    -0.163537   -0.065380   -0.000087  
 
   8 f  =   10.235611 THz    64.312240 2PiTHz  341.423226 cm-1    42.331066 meV
             X         Y         Z           dx          dy          dz
      0.000000  0.000000  0.000000    -0.049819    0.107328   -0.109042  
      4.171223  1.676943  0.000000     0.005460   -0.011511    0.011136  
      1.635176  0.485694  2.509465     0.005487   -0.011541    0.011103  
     -0.439256  1.092603  1.248706    -0.050956    0.127709   -0.126477  
      0.498676 -1.240405  1.260758    -0.059714    0.134819   -0.131157  
      9.464414  3.804949  0.000000     0.014232   -0.038570    0.038533  
     -3.658015 -1.642311  2.509465     0.014518   -0.039032    0.039587  
 
   9 f  =   10.088266 THz    63.386442 2PiTHz  336.508317 cm-1    41.721695 meV
             X         Y         Z           dx          dy          dz
      0.000000  0.000000  0.000000     0.205562    0.084667   -0.005168  
      4.171223  1.676943  0.000000    -0.027968   -0.010618    0.000845  
      1.635176  0.485694  2.509465    -0.027975   -0.010604    0.000966  
     -0.439256  1.092603  1.248706     0.005349    0.004357   -0.006483  
      0.498676 -1.240405  1.260758     0.144900    0.057289   -0.009614  
      9.464414  3.804949  0.000000     0.038863    0.013526    0.001356  
     -3.658015 -1.642311  2.509465     0.038887    0.013139    0.001500  
 
  10 f  =    9.861696 THz    61.962866 2PiTHz  328.950782 cm-1    40.784681 meV
             X         Y         Z           dx          dy          dz
      0.000000  0.000000  0.000000    -0.010041    0.049434    0.058419  
      4.171223  1.676943  0.000000     0.004883   -0.015386   -0.018014  
      1.635176  0.485694  2.509465     0.004874   -0.015380   -0.017963  
     -0.439256  1.092603  1.248706    -0.022796    0.060409    0.075929  
      0.498676 -1.240405  1.260758    -0.050933    0.139402    0.164535  
      9.464414  3.804949  0.000000     0.000803    0.002068   -0.000521  
     -3.658015 -1.642311  2.509465     0.001164    0.001435    0.001455  
 
  11 f  =    8.659585 THz    54.409780 2PiTHz  288.852678 cm-1    35.813152 meV
             X         Y         Z           dx          dy          dz
      0.000000  0.000000  0.000000     0.000314    0.001014    0.000147  
      4.171223  1.676943  0.000000     0.000710   -0.001417    0.001381  
      1.635176  0.485694  2.509465    -0.000756    0.001337   -0.001291  
     -0.439256  1.092603  1.248706    -0.000302    0.001043    0.000104  
      0.498676 -1.240405  1.260758    -0.000534    0.001319    0.000655  
      9.464414  3.804949  0.000000     0.047417   -0.118538    0.122355  
     -3.658015 -1.642311  2.509465    -0.046761    0.116599   -0.123971  
 
  12 f  =    8.290442 THz    52.090382 2PiTHz  276.539374 cm-1    34.286497 meV
             X         Y         Z           dx          dy          dz
      0.000000  0.000000  0.000000    -0.000181   -0.000098    0.000022  
      4.171223  1.676943  0.000000    -0.054737   -0.021101    0.000093  
      1.635176  0.485694  2.509465     0.054732    0.021110   -0.000091  
     -0.439256  1.092603  1.248706     0.000038   -0.000012    0.000026  
      0.498676 -1.240405  1.260758     0.000091    0.000021    0.000042  
      9.464414  3.804949  0.000000    -0.013788   -0.005817    0.000546  
     -3.658015 -1.642311  2.509465     0.013948    0.005779   -0.000587  
 
  13 f  =    7.372182 THz    46.320787 2PiTHz  245.909531 cm-1    30.488882 meV
             X         Y         Z           dx          dy          dz
      0.000000  0.000000  0.000000    -0.284187   -0.114990    0.000971  
      4.171223  1.676943  0.000000    -0.010206   -0.002065   -0.001767  
      1.635176  0.485694  2.509465    -0.010324   -0.001991   -0.001679  
     -0.439256  1.092603  1.248706     0.026799    0.011665   -0.000464  
      0.498676 -1.240405  1.260758     0.072297    0.027906    0.001976  
      9.464414  3.804949  0.000000     0.093473    0.027500    0.007283  
     -3.658015 -1.642311  2.509465     0.093173    0.028177    0.007418  
 
  14 f  =    7.211195 THz    45.309276 2PiTHz  240.539583 cm-1    29.823094 meV
             X         Y         Z           dx          dy          dz
      0.000000  0.000000  0.000000     0.004029   -0.000509    0.000914  
      4.171223  1.676943  0.000000     0.002286   -0.005833   -0.013463  
      1.635176  0.485694  2.509465    -0.004056    0.011168    0.007066  
     -0.439256  1.092603  1.248706    -0.000437   -0.000030   -0.001225  
      0.498676 -1.240405  1.260758     0.000531   -0.003864    0.001289  
      9.464414  3.804949  0.000000     0.047281   -0.120781   -0.107245  
     -3.658015 -1.642311  2.509465    -0.041326    0.099714    0.137076  
 
  15 f  =    7.094796 THz    44.577920 2PiTHz  236.656933 cm-1    29.341707 meV
             X         Y         Z           dx          dy          dz
      0.000000  0.000000  0.000000     0.025128   -0.001812    0.008848  
      4.171223  1.676943  0.000000    -0.007964    0.023693   -0.022330  
      1.635176  0.485694  2.509465    -0.006916    0.020894   -0.025497  
     -0.439256  1.092603  1.248706    -0.005769    0.004340   -0.007357  
      0.498676 -1.240405  1.260758     0.002734   -0.022247    0.014928  
      9.464414  3.804949  0.000000     0.022852   -0.077832    0.119809  
     -3.658015 -1.642311  2.509465     0.033902   -0.105883    0.088602  
 
  16 f  =    5.984842 THz    37.603871 2PiTHz  199.632838 cm-1    24.751306 meV
             X         Y         Z           dx          dy          dz
      0.000000  0.000000  0.000000     0.002448   -0.012589   -0.014282  
      4.171223  1.676943  0.000000     0.007445   -0.020042   -0.018574  
      1.635176  0.485694  2.509465     0.008279   -0.022156   -0.022392  
     -0.439256  1.092603  1.248706     0.006476   -0.012124   -0.013065  
      0.498676 -1.240405  1.260758     0.014926   -0.035931   -0.043167  
      9.464414  3.804949  0.000000    -0.038371    0.098223    0.100802  
     -3.658015 -1.642311  2.509465    -0.038500    0.099059    0.097935  
 
  17 f  =    5.771882 THz    36.265806 2PiTHz  192.529267 cm-1    23.870576 meV
             X         Y         Z           dx          dy          dz
      0.000000  0.000000  0.000000     0.000265   -0.000319   -0.000646  
      4.171223  1.676943  0.000000     0.013157   -0.034067   -0.045504  
      1.635176  0.485694  2.509465    -0.012551    0.032938    0.043533  
     -0.439256  1.092603  1.248706    -0.000092   -0.000319   -0.000735  
      0.498676 -1.240405  1.260758     0.000406   -0.001311   -0.001638  
      9.464414  3.804949  0.000000    -0.011647    0.029698    0.034094  
     -3.658015 -1.642311  2.509465     0.009178   -0.024128   -0.025955  
 
  18 f  =    5.643623 THz    35.459927 2PiTHz  188.250991 cm-1    23.340138 meV
             X         Y         Z           dx          dy          dz
      0.000000  0.000000  0.000000     0.000158    0.000158    0.000089  
      4.171223  1.676943  0.000000     0.016413   -0.042487    0.037098  
      1.635176  0.485694  2.509465    -0.016577    0.042800   -0.036962  
     -0.439256  1.092603  1.248706     0.000058    0.000143    0.000065  
      0.498676 -1.240405  1.260758    -0.000049    0.000213    0.000248  
      9.464414  3.804949  0.000000    -0.001769    0.004735   -0.003309  
     -3.658015 -1.642311  2.509465     0.002193   -0.005958    0.002594  
 
  19 fi =    2.489974 THz    15.644969 2PiTHz   83.056595 cm-1    10.297701 meV
             X         Y         Z           dx          dy          dz
      0.000000  0.000000  0.000000    -0.020558    0.048263   -0.065376  
      4.171223  1.676943  0.000000    -0.010688    0.026649   -0.034660  
      1.635176  0.485694  2.509465    -0.010634    0.026533   -0.034755  
     -0.439256  1.092603  1.248706    -0.027424    0.064282   -0.083132  
      0.498676 -1.240405  1.260758    -0.021146    0.052708   -0.066052  
      9.464414  3.804949  0.000000    -0.020232    0.050076   -0.067846  
     -3.658015 -1.642311  2.509465    -0.020351    0.050521   -0.067302  
 
  20 fi =    2.664903 THz    16.744080 2PiTHz   88.891597 cm-1    11.021148 meV
             X         Y         Z           dx          dy          dz
      0.000000  0.000000  0.000000    -0.015335    0.066604    0.055784  
      4.171223  1.676943  0.000000    -0.007189    0.032998    0.027646  
      1.635176  0.485694  2.509465    -0.007191    0.033020    0.027733  
     -0.439256  1.092603  1.248706    -0.013125    0.074466    0.057962  
      0.498676 -1.240405  1.260758    -0.013092    0.055051    0.042880  
      9.464414  3.804949  0.000000    -0.020287    0.073867    0.063050  
     -3.658015 -1.642311  2.509465    -0.020228    0.073874    0.062087  
 
  21 fi =    2.719273 THz    17.085697 2PiTHz   90.705187 cm-1    11.246005 meV
             X         Y         Z           dx          dy          dz
      0.000000  0.000000  0.000000    -0.095201   -0.030148    0.006743  
      4.171223  1.676943  0.000000    -0.045484   -0.013723    0.003206  
      1.635176  0.485694  2.509465    -0.045483   -0.013681    0.003297  
     -0.439256  1.092603  1.248706    -0.138829   -0.047131    0.007286  
      0.498676 -1.240405  1.260758    -0.067825   -0.020599    0.005342  
      9.464414  3.804949  0.000000    -0.072428   -0.020734    0.007568  
     -3.658015 -1.642311  2.509465    -0.072350   -0.020882    0.007410  
 
