 Eigenvectors and eigenvalues of the dynamical matrix
 ----------------------------------------------------
 
 
   1 f  =   30.870680 THz   193.966203 2PiTHz 1029.735046 cm-1   127.670817 meV
             X         Y         Z           dx          dy          dz
      2.254346  2.254345  0.000000    -0.000000    0.000001    0.000000  
      2.254346  0.000000  1.826612    -0.000002    0.000001    0.000000  
      0.000000  0.000000  0.000000    -0.000001    0.000006   -0.000001  
      0.000000  2.254345  1.826612    -0.000005    0.000003    0.000002  
      0.774738  1.127173  0.913306     0.000002   -0.102010   -0.086342  
      3.733954  3.381518  0.913306    -0.000003    0.101984   -0.086317  
     -1.127172  1.479608  2.739918    -0.101987    0.000004    0.086319  
      1.127173 -1.479608  2.739918     0.102003   -0.000002    0.086337  
 
   2 f  =   29.725342 THz   186.769830 2PiTHz  991.530671 cm-1   122.934080 meV
             X         Y         Z           dx          dy          dz
      2.254346  2.254345  0.000000     0.006369   -0.001576   -0.000001  
      2.254346  0.000000  1.826612    -0.001947    0.006266   -0.000001  
      0.000000  0.000000  0.000000     0.048771    0.014236    0.000028  
      0.000000  2.254345  1.826612     0.011350    0.049523    0.000029  
      0.774738  1.127173  0.913306     0.020391   -0.093218   -0.082026  
      3.733954  3.381518  0.913306     0.020388   -0.093112    0.081967  
     -1.127172  1.479608  2.739918    -0.087791    0.021622    0.077287  
      1.127173 -1.479608  2.739918    -0.087911    0.021623   -0.077353  
 
   3 f  =   29.725155 THz   186.768657 2PiTHz  991.524440 cm-1   122.933307 meV
             X         Y         Z           dx          dy          dz
      2.254346  2.254345  0.000000     0.001574    0.006372    0.000000  
      2.254346  0.000000  1.826612    -0.006269   -0.001944    0.000000  
      0.000000  0.000000  0.000000    -0.014233    0.048772    0.000004  
      0.000000  2.254345  1.826612    -0.049523    0.011348    0.000004  
      0.774738  1.127173  0.913306    -0.021620   -0.087846   -0.077314  
      3.733954  3.381518  0.913306    -0.021624   -0.087856    0.077326  
     -1.127172  1.479608  2.739918     0.093185    0.020391   -0.082011  
      1.127173 -1.479608  2.739918     0.093144    0.020387    0.081983  
 
   4 f  =   29.384330 THz   184.627188 2PiTHz  980.155734 cm-1   121.523768 meV
             X         Y         Z           dx          dy          dz
      2.254346  2.254345  0.000000     0.000004    0.000000    0.002997  
      2.254346  0.000000  1.826612    -0.000001    0.000004    0.002997  
      0.000000  0.000000  0.000000     0.000025    0.000011   -0.052004  
      0.000000  2.254345  1.826612     0.000002    0.000027   -0.052004  
      0.774738  1.127173  0.913306     0.000007    0.107770    0.056832  
      3.733954  3.381518  0.913306     0.000011   -0.107884    0.056928  
     -1.127172  1.479608  2.739918    -0.107872    0.000015    0.056915  
      1.127173 -1.479608  2.739918     0.107790    0.000011    0.056847  
 
   5 f  =   23.856635 THz   149.895656 2PiTHz  795.771672 cm-1    98.663068 meV
             X         Y         Z           dx          dy          dz
      2.254346  2.254345  0.000000     0.003800   -0.001514   -0.000001  
      2.254346  0.000000  1.826612    -0.003947   -0.001102   -0.000000  
      0.000000  0.000000  0.000000    -0.069711    0.066967   -0.000006  
      0.000000  2.254345  1.826612     0.076443    0.059181    0.000009  
      0.774738  1.127173  0.913306    -0.006447   -0.018008    0.005998  
      3.733954  3.381518  0.913306    -0.006459   -0.018016   -0.005999  
     -1.127172  1.479608  2.739918    -0.000956   -0.120938   -0.000321  
      1.127173 -1.479608  2.739918    -0.000959   -0.120952    0.000322  
 
   6 f  =   23.856563 THz   149.895207 2PiTHz  795.769288 cm-1    98.662773 meV
             X         Y         Z           dx          dy          dz
      2.254346  2.254345  0.000000     0.001516    0.003807    0.000000  
      2.254346  0.000000  1.826612     0.001102   -0.003940    0.000002  
      0.000000  0.000000  0.000000    -0.066975   -0.069718   -0.000012  
      0.000000  2.254345  1.826612    -0.059172    0.076440    0.000009  
      0.774738  1.127173  0.913306     0.120951   -0.000963    0.000318  
      3.733954  3.381518  0.913306     0.120935   -0.000965   -0.000318  
     -1.127172  1.479608  2.739918     0.018014   -0.006440    0.005997  
      1.127173 -1.479608  2.739918     0.018011   -0.006454   -0.005998  
 
   7 f  =   22.705456 THz   142.662584 2PiTHz  757.372472 cm-1    93.902177 meV
             X         Y         Z           dx          dy          dz
      2.254346  2.254345  0.000000    -0.000001    0.000003    0.002707  
      2.254346  0.000000  1.826612    -0.000000    0.000003   -0.002707  
      0.000000  0.000000  0.000000    -0.000009    0.000003    0.092599  
      0.000000  2.254345  1.826612    -0.000005    0.000011   -0.092599  
      0.774738  1.127173  0.913306    -0.091472   -0.000006   -0.000000  
      3.733954  3.381518  0.913306     0.091498   -0.000001   -0.000003  
     -1.127172  1.479608  2.739918     0.000001   -0.091501    0.000004  
      1.127173 -1.479608  2.739918     0.000005    0.091474   -0.000000  
 
   8 f  =   18.819137 THz   118.244126 2PiTHz  627.738844 cm-1    77.829662 meV
             X         Y         Z           dx          dy          dz
      2.254346  2.254345  0.000000    -0.000003    0.000001    0.065742  
      2.254346  0.000000  1.826612     0.000001    0.000005   -0.065742  
      0.000000  0.000000  0.000000     0.000002    0.000004    0.084500  
      0.000000  2.254345  1.826612    -0.000006   -0.000002   -0.084500  
      0.774738  1.127173  0.913306     0.095033   -0.000007    0.000013  
      3.733954  3.381518  0.913306    -0.095020    0.000012    0.000012  
     -1.127172  1.479608  2.739918    -0.000012    0.095014   -0.000012  
      1.127173 -1.479608  2.739918     0.000007   -0.095025   -0.000014  
 
   9 f  =   17.725361 THz   111.371726 2PiTHz  591.254391 cm-1    73.306169 meV
             X         Y         Z           dx          dy          dz
      2.254346  2.254345  0.000000     0.000001    0.000002    0.000009  
      2.254346  0.000000  1.826612     0.000000    0.000003    0.000005  
      0.000000  0.000000  0.000000     0.000004   -0.000001    0.000012  
      0.000000  2.254345  1.826612    -0.000002    0.000004    0.000006  
      0.774738  1.127173  0.913306    -0.133624    0.000005   -0.000006  
      3.733954  3.381518  0.913306     0.133624   -0.000010   -0.000014  
     -1.127172  1.479608  2.739918    -0.000010    0.133627   -0.000013  
      1.127173 -1.479608  2.739918     0.000005   -0.133628   -0.000006  
 
  10 f  =   16.552083 THz   103.999805 2PiTHz  552.118058 cm-1    68.453884 meV
             X         Y         Z           dx          dy          dz
      2.254346  2.254345  0.000000    -0.098088   -0.018239   -0.000008  
      2.254346  0.000000  1.826612     0.023685    0.096916    0.000004  
      0.000000  0.000000  0.000000     0.047362    0.085653   -0.000014  
      0.000000  2.254345  1.826612    -0.088164   -0.042508    0.000004  
      0.774738  1.127173  0.913306     0.061559    0.000502    0.034183  
      3.733954  3.381518  0.913306     0.061561    0.000481   -0.034211  
     -1.127172  1.479608  2.739918    -0.000441   -0.065097    0.032366  
      1.127173 -1.479608  2.739918    -0.000487   -0.065093   -0.032314  
 
  11 f  =   16.551489 THz   103.996072 2PiTHz  552.098245 cm-1    68.451427 meV
             X         Y         Z           dx          dy          dz
      2.254346  2.254345  0.000000    -0.018262    0.098098   -0.000003  
      2.254346  0.000000  1.826612     0.096927   -0.023706   -0.000002  
      0.000000  0.000000  0.000000     0.085656   -0.047366    0.000016  
      0.000000  2.254345  1.826612    -0.042512    0.088164    0.000018  
      0.774738  1.127173  0.913306    -0.065082    0.000473    0.032332  
      3.733954  3.381518  0.913306    -0.065092    0.000461   -0.032340  
     -1.127172  1.479608  2.739918     0.000465   -0.061553   -0.034224  
      1.127173 -1.479608  2.739918     0.000521   -0.061546    0.034166  
 
  12 f  =   16.244466 THz   102.066987 2PiTHz  541.857044 cm-1    67.181681 meV
             X         Y         Z           dx          dy          dz
      2.254346  2.254345  0.000000     0.000002   -0.000036    0.010958  
      2.254346  0.000000  1.826612    -0.000033    0.000022    0.010959  
      0.000000  0.000000  0.000000    -0.000012    0.000018    0.069498  
      0.000000  2.254345  1.826612     0.000004   -0.000020    0.069498  
      0.774738  1.127173  0.913306     0.000041    0.078806   -0.079230  
      3.733954  3.381518  0.913306     0.000010   -0.078820   -0.079250  
     -1.127172  1.479608  2.739918    -0.078804   -0.000002   -0.079226  
      1.127173 -1.479608  2.739918     0.078786    0.000030   -0.079213  
 
  13 f  =   15.342566 THz    96.400184 2PiTHz  511.772906 cm-1    63.451725 meV
             X         Y         Z           dx          dy          dz
      2.254346  2.254345  0.000000     0.000020    0.000091    0.000017  
      2.254346  0.000000  1.826612    -0.000065   -0.000037   -0.000011  
      0.000000  0.000000  0.000000     0.000005   -0.000025    0.000002  
      0.000000  2.254345  1.826612     0.000013    0.000015   -0.000017  
      0.774738  1.127173  0.913306    -0.000010    0.086306   -0.101972  
      3.733954  3.381518  0.913306    -0.000032   -0.086337   -0.102005  
     -1.127172  1.479608  2.739918     0.086353    0.000019    0.102013  
      1.127173 -1.479608  2.739918    -0.086319   -0.000003    0.101996  
 
  14 f  =   14.534862 THz    91.325233 2PiTHz  484.830820 cm-1    60.111334 meV
             X         Y         Z           dx          dy          dz
      2.254346  2.254345  0.000000     0.088138   -0.260773    0.000002  
      2.254346  0.000000  1.826612     0.103002    0.255295   -0.000002  
      0.000000  0.000000  0.000000    -0.000749   -0.018402   -0.000003  
      0.000000  2.254345  1.826612     0.000304    0.018415   -0.000004  
      0.774738  1.127173  0.913306    -0.016174    0.000716   -0.001150  
      3.733954  3.381518  0.913306    -0.016176    0.000686    0.001113  
     -1.127172  1.479608  2.739918    -0.024364    0.000459   -0.039317  
      1.127173 -1.479608  2.739918    -0.024411    0.000463    0.039368  
 
  15 f  =   14.534835 THz    91.325063 2PiTHz  484.829915 cm-1    60.111221 meV
             X         Y         Z           dx          dy          dz
      2.254346  2.254345  0.000000    -0.260796   -0.088150    0.000003  
      2.254346  0.000000  1.826612     0.255272   -0.102989   -0.000004  
      0.000000  0.000000  0.000000    -0.018403    0.000756    0.000005  
      0.000000  2.254345  1.826612     0.018416   -0.000310    0.000003  
      0.774738  1.127173  0.913306     0.000467    0.024406   -0.039363  
      3.733954  3.381518  0.913306     0.000472    0.024367    0.039320  
     -1.127172  1.479608  2.739918     0.000714    0.016177    0.001148  
      1.127173 -1.479608  2.739918     0.000692    0.016175   -0.001118  
 
  16 f  =   13.693908 THz    86.041365 2PiTHz  456.779619 cm-1    56.633429 meV
             X         Y         Z           dx          dy          dz
      2.254346  2.254345  0.000000    -0.095299   -0.244949   -0.000005  
      2.254346  0.000000  1.826612    -0.216119   -0.149569   -0.000009  
      0.000000  0.000000  0.000000     0.044517    0.013224   -0.000000  
      0.000000  2.254345  1.826612     0.002525    0.046372   -0.000001  
      0.774738  1.127173  0.913306     0.006004    0.011213    0.024388  
      3.733954  3.381518  0.913306     0.006002    0.011220   -0.024375  
     -1.127172  1.479608  2.739918     0.008859    0.007603   -0.019238  
      1.127173 -1.479608  2.739918     0.008852    0.007605    0.019252  
 
  17 f  =   13.693663 THz    86.039821 2PiTHz  456.771426 cm-1    56.632414 meV
             X         Y         Z           dx          dy          dz
      2.254346  2.254345  0.000000     0.244941   -0.095314    0.000000  
      2.254346  0.000000  1.826612     0.149590   -0.216118   -0.000001  
      0.000000  0.000000  0.000000    -0.013227    0.044516    0.000000  
      0.000000  2.254345  1.826612    -0.046369    0.002528    0.000001  
      0.774738  1.127173  0.913306    -0.007598    0.008861    0.019231  
      3.733954  3.381518  0.913306    -0.007597    0.008847   -0.019250  
     -1.127172  1.479608  2.739918    -0.011214    0.005997    0.024380  
      1.127173 -1.479608  2.739918    -0.011224    0.005996   -0.024366  
 
  18 f  =   12.036381 THz    75.626815 2PiTHz  401.490466 cm-1    49.778451 meV
             X         Y         Z           dx          dy          dz
      2.254346  2.254345  0.000000     0.000000   -0.000003   -0.280707  
      2.254346  0.000000  1.826612     0.000001   -0.000003    0.280707  
      0.000000  0.000000  0.000000     0.000000   -0.000001    0.020683  
      0.000000  2.254345  1.826612     0.000001   -0.000000   -0.020683  
      0.774738  1.127173  0.913306     0.021374    0.000005   -0.000006  
      3.733954  3.381518  0.913306    -0.021371    0.000001    0.000002  
     -1.127172  1.479608  2.739918    -0.000001    0.021372   -0.000002  
      1.127173 -1.479608  2.739918    -0.000005   -0.021373    0.000006  
 
  19 f  =   10.727556 THz    67.403220 2PiTHz  357.832740 cm-1    44.365585 meV
             X         Y         Z           dx          dy          dz
      2.254346  2.254345  0.000000     0.046003   -0.039605   -0.000189  
      2.254346  0.000000  1.826612    -0.058781    0.015151   -0.000193  
      0.000000  0.000000  0.000000     0.010288   -0.021988    0.000030  
      0.000000  2.254345  1.826612    -0.023926   -0.004107    0.000032  
      0.774738  1.127173  0.913306    -0.029583    0.090840   -0.119706  
      3.733954  3.381518  0.913306    -0.029574    0.090806    0.119723  
     -1.127172  1.479608  2.739918     0.047449   -0.056601    0.062573  
      1.127173 -1.479608  2.739918     0.047467   -0.056607   -0.062540  
 
  20 f  =   10.727321 THz    67.401745 2PiTHz  357.824907 cm-1    44.364614 meV
             X         Y         Z           dx          dy          dz
      2.254346  2.254345  0.000000     0.039593    0.046007    0.000042  
      2.254346  0.000000  1.826612    -0.015159   -0.058775    0.000025  
      0.000000  0.000000  0.000000     0.021986    0.010288   -0.000010  
      0.000000  2.254345  1.826612     0.004112   -0.023923   -0.000006  
      0.774738  1.127173  0.913306     0.056605    0.047467   -0.062570  
      3.733954  3.381518  0.913306     0.056610    0.047453    0.062544  
     -1.127172  1.479608  2.739918    -0.090805   -0.029584   -0.119704  
      1.127173 -1.479608  2.739918    -0.090838   -0.029575    0.119726  
 
  21 f  =   10.469161 THz    65.779677 2PiTHz  349.213612 cm-1    43.296950 meV
             X         Y         Z           dx          dy          dz
      2.254346  2.254345  0.000000    -0.000020    0.000041   -0.274418  
      2.254346  0.000000  1.826612     0.000045   -0.000010   -0.274418  
      0.000000  0.000000  0.000000    -0.000005    0.000019    0.030239  
      0.000000  2.254345  1.826612     0.000020   -0.000001    0.030239  
      0.774738  1.127173  0.913306     0.000030    0.004269    0.025562  
      3.733954  3.381518  0.913306     0.000034   -0.004383    0.025412  
     -1.127172  1.479608  2.739918    -0.004367    0.000043    0.025432  
      1.127173 -1.479608  2.739918     0.004280    0.000038    0.025549  
 
  22 fi =    0.000655 THz     0.004113 2PiTHz    0.021836 cm-1     0.002707 meV
             X         Y         Z           dx          dy          dz
      2.254346  2.254345  0.000000    -0.006809   -0.005623    0.087252  
      2.254346  0.000000  1.826612    -0.006808   -0.005623    0.087252  
      0.000000  0.000000  0.000000    -0.006814   -0.005628    0.087268  
      0.000000  2.254345  1.826612    -0.006813   -0.005628    0.087268  
      0.774738  1.127173  0.913306    -0.006812   -0.005628    0.087266  
      3.733954  3.381518  0.913306    -0.006814   -0.005629    0.087266  
     -1.127172  1.479608  2.739918    -0.006814   -0.005629    0.087265  
      1.127173 -1.479608  2.739918    -0.006813   -0.005626    0.087266  
 
  23 fi =    0.003520 THz     0.022115 2PiTHz    0.117403 cm-1     0.014556 meV
             X         Y         Z           dx          dy          dz
      2.254346  2.254345  0.000000    -0.079325    0.037215   -0.003795  
      2.254346  0.000000  1.826612    -0.079316    0.037233   -0.003795  
      0.000000  0.000000  0.000000    -0.079333    0.037225   -0.003792  
      0.000000  2.254345  1.826612    -0.079326    0.037240   -0.003792  
      0.774738  1.127173  0.913306    -0.079355    0.037218   -0.003781  
      3.733954  3.381518  0.913306    -0.079355    0.037214   -0.003809  
     -1.127172  1.479608  2.739918    -0.079298    0.037242   -0.003763  
      1.127173 -1.479608  2.739918    -0.079301    0.037242   -0.003816  
 
  24 fi =    0.003719 THz     0.023365 2PiTHz    0.124040 cm-1     0.015379 meV
             X         Y         Z           dx          dy          dz
      2.254346  2.254345  0.000000    -0.036788   -0.079219   -0.007989  
      2.254346  0.000000  1.826612    -0.036807   -0.079210   -0.007989  
      0.000000  0.000000  0.000000    -0.036789   -0.079223   -0.007980  
      0.000000  2.254345  1.826612    -0.036804   -0.079215   -0.007980  
      0.774738  1.127173  0.913306    -0.036812   -0.079190   -0.008008  
      3.733954  3.381518  0.913306    -0.036812   -0.079189   -0.007953  
     -1.127172  1.479608  2.739918    -0.036786   -0.079248   -0.007971  
      1.127173 -1.479608  2.739918    -0.036784   -0.079249   -0.007993  
 
