 Eigenvectors and eigenvalues of the dynamical matrix
 ----------------------------------------------------
 
 
   1 f  =   21.556810 THz   135.445432 2PiTHz  719.057782 cm-1    89.151763 meV
             X         Y         Z           dx          dy          dz
      5.117449  1.542838  3.491299    -0.000942    0.000547    0.000025  
      0.135816  4.534789  3.491299    -0.004397    0.002632    0.000020  
     -1.521098  4.445127  1.158590    -0.000947    0.000594   -0.000026  
      3.460534  1.453177  1.158590    -0.004399    0.002645   -0.000020  
      2.691839  2.999651  3.491299     0.003343   -0.002007    0.000011  
      0.904511  2.988315  1.158590     0.003344   -0.002009   -0.000011  
      1.835103  4.307565  2.274727    -0.051984    0.003970   -0.070761  
      1.761247  1.680400  2.375161    -0.051987    0.003956   -0.070763  
      0.177128  1.547018  0.042452    -0.027911    0.044034    0.070766  
     -0.701653  3.000790  2.328827     0.096817   -0.001802   -0.079789  
      3.419222  4.440948  4.607437    -0.027934    0.044024    0.070759  
      2.499828 -0.006807 -0.003882     0.047076   -0.084620    0.079789  
 
   2 f  =   19.816827 THz   124.512795 2PiTHz  661.018189 cm-1    81.955773 meV
             X         Y         Z           dx          dy          dz
      5.117449  1.542838  3.491299    -0.012065   -0.020097    0.130623  
      0.135816  4.534789  3.491299    -0.004048   -0.006741    0.108831  
     -1.521098  4.445127  1.158590     0.012065    0.020094   -0.130623  
      3.460534  1.453177  1.158590     0.004053    0.006733   -0.108831  
      2.691839  2.999651  3.491299     0.004946    0.008238    0.057909  
      0.904511  2.988315  1.158590    -0.004946   -0.008235   -0.057909  
      1.835103  4.307565  2.274727     0.000337    0.069026    0.012460  
      1.761247  1.680400  2.375161    -0.000317   -0.069039   -0.012439  
      0.177128  1.547018  0.042452     0.060791    0.032713    0.012441  
     -0.701653  3.000790  2.328827    -0.000013    0.000002    0.000014  
      3.419222  4.440948  4.607437    -0.060789   -0.032734   -0.012457  
      2.499828 -0.006807 -0.003882    -0.000009    0.000025   -0.000019  
 
   3 f  =   18.672418 THz   117.322262 2PiTHz  622.844819 cm-1    77.222881 meV
             X         Y         Z           dx          dy          dz
      5.117449  1.542838  3.491299    -0.042536    0.025537    0.000009  
      0.135816  4.534789  3.491299     0.003002   -0.001792    0.000003  
     -1.521098  4.445127  1.158590     0.042543   -0.025529   -0.000013  
      3.460534  1.453177  1.158590    -0.003011    0.001793   -0.000004  
      2.691839  2.999651  3.491299     0.017405   -0.010455    0.000003  
      0.904511  2.988315  1.158590    -0.017404    0.010454   -0.000002  
      1.835103  4.307565  2.274727     0.010049    0.119018   -0.016637  
      1.761247  1.680400  2.375161    -0.010052   -0.119013    0.016631  
      0.177128  1.547018  0.042452    -0.100349   -0.064790    0.016636  
     -0.701653  3.000790  2.328827     0.000002   -0.000000    0.000000  
      3.419222  4.440948  4.607437     0.100345    0.064791   -0.016631  
      2.499828 -0.006807 -0.003882     0.000003   -0.000002    0.000001  
 
   4 f  =   16.873525 THz   106.019485 2PiTHz  562.840212 cm-1    69.783261 meV
             X         Y         Z           dx          dy          dz
      5.117449  1.542838  3.491299     0.076503    0.127375   -0.113710  
      0.135816  4.534789  3.491299     0.003858    0.006441    0.007351  
     -1.521098  4.445127  1.158590     0.076471    0.127271   -0.113599  
      3.460534  1.453177  1.158590     0.003897    0.006506    0.007354  
      2.691839  2.999651  3.491299    -0.026574   -0.044251    0.004122  
      0.904511  2.988315  1.158590    -0.026586   -0.044265    0.004133  
      1.835103  4.307565  2.274727     0.013704    0.060417    0.004630  
      1.761247  1.680400  2.375161     0.013707    0.060352    0.004632  
      0.177128  1.547018  0.042452     0.046890    0.040486    0.004636  
     -0.701653  3.000790  2.328827    -0.044534    0.001290    0.018359  
      3.419222  4.440948  4.607437     0.046826    0.040439    0.004634  
      2.499828 -0.006807 -0.003882     0.022064   -0.038701    0.018353  
 
   5 f  =   16.474852 THz   103.514546 2PiTHz  549.541902 cm-1    68.134481 meV
             X         Y         Z           dx          dy          dz
      5.117449  1.542838  3.491299    -0.059981   -0.099810    0.132727  
      0.135816  4.534789  3.491299     0.051458    0.085636    0.027276  
     -1.521098  4.445127  1.158590     0.060021    0.099954   -0.132838  
      3.460534  1.453177  1.158590    -0.051419   -0.085630   -0.027268  
      2.691839  2.999651  3.491299    -0.009228   -0.015360    0.019478  
      0.904511  2.988315  1.158590     0.009201    0.015325   -0.019475  
      1.835103  4.307565  2.274727     0.005112   -0.081657    0.001700  
      1.761247  1.680400  2.375161    -0.005100    0.081676   -0.001698  
      0.177128  1.547018  0.042452    -0.074442   -0.033833    0.001706  
     -0.701653  3.000790  2.328827    -0.000020    0.000009    0.000007  
      3.419222  4.440948  4.607437     0.074505    0.033860   -0.001696  
      2.499828 -0.006807 -0.003882    -0.000003   -0.000004    0.000010  
 
   6 f  =   15.957666 THz   100.264970 2PiTHz  532.290428 cm-1    65.995572 meV
             X         Y         Z           dx          dy          dz
      5.117449  1.542838  3.491299     0.123232   -0.074047    0.000038  
      0.135816  4.534789  3.491299    -0.107553    0.064609   -0.000000  
     -1.521098  4.445127  1.158590     0.123027   -0.073879   -0.000011  
      3.460534  1.453177  1.158590    -0.107539    0.064546   -0.000002  
      2.691839  2.999651  3.491299     0.015611   -0.009378    0.000002  
      0.904511  2.988315  1.158590     0.015657   -0.009395   -0.000002  
      1.835103  4.307565  2.274727    -0.017228    0.073342    0.040026  
      1.761247  1.680400  2.375161    -0.017236    0.073332    0.040041  
      0.177128  1.547018  0.042452    -0.072857   -0.019255   -0.040022  
     -0.701653  3.000790  2.328827     0.038324   -0.021064    0.010661  
      3.419222  4.440948  4.607437    -0.072826   -0.019226   -0.040045  
      2.499828 -0.006807 -0.003882     0.036601   -0.023935   -0.010669  
 
   7 f  =   15.687664 THz    98.568499 2PiTHz  523.284138 cm-1    64.878935 meV
             X         Y         Z           dx          dy          dz
      5.117449  1.542838  3.491299     0.213747   -0.128355   -0.000010  
      0.135816  4.534789  3.491299    -0.030877    0.018569   -0.000009  
     -1.521098  4.445127  1.158590    -0.213862    0.128465   -0.000025  
      3.460534  1.453177  1.158590     0.031007   -0.018649    0.000005  
      2.691839  2.999651  3.491299    -0.035029    0.021035   -0.000000  
      0.904511  2.988315  1.158590     0.035013   -0.021027    0.000001  
      1.835103  4.307565  2.274727     0.005133    0.026744   -0.021172  
      1.761247  1.680400  2.375161    -0.005103   -0.026809    0.021133  
      0.177128  1.547018  0.042452    -0.021207   -0.017093    0.021195  
     -0.701653  3.000790  2.328827    -0.000025    0.000011   -0.000005  
      3.419222  4.440948  4.607437     0.021276    0.017095   -0.021143  
      2.499828 -0.006807 -0.003882    -0.000031    0.000019    0.000003  
 
   8 f  =   14.835146 THz    93.211969 2PiTHz  494.847190 cm-1    61.353205 meV
             X         Y         Z           dx          dy          dz
      5.117449  1.542838  3.491299     0.067041   -0.040200   -0.000073  
      0.135816  4.534789  3.491299    -0.028243    0.016984    0.000008  
     -1.521098  4.445127  1.158590     0.067064   -0.040213   -0.000074  
      3.460534  1.453177  1.158590    -0.028261    0.016969    0.000030  
      2.691839  2.999651  3.491299     0.004440   -0.002670   -0.000005  
      0.904511  2.988315  1.158590     0.004438   -0.002664    0.000002  
      1.835103  4.307565  2.274727     0.034697    0.032142   -0.086770  
      1.761247  1.680400  2.375161     0.034674    0.032150   -0.086783  
      0.177128  1.547018  0.042452    -0.012078   -0.045788    0.086837  
     -0.701653  3.000790  2.328827    -0.088258   -0.032625    0.006548  
      3.419222  4.440948  4.607437    -0.012079   -0.045804    0.086810  
      2.499828 -0.006807 -0.003882    -0.012796    0.093417   -0.006595  
 
   9 f  =   14.813165 THz    93.073861 2PiTHz  494.113999 cm-1    61.262301 meV
             X         Y         Z           dx          dy          dz
      5.117449  1.542838  3.491299    -0.036332   -0.060692    0.102897  
      0.135816  4.534789  3.491299    -0.009965   -0.016555   -0.027948  
     -1.521098  4.445127  1.158590    -0.036339   -0.060641    0.102840  
      3.460534  1.453177  1.158590    -0.009957   -0.016554   -0.027933  
      2.691839  2.999651  3.491299     0.002764    0.004602    0.001363  
      0.904511  2.988315  1.158590     0.002766    0.004598    0.001364  
      1.835103  4.307565  2.274727     0.042910    0.015786   -0.028254  
      1.761247  1.680400  2.375161     0.042911    0.015784   -0.028255  
      0.177128  1.547018  0.042452    -0.006228    0.045226   -0.028119  
     -0.701653  3.000790  2.328827    -0.134887    0.018624    0.024088  
      3.419222  4.440948  4.607437    -0.006234    0.045251   -0.028111  
      2.499828 -0.006807 -0.003882     0.079775   -0.110172    0.024085  
 
  10 f  =   14.352487 THz    90.179338 2PiTHz  478.747447 cm-1    59.357092 meV
             X         Y         Z           dx          dy          dz
      5.117449  1.542838  3.491299    -0.022305    0.013370    0.000015  
      0.135816  4.534789  3.491299    -0.001092    0.000635   -0.000007  
     -1.521098  4.445127  1.158590     0.022339   -0.013410    0.000029  
      3.460534  1.453177  1.158590     0.001076   -0.000665   -0.000012  
      2.691839  2.999651  3.491299    -0.002866    0.001723    0.000000  
      0.904511  2.988315  1.158590     0.002866   -0.001723   -0.000001  
      1.835103  4.307565  2.274727    -0.098624   -0.003439   -0.075816  
      1.761247  1.680400  2.375161     0.098633    0.003443    0.075824  
      0.177128  1.547018  0.042452    -0.043270    0.088660    0.075771  
     -0.701653  3.000790  2.328827    -0.000004    0.000013   -0.000016  
      3.419222  4.440948  4.607437     0.043276   -0.088643   -0.075774  
      2.499828 -0.006807 -0.003882    -0.000017   -0.000006    0.000005  
 
  11 f  =   14.255788 THz    89.571756 2PiTHz  475.521891 cm-1    58.957174 meV
             X         Y         Z           dx          dy          dz
      5.117449  1.542838  3.491299     0.016332    0.027460    0.029946  
      0.135816  4.534789  3.491299     0.044135    0.073441   -0.077278  
     -1.521098  4.445127  1.158590    -0.016509   -0.027327   -0.029983  
      3.460534  1.453177  1.158590    -0.044130   -0.073500    0.077248  
      2.691839  2.999651  3.491299    -0.007478   -0.012469   -0.014052  
      0.904511  2.988315  1.158590     0.007495    0.012478    0.014056  
      1.835103  4.307565  2.274727     0.067194    0.021186    0.084762  
      1.761247  1.680400  2.375161    -0.067161   -0.021156   -0.084740  
      0.177128  1.547018  0.042452    -0.012920    0.069272    0.084778  
     -0.701653  3.000790  2.328827     0.000014   -0.000024    0.000003  
      3.419222  4.440948  4.607437     0.012854   -0.069308   -0.084785  
      2.499828 -0.006807 -0.003882     0.000032   -0.000025   -0.000012  
 
  12 f  =   14.106451 THz    88.633448 2PiTHz  470.540569 cm-1    58.339569 meV
             X         Y         Z           dx          dy          dz
      5.117449  1.542838  3.491299     0.176924   -0.106238    0.000082  
      0.135816  4.534789  3.491299    -0.007460    0.004404   -0.000039  
     -1.521098  4.445127  1.158590     0.176869   -0.106283    0.000076  
      3.460534  1.453177  1.158590    -0.007479    0.004418   -0.000022  
      2.691839  2.999651  3.491299    -0.010149    0.006073   -0.000006  
      0.904511  2.988315  1.158590    -0.010145    0.006075   -0.000001  
      1.835103  4.307565  2.274727    -0.031327   -0.066804    0.003748  
      1.761247  1.680400  2.375161    -0.031438   -0.066803    0.003642  
      0.177128  1.547018  0.042452     0.044249    0.059188   -0.003590  
     -0.701653  3.000790  2.328827    -0.032519    0.050558   -0.015542  
      3.419222  4.440948  4.607437     0.044283    0.059141   -0.003682  
      2.499828 -0.006807 -0.003882    -0.060020    0.005017    0.015410  
 
  13 f  =   14.039687 THz    88.213952 2PiTHz  468.313532 cm-1    58.063452 meV
             X         Y         Z           dx          dy          dz
      5.117449  1.542838  3.491299     0.001663    0.003071    0.088399  
      0.135816  4.534789  3.491299    -0.064653   -0.107688   -0.077240  
     -1.521098  4.445127  1.158590     0.001680    0.003100    0.088401  
      3.460534  1.453177  1.158590    -0.064678   -0.107753   -0.077198  
      2.691839  2.999651  3.491299    -0.005632   -0.009392   -0.001337  
      0.904511  2.988315  1.158590    -0.005630   -0.009388   -0.001341  
      1.835103  4.307565  2.274727     0.045673    0.032717    0.040355  
      1.761247  1.680400  2.375161     0.045675    0.032706    0.040354  
      0.177128  1.547018  0.042452     0.007367    0.055586    0.040337  
     -0.701653  3.000790  2.328827     0.034632   -0.049388   -0.081079  
      3.419222  4.440948  4.607437     0.007342    0.055617    0.040374  
      2.499828 -0.006807 -0.003882    -0.059789    0.007356   -0.081095  
 
  14 f  =   13.783800 THz    86.606170 2PiTHz  459.778080 cm-1    57.005191 meV
             X         Y         Z           dx          dy          dz
      5.117449  1.542838  3.491299     0.041229    0.068736   -0.044877  
      0.135816  4.534789  3.491299    -0.069792   -0.116198    0.140520  
     -1.521098  4.445127  1.158590    -0.041348   -0.068754    0.044987  
      3.460534  1.453177  1.158590     0.069762    0.116196   -0.140507  
      2.691839  2.999651  3.491299     0.009378    0.015615    0.016113  
      0.904511  2.988315  1.158590    -0.009384   -0.015633   -0.016120  
      1.835103  4.307565  2.274727     0.039253   -0.054517    0.038312  
      1.761247  1.680400  2.375161    -0.039240    0.054598   -0.038317  
      0.177128  1.547018  0.042452    -0.066607    0.009035    0.038329  
     -0.701653  3.000790  2.328827     0.000025   -0.000026   -0.000001  
      3.419222  4.440948  4.607437     0.066629   -0.009035   -0.038333  
      2.499828 -0.006807 -0.003882     0.000015    0.000009   -0.000022  
 
  15 f  =   13.678957 THz    85.947423 2PiTHz  456.280901 cm-1    56.571596 meV
             X         Y         Z           dx          dy          dz
      5.117449  1.542838  3.491299    -0.049556   -0.082445    0.122485  
      0.135816  4.534789  3.491299     0.035520    0.059140    0.073869  
     -1.521098  4.445127  1.158590    -0.049561   -0.082412    0.122444  
      3.460534  1.453177  1.158590     0.035459    0.059040    0.073980  
      2.691839  2.999651  3.491299    -0.018767   -0.031247   -0.009540  
      0.904511  2.988315  1.158590    -0.018754   -0.031238   -0.009531  
      1.835103  4.307565  2.274727    -0.030191    0.064972   -0.023952  
      1.761247  1.680400  2.375161    -0.030199    0.064930   -0.023963  
      0.177128  1.547018  0.042452     0.071520    0.003827   -0.023944  
     -0.701653  3.000790  2.328827     0.048693    0.016271    0.002531  
      3.419222  4.440948  4.607437     0.071485    0.003822   -0.023963  
      2.499828 -0.006807 -0.003882    -0.008490    0.050628    0.002539  
 
  16 f  =   13.195538 THz    82.910008 2PiTHz  440.155755 cm-1    54.572334 meV
             X         Y         Z           dx          dy          dz
      5.117449  1.542838  3.491299     0.018978   -0.011427    0.000027  
      0.135816  4.534789  3.491299     0.041227   -0.024773   -0.000020  
     -1.521098  4.445127  1.158590     0.018989   -0.011383   -0.000006  
      3.460534  1.453177  1.158590     0.041244   -0.024748    0.000023  
      2.691839  2.999651  3.491299    -0.009717    0.005836   -0.000004  
      0.904511  2.988315  1.158590    -0.009718    0.005834    0.000003  
      1.835103  4.307565  2.274727    -0.048702   -0.019953   -0.015553  
      1.761247  1.680400  2.375161    -0.048691   -0.019948   -0.015520  
      0.177128  1.547018  0.042452    -0.005259    0.052362    0.015549  
     -0.701653  3.000790  2.328827     0.021969   -0.100393    0.115013  
      3.419222  4.440948  4.607437    -0.005265    0.052364    0.015522  
      2.499828 -0.006807 -0.003882     0.098942    0.027779   -0.115017  
 
  17 f  =   12.509501 THz    78.599512 2PiTHz  417.272033 cm-1    51.735115 meV
             X         Y         Z           dx          dy          dz
      5.117449  1.542838  3.491299    -0.053687   -0.089440    0.120342  
      0.135816  4.534789  3.491299    -0.100189   -0.166219   -0.106230  
     -1.521098  4.445127  1.158590     0.053701    0.089462   -0.120348  
      3.460534  1.453177  1.158590     0.100232    0.166216    0.106292  
      2.691839  2.999651  3.491299     0.008217    0.013641   -0.023261  
      0.904511  2.988315  1.158590    -0.008227   -0.013654    0.023260  
      1.835103  4.307565  2.274727    -0.005628    0.000045    0.020909  
      1.761247  1.680400  2.375161     0.005664   -0.000037   -0.020882  
      0.177128  1.547018  0.042452     0.002577   -0.004861    0.020723  
     -0.701653  3.000790  2.328827     0.000008    0.000020   -0.000037  
      3.419222  4.440948  4.607437    -0.002605    0.004848   -0.020719  
      2.499828 -0.006807 -0.003882    -0.000007    0.000013   -0.000006  
 
  18 f  =   12.459500 THz    78.285348 2PiTHz  415.604188 cm-1    51.528329 meV
             X         Y         Z           dx          dy          dz
      5.117449  1.542838  3.491299    -0.013531    0.007956    0.000176  
      0.135816  4.534789  3.491299     0.180749   -0.108961   -0.000182  
     -1.521098  4.445127  1.158590     0.013514   -0.007928   -0.000177  
      3.460534  1.453177  1.158590    -0.180803    0.108854    0.000125  
      2.691839  2.999651  3.491299    -0.012128    0.007317   -0.000034  
      0.904511  2.988315  1.158590     0.012137   -0.007312    0.000038  
      1.835103  4.307565  2.274727     0.050969   -0.012083   -0.064469  
      1.761247  1.680400  2.375161    -0.050989    0.012108    0.064468  
      0.177128  1.547018  0.042452     0.034653   -0.039346    0.064516  
     -0.701653  3.000790  2.328827     0.000004    0.000009    0.000013  
      3.419222  4.440948  4.607437    -0.034634    0.039319   -0.064540  
      2.499828 -0.006807 -0.003882    -0.000002    0.000003    0.000021  
 
  19 f  =   12.326988 THz    77.452749 2PiTHz  411.184056 cm-1    50.980303 meV
             X         Y         Z           dx          dy          dz
      5.117449  1.542838  3.491299    -0.010320   -0.017092   -0.008649  
      0.135816  4.534789  3.491299     0.089020    0.148316    0.102043  
     -1.521098  4.445127  1.158590    -0.010333   -0.017149   -0.008620  
      3.460534  1.453177  1.158590     0.088907    0.148311    0.101987  
      2.691839  2.999651  3.491299    -0.008837   -0.014715   -0.006959  
      0.904511  2.988315  1.158590    -0.008827   -0.014712   -0.006957  
      1.835103  4.307565  2.274727     0.058025   -0.030973    0.026657  
      1.761247  1.680400  2.375161     0.057996   -0.030964    0.026708  
      0.177128  1.547018  0.042452    -0.054546    0.036650    0.026716  
     -0.701653  3.000790  2.328827    -0.012686   -0.007365   -0.067844  
      3.419222  4.440948  4.607437    -0.054569    0.036679    0.026668  
      2.499828 -0.006807 -0.003882    -0.000520   -0.014659   -0.067856  
 
  20 f  =   11.975085 THz    75.241681 2PiTHz  399.445856 cm-1    49.524952 meV
             X         Y         Z           dx          dy          dz
      5.117449  1.542838  3.491299     0.062246   -0.037385   -0.000036  
      0.135816  4.534789  3.491299     0.208228   -0.124969    0.000071  
     -1.521098  4.445127  1.158590     0.062260   -0.037411    0.000005  
      3.460534  1.453177  1.158590     0.208179   -0.124972    0.000038  
      2.691839  2.999651  3.491299    -0.010257    0.006153    0.000002  
      0.904511  2.988315  1.158590    -0.010251    0.006147   -0.000008  
      1.835103  4.307565  2.274727    -0.008668    0.053150    0.010842  
      1.761247  1.680400  2.375161    -0.008659    0.053152    0.010814  
      0.177128  1.547018  0.042452    -0.051048   -0.017299   -0.010828  
     -0.701653  3.000790  2.328827    -0.007655    0.012964   -0.020191  
      3.419222  4.440948  4.607437    -0.051029   -0.017303   -0.010797  
      2.499828 -0.006807 -0.003882    -0.015033    0.000668    0.020147  
 
  21 f  =   11.477792 THz    72.117096 2PiTHz  382.857943 cm-1    47.468314 meV
             X         Y         Z           dx          dy          dz
      5.117449  1.542838  3.491299    -0.002771    0.001669   -0.000022  
      0.135816  4.534789  3.491299    -0.146418    0.087952   -0.000017  
     -1.521098  4.445127  1.158590     0.002782   -0.001668    0.000026  
      3.460534  1.453177  1.158590     0.146478   -0.087984   -0.000029  
      2.691839  2.999651  3.491299     0.030263   -0.018171    0.000007  
      0.904511  2.988315  1.158590    -0.030257    0.018173   -0.000005  
      1.835103  4.307565  2.274727     0.053416   -0.022613   -0.070049  
      1.761247  1.680400  2.375161    -0.053432    0.022633    0.070060  
      0.177128  1.547018  0.042452     0.045057   -0.036533    0.070047  
     -0.701653  3.000790  2.328827    -0.000003    0.000005   -0.000005  
      3.419222  4.440948  4.607437    -0.045066    0.036522   -0.070060  
      2.499828 -0.006807 -0.003882    -0.000016   -0.000004    0.000017  
 
  22 f  =   10.463963 THz    65.747017 2PiTHz  349.040227 cm-1    43.275453 meV
             X         Y         Z           dx          dy          dz
      5.117449  1.542838  3.491299    -0.001024   -0.001704    0.017886  
      0.135816  4.534789  3.491299     0.080326    0.133692   -0.156012  
     -1.521098  4.445127  1.158590    -0.000953   -0.001626    0.018031  
      3.460534  1.453177  1.158590     0.080339    0.133776   -0.155627  
      2.691839  2.999651  3.491299     0.005551    0.009261    0.000594  
      0.904511  2.988315  1.158590     0.005531    0.009197    0.000448  
      1.835103  4.307565  2.274727    -0.025474    0.016874    0.015379  
      1.761247  1.680400  2.375161    -0.025600    0.016888    0.015447  
      0.177128  1.547018  0.042452     0.026849   -0.014562    0.015372  
     -0.701653  3.000790  2.328827    -0.018139   -0.097190    0.019458  
      3.419222  4.440948  4.607437     0.026932   -0.014671    0.015449  
      2.499828 -0.006807 -0.003882    -0.077272   -0.061674    0.019465  
 
  23 f  =   10.450496 THz    65.662405 2PiTHz  348.591035 cm-1    43.219761 meV
             X         Y         Z           dx          dy          dz
      5.117449  1.542838  3.491299    -0.011062   -0.018403   -0.061542  
      0.135816  4.534789  3.491299    -0.008989   -0.014968   -0.148910  
     -1.521098  4.445127  1.158590     0.011050    0.018392    0.061467  
      3.460534  1.453177  1.158590     0.008776    0.014640    0.149429  
      2.691839  2.999651  3.491299     0.011417    0.019025    0.060246  
      0.904511  2.988315  1.158590    -0.011418   -0.019029   -0.060249  
      1.835103  4.307565  2.274727     0.054539   -0.009523   -0.036881  
      1.761247  1.680400  2.375161    -0.054481    0.009493    0.036843  
      0.177128  1.547018  0.042452    -0.034034    0.043671   -0.036893  
     -0.701653  3.000790  2.328827     0.000002    0.000070   -0.000044  
      3.419222  4.440948  4.607437     0.033981   -0.043636    0.036839  
      2.499828 -0.006807 -0.003882     0.000080    0.000053   -0.000025  
 
  24 f  =   10.204302 THz    64.115521 2PiTHz  340.378879 cm-1    42.201583 meV
             X         Y         Z           dx          dy          dz
      5.117449  1.542838  3.491299    -0.002619   -0.004365    0.028800  
      0.135816  4.534789  3.491299     0.024081    0.040093   -0.168533  
     -1.521098  4.445127  1.158590    -0.002646   -0.004403    0.028822  
      3.460534  1.453177  1.158590     0.024088    0.040111   -0.168421  
      2.691839  2.999651  3.491299    -0.017741   -0.029536   -0.001554  
      0.904511  2.988315  1.158590    -0.017742   -0.029542   -0.001592  
      1.835103  4.307565  2.274727     0.024865   -0.026508    0.012204  
      1.761247  1.680400  2.375161     0.024819   -0.026500    0.012237  
      0.177128  1.547018  0.042452    -0.035084    0.009495    0.012200  
     -0.701653  3.000790  2.328827     0.040129    0.101128    0.033142  
      3.419222  4.440948  4.607437    -0.035051    0.009457    0.012239  
      2.499828 -0.006807 -0.003882     0.070425    0.082940    0.033148  
 
  25 f  =    9.435607 THz    59.285670 2PiTHz  314.737984 cm-1    39.022519 meV
             X         Y         Z           dx          dy          dz
      5.117449  1.542838  3.491299    -0.019250   -0.032052   -0.089650  
      0.135816  4.534789  3.491299     0.015400    0.025593   -0.054498  
     -1.521098  4.445127  1.158590     0.019241    0.032084    0.089649  
      3.460534  1.453177  1.158590    -0.015392   -0.025601    0.054504  
      2.691839  2.999651  3.491299     0.012895    0.021379    0.033541  
      0.904511  2.988315  1.158590    -0.012835   -0.021423   -0.033541  
      1.835103  4.307565  2.274727    -0.073649   -0.013259    0.069951  
      1.761247  1.680400  2.375161     0.073686    0.013328   -0.070139  
      0.177128  1.547018  0.042452     0.022830   -0.071295    0.070127  
     -0.701653  3.000790  2.328827     0.000119    0.000353    0.000301  
      3.419222  4.440948  4.607437    -0.022919    0.071244   -0.069951  
      2.499828 -0.006807 -0.003882    -0.000246   -0.000250   -0.000274  
 
  26 f  =    9.404006 THz    59.087112 2PiTHz  313.683874 cm-1    38.891826 meV
             X         Y         Z           dx          dy          dz
      5.117449  1.542838  3.491299    -0.002903    0.001862    0.000249  
      0.135816  4.534789  3.491299     0.003684   -0.002309    0.000136  
     -1.521098  4.445127  1.158590    -0.002691    0.001508   -0.000228  
      3.460534  1.453177  1.158590     0.003983   -0.002277   -0.000139  
      2.691839  2.999651  3.491299     0.010928   -0.006642   -0.000088  
      0.904511  2.988315  1.158590     0.011185   -0.006640    0.000087  
      1.835103  4.307565  2.274727     0.003880    0.016167   -0.032972  
      1.761247  1.680400  2.375161     0.003412    0.016077   -0.032558  
      0.177128  1.547018  0.042452    -0.012589   -0.010615    0.032574  
     -0.701653  3.000790  2.328827     0.041277    0.124584    0.104034  
      3.419222  4.440948  4.607437    -0.012460   -0.010964    0.032945  
      2.499828 -0.006807 -0.003882    -0.090591   -0.094964   -0.104027  
 
  27 f  =    9.254860 THz    58.150002 2PiTHz  308.708909 cm-1    38.275009 meV
             X         Y         Z           dx          dy          dz
      5.117449  1.542838  3.491299    -0.113505    0.068152   -0.000024  
      0.135816  4.534789  3.491299    -0.077074    0.046285    0.000013  
     -1.521098  4.445127  1.158590     0.113504   -0.068159    0.000009  
      3.460534  1.453177  1.158590     0.077049   -0.046301   -0.000004  
      2.691839  2.999651  3.491299    -0.071244    0.042791    0.000000  
      0.904511  2.988315  1.158590     0.071215   -0.042772    0.000001  
      1.835103  4.307565  2.274727     0.017890    0.008483   -0.009318  
      1.761247  1.680400  2.375161    -0.017907   -0.008535    0.009403  
      0.177128  1.547018  0.042452     0.000928   -0.019803    0.009346  
     -0.701653  3.000790  2.328827    -0.000057   -0.000156   -0.000143  
      3.419222  4.440948  4.607437    -0.000887    0.019831   -0.009425  
      2.499828 -0.006807 -0.003882     0.000131    0.000128    0.000137  
 
  28 f  =    8.708283 THz    54.715756 2PiTHz  290.477053 cm-1    36.014548 meV
             X         Y         Z           dx          dy          dz
      5.117449  1.542838  3.491299     0.006421    0.010674    0.012600  
      0.135816  4.534789  3.491299     0.006894    0.011458   -0.023399  
     -1.521098  4.445127  1.158590     0.006408    0.010678    0.012620  
      3.460534  1.453177  1.158590     0.006871    0.011443   -0.023390  
      2.691839  2.999651  3.491299     0.003070    0.005107    0.002926  
      0.904511  2.988315  1.158590     0.003055    0.005097    0.002919  
      1.835103  4.307565  2.274727    -0.067792    0.008266    0.043810  
      1.761247  1.680400  2.375161    -0.067782    0.008270    0.043803  
      0.177128  1.547018  0.042452     0.039146   -0.055963    0.043811  
     -0.701653  3.000790  2.328827    -0.063231    0.070613   -0.092613  
      3.419222  4.440948  4.607437     0.039146   -0.055957    0.043804  
      2.499828 -0.006807 -0.003882     0.092037   -0.022654   -0.092620  
 
  29 f  =    7.740745 THz    48.636536 2PiTHz  258.203466 cm-1    32.013135 meV
             X         Y         Z           dx          dy          dz
      5.117449  1.542838  3.491299    -0.104787   -0.174461   -0.104175  
      0.135816  4.534789  3.491299     0.018321    0.030490    0.090408  
     -1.521098  4.445127  1.158590     0.104719    0.174406    0.104129  
      3.460534  1.453177  1.158590    -0.018326   -0.030497   -0.090423  
      2.691839  2.999651  3.491299     0.017618    0.029297   -0.023017  
      0.904511  2.988315  1.158590    -0.017594   -0.029323    0.023012  
      1.835103  4.307565  2.274727     0.033335    0.019294    0.001890  
      1.761247  1.680400  2.375161    -0.033351   -0.019295   -0.001872  
      0.177128  1.547018  0.042452     0.001358    0.038524    0.001871  
     -0.701653  3.000790  2.328827    -0.000014    0.000018    0.000004  
      3.419222  4.440948  4.607437    -0.001375   -0.038484   -0.001872  
      2.499828 -0.006807 -0.003882     0.000000    0.000028    0.000005  
 
  30 f  =    7.322225 THz    46.006894 2PiTHz  244.243125 cm-1    30.282274 meV
             X         Y         Z           dx          dy          dz
      5.117449  1.542838  3.491299     0.049859   -0.029998   -0.000027  
      0.135816  4.534789  3.491299    -0.013892    0.008356    0.000020  
     -1.521098  4.445127  1.158590     0.049909   -0.029913    0.000029  
      3.460534  1.453177  1.158590    -0.013899    0.008325   -0.000016  
      2.691839  2.999651  3.491299    -0.059721    0.035878   -0.000004  
      0.904511  2.988315  1.158590    -0.059730    0.035868    0.000005  
      1.835103  4.307565  2.274727     0.067612   -0.003987   -0.005964  
      1.761247  1.680400  2.375161     0.067590   -0.003997   -0.005958  
      0.177128  1.547018  0.042452     0.035285   -0.057792    0.005962  
     -0.701653  3.000790  2.328827     0.076775   -0.013664    0.005451  
      3.419222  4.440948  4.607437     0.035278   -0.057805    0.005950  
      2.499828 -0.006807 -0.003882     0.048128   -0.061353   -0.005447  
 
  31 f  =    5.753818 THz    36.152305 2PiTHz  191.926710 cm-1    23.795869 meV
             X         Y         Z           dx          dy          dz
      5.117449  1.542838  3.491299    -0.091415   -0.152214   -0.140052  
      0.135816  4.534789  3.491299    -0.014554   -0.024229   -0.001907  
     -1.521098  4.445127  1.158590    -0.091235   -0.151901   -0.139663  
      3.460534  1.453177  1.158590    -0.014338   -0.023869   -0.001931  
      2.691839  2.999651  3.491299     0.002514    0.004182   -0.029886  
      0.904511  2.988315  1.158590     0.002720    0.004535   -0.029989  
      1.835103  4.307565  2.274727     0.008595    0.028766    0.054165  
      1.761247  1.680400  2.375161     0.008613    0.028717    0.054110  
      0.177128  1.547018  0.042452     0.021353    0.021099    0.054172  
     -0.701653  3.000790  2.328827    -0.006824    0.008002    0.035204  
      3.419222  4.440948  4.607437     0.021305    0.021092    0.054116  
      2.499828 -0.006807 -0.003882     0.010268   -0.002271    0.035194  
 
  32 f  =    5.636610 THz    35.415866 2PiTHz  188.017077 cm-1    23.311136 meV
             X         Y         Z           dx          dy          dz
      5.117449  1.542838  3.491299     0.044088    0.073413    0.091131  
      0.135816  4.534789  3.491299     0.043775    0.072899   -0.011633  
     -1.521098  4.445127  1.158590    -0.044512   -0.074127   -0.091786  
      3.460534  1.453177  1.158590    -0.043850   -0.073016    0.011634  
      2.691839  2.999651  3.491299     0.042921    0.071468   -0.020746  
      0.904511  2.988315  1.158590    -0.042908   -0.071442    0.020594  
      1.835103  4.307565  2.274727    -0.000830   -0.011203   -0.010443  
      1.761247  1.680400  2.375161     0.000874    0.011339    0.010699  
      0.177128  1.547018  0.042452    -0.009501   -0.005996   -0.010436  
     -0.701653  3.000790  2.328827    -0.000008    0.000016    0.000094  
      3.419222  4.440948  4.607437     0.009596    0.006102    0.010703  
      2.499828 -0.006807 -0.003882     0.000015   -0.000007    0.000094  
 
  33 f  =    3.647594 THz    22.918507 2PiTHz  121.670627 cm-1    15.085228 meV
             X         Y         Z           dx          dy          dz
      5.117449  1.542838  3.491299    -0.051928   -0.086463   -0.105917  
      0.135816  4.534789  3.491299     0.005929    0.009873   -0.050952  
     -1.521098  4.445127  1.158590    -0.051945   -0.086486   -0.105943  
      3.460534  1.453177  1.158590     0.005923    0.009866   -0.050937  
      2.691839  2.999651  3.491299    -0.001551   -0.002584    0.068738  
      0.904511  2.988315  1.158590    -0.001557   -0.002592    0.068737  
      1.835103  4.307565  2.274727     0.008260    0.013905   -0.045121  
      1.761247  1.680400  2.375161     0.008272    0.013910   -0.045120  
      0.177128  1.547018  0.042452     0.008392    0.013825   -0.045117  
     -0.701653  3.000790  2.328827     0.012258    0.003614   -0.057061  
      3.419222  4.440948  4.607437     0.008393    0.013836   -0.045118  
      2.499828 -0.006807 -0.003882    -0.002570    0.012517   -0.057066  
 
  34 fi =    0.005277 THz     0.033158 2PiTHz    0.176030 cm-1     0.021825 meV
             X         Y         Z           dx          dy          dz
      5.117449  1.542838  3.491299     0.058403   -0.034998   -0.000010  
      0.135816  4.534789  3.491299     0.058421   -0.035011   -0.000010  
     -1.521098  4.445127  1.158590     0.058399   -0.035003   -0.000014  
      3.460534  1.453177  1.158590     0.058420   -0.035012   -0.000011  
      2.691839  2.999651  3.491299     0.058407   -0.035003   -0.000011  
      0.904511  2.988315  1.158590     0.058406   -0.035003   -0.000010  
      1.835103  4.307565  2.274727     0.058376   -0.034991   -0.000018  
      1.761247  1.680400  2.375161     0.058377   -0.034990   -0.000017  
      0.177128  1.547018  0.042452     0.058380   -0.034984   -0.000004  
     -0.701653  3.000790  2.328827     0.058336   -0.034948   -0.000010  
      3.419222  4.440948  4.607437     0.058380   -0.034983   -0.000003  
      2.499828 -0.006807 -0.003882     0.058323   -0.034967   -0.000012  
 
  35 fi =    0.010996 THz     0.069088 2PiTHz    0.366776 cm-1     0.045474 meV
             X         Y         Z           dx          dy          dz
      5.117449  1.542838  3.491299    -0.032864   -0.054845    0.022525  
      0.135816  4.534789  3.491299    -0.033033   -0.055121    0.022279  
     -1.521098  4.445127  1.158590    -0.032869   -0.054853    0.022519  
      3.460534  1.453177  1.158590    -0.033033   -0.055124    0.022276  
      2.691839  2.999651  3.491299    -0.033074   -0.055194    0.022140  
      0.904511  2.988315  1.158590    -0.033075   -0.055194    0.022142  
      1.835103  4.307565  2.274727    -0.033111   -0.055268    0.022159  
      1.761247  1.680400  2.375161    -0.033110   -0.055268    0.022160  
      0.177128  1.547018  0.042452    -0.033122   -0.055262    0.022162  
     -0.701653  3.000790  2.328827    -0.033097   -0.055253    0.022232  
      3.419222  4.440948  4.607437    -0.033120   -0.055261    0.022162  
      2.499828 -0.006807 -0.003882    -0.033115   -0.055243    0.022228  
 
  36 fi =    0.016129 THz     0.101340 2PiTHz    0.537997 cm-1     0.066703 meV
             X         Y         Z           dx          dy          dz
      5.117449  1.542838  3.491299     0.011386    0.018979    0.064335  
      0.135816  4.534789  3.491299     0.011427    0.019046    0.064417  
     -1.521098  4.445127  1.158590     0.011389    0.018984    0.064339  
      3.460534  1.453177  1.158590     0.011427    0.019047    0.064412  
      2.691839  2.999651  3.491299     0.011416    0.019029    0.064499  
      0.904511  2.988315  1.158590     0.011417    0.019030    0.064499  
      1.835103  4.307565  2.274727     0.011402    0.019070    0.064269  
      1.761247  1.680400  2.375161     0.011396    0.019070    0.064271  
      0.177128  1.547018  0.042452     0.011459    0.019036    0.064269  
     -0.701653  3.000790  2.328827     0.011377    0.018988    0.064055  
      3.419222  4.440948  4.607437     0.011460    0.019031    0.064270  
      2.499828 -0.006807 -0.003882     0.011398    0.018976    0.064056  
 
