 Eigenvectors and eigenvalues of the dynamical matrix
 ----------------------------------------------------
 
 
   1 f  =   21.689867 THz   136.281456 2PiTHz  723.496100 cm-1    89.702044 meV
             X         Y         Z           dx          dy          dz
      2.955181  0.772514  1.252332     0.009483   -0.005617    0.000006  
     -1.247079  2.110485  3.746137     0.009483   -0.005621   -0.000005  
      0.515804  2.217783  1.252332     0.002473   -0.001465    0.000007  
      1.192299  0.665215  3.746137     0.002471   -0.001465   -0.000007  
     -2.072195  3.751106  1.252332     0.001810   -0.001072    0.000002  
      3.780298 -0.868108  3.746137     0.001806   -0.001070   -0.000002  
     -1.263149  2.298016  0.002715    -0.054182    0.098642    0.090784  
      0.492570  2.179198  4.939709     0.024204   -0.037324    0.056168  
      2.179797  2.331320  2.445904     0.044365   -0.003289   -0.056173  
      1.215533  0.703800  0.058760     0.024200   -0.037328    0.056174  
     -0.471694  0.551678  2.552565     0.044363   -0.003306   -0.056169  
      2.117201 -0.856517  2.496520    -0.112543    0.000138   -0.090784  
 
   2 f  =   17.179801 THz   107.943872 2PiTHz  573.056473 cm-1    71.049915 meV
             X         Y         Z           dx          dy          dz
      2.955181  0.772514  1.252332     0.011245    0.018973    0.111708  
     -1.247079  2.110485  3.746137    -0.011253   -0.018993   -0.111722  
      0.515804  2.217783  1.252332     0.000546    0.000920    0.133744  
      1.192299  0.665215  3.746137    -0.000567   -0.000965   -0.133792  
     -2.072195  3.751106  1.252332    -0.002946   -0.004975    0.030234  
      3.780298 -0.868108  3.746137     0.002947    0.004974   -0.030242  
     -1.263149  2.298016  0.002715    -0.000058    0.000090    0.000064  
      0.492570  2.179198  4.939709    -0.070421   -0.042190    0.019672  
      2.179797  2.331320  2.445904     0.003172    0.081971   -0.019703  
      1.215533  0.703800  0.058760     0.070384    0.042175   -0.019720  
     -0.471694  0.551678  2.552565    -0.003176   -0.082008    0.019691  
      2.117201 -0.856517  2.496520     0.000109   -0.000010    0.000065  
 
   3 f  =   16.957578 THz   106.547603 2PiTHz  565.643905 cm-1    70.130875 meV
             X         Y         Z           dx          dy          dz
      2.955181  0.772514  1.252332    -0.008630   -0.014572   -0.010123  
     -1.247079  2.110485  3.746137    -0.008627   -0.014553   -0.009956  
      0.515804  2.217783  1.252332    -0.016968   -0.028626   -0.031301  
      1.192299  0.665215  3.746137    -0.016952   -0.028629   -0.031091  
     -2.072195  3.751106  1.252332    -0.001017   -0.001720   -0.005260  
      3.780298 -0.868108  3.746137    -0.001022   -0.001722   -0.005215  
     -1.263149  2.298016  0.002715    -0.080342    0.121585    0.086446  
      0.492570  2.179198  4.939709    -0.011666   -0.012470   -0.020591  
      2.179797  2.331320  2.445904    -0.005340   -0.016342   -0.020558  
      1.215533  0.703800  0.058760    -0.011740   -0.012512   -0.020552  
     -0.471694  0.551678  2.552565    -0.005327   -0.016185   -0.020588  
      2.117201 -0.856517  2.496520     0.145232   -0.012062    0.086447  
 
   4 f  =   16.912566 THz   106.264788 2PiTHz  564.142487 cm-1    69.944723 meV
             X         Y         Z           dx          dy          dz
      2.955181  0.772514  1.252332    -0.018171    0.010765    0.000008  
     -1.247079  2.110485  3.746137     0.018150   -0.010756   -0.000012  
      0.515804  2.217783  1.252332     0.031879   -0.018893    0.000008  
      1.192299  0.665215  3.746137    -0.031874    0.018880   -0.000016  
     -2.072195  3.751106  1.252332    -0.006752    0.003999    0.000002  
      3.780298 -0.868108  3.746137     0.006751   -0.003999   -0.000003  
     -1.263149  2.298016  0.002715    -0.000002    0.000009    0.000011  
      0.492570  2.179198  4.939709     0.097007    0.074222    0.013590  
      2.179797  2.331320  2.445904     0.018496    0.120763    0.013573  
      1.215533  0.703800  0.058760    -0.097026   -0.074228   -0.013583  
     -0.471694  0.551678  2.552565    -0.018502   -0.120753   -0.013593  
      2.117201 -0.856517  2.496520     0.000035   -0.000006    0.000016  
 
   5 f  =   14.893822 THz    93.580642 2PiTHz  496.804419 cm-1    61.595870 meV
             X         Y         Z           dx          dy          dz
      2.955181  0.772514  1.252332     0.092416   -0.054837    0.000004  
     -1.247079  2.110485  3.746137     0.092494   -0.054719   -0.000003  
      0.515804  2.217783  1.252332    -0.075673    0.044897    0.000057  
      1.192299  0.665215  3.746137    -0.075734    0.044806   -0.000060  
     -2.072195  3.751106  1.252332    -0.002953    0.001757    0.000004  
      3.780298 -0.868108  3.746137    -0.002954    0.001743   -0.000004  
     -1.263149  2.298016  0.002715    -0.050612    0.042942   -0.006826  
      0.492570  2.179198  4.939709     0.066030    0.035179   -0.064382  
      2.179797  2.331320  2.445904     0.000849   -0.074783    0.064411  
      1.215533  0.703800  0.058760     0.065941    0.035176   -0.064426  
     -0.471694  0.551678  2.552565     0.000836   -0.074755    0.064396  
      2.117201 -0.856517  2.496520    -0.061973    0.023761    0.006828  
 
   6 f  =   14.824486 THz    93.144994 2PiTHz  494.491632 cm-1    61.309121 meV
             X         Y         Z           dx          dy          dz
      2.955181  0.772514  1.252332     0.058891    0.099263   -0.030653  
     -1.247079  2.110485  3.746137    -0.058770   -0.099331    0.030656  
      0.515804  2.217783  1.252332    -0.067494   -0.113786   -0.145161  
      1.192299  0.665215  3.746137     0.067365    0.113846    0.145149  
     -2.072195  3.751106  1.252332    -0.005162   -0.008700   -0.018096  
      3.780298 -0.868108  3.746137     0.005153    0.008708    0.018097  
     -1.263149  2.298016  0.002715    -0.000020   -0.000001   -0.000020  
      0.492570  2.179198  4.939709    -0.064510   -0.017269   -0.001911  
      2.179797  2.331320  2.445904    -0.015849    0.064874    0.001916  
      1.215533  0.703800  0.058760     0.064589    0.017293    0.001897  
     -0.471694  0.551678  2.552565     0.015857   -0.064958   -0.001899  
      2.117201 -0.856517  2.496520    -0.000017    0.000019    0.000010  
 
   7 f  =   14.696777 THz    92.342575 2PiTHz  490.231720 cm-1    60.780959 meV
             X         Y         Z           dx          dy          dz
      2.955181  0.772514  1.252332    -0.025644   -0.043312    0.024980  
     -1.247079  2.110485  3.746137    -0.025645   -0.043316    0.024976  
      0.515804  2.217783  1.252332     0.086599    0.146231    0.095336  
      1.192299  0.665215  3.746137     0.086608    0.146228    0.095343  
     -2.072195  3.751106  1.252332    -0.013002   -0.021939   -0.003360  
      3.780298 -0.868108  3.746137    -0.013004   -0.021941   -0.003359  
     -1.263149  2.298016  0.002715    -0.007322   -0.013267    0.046221  
      0.492570  2.179198  4.939709     0.018061    0.056496   -0.036123  
      2.179797  2.331320  2.445904     0.040873    0.042973   -0.036145  
      1.215533  0.703800  0.058760     0.018074    0.056500   -0.036114  
     -0.471694  0.551678  2.552565     0.040896    0.042959   -0.036174  
      2.117201 -0.856517  2.496520    -0.008090   -0.012769    0.046247  
 
   8 f  =   14.595422 THz    91.705743 2PiTHz  486.850883 cm-1    60.361789 meV
             X         Y         Z           dx          dy          dz
      2.955181  0.772514  1.252332     0.050331   -0.029833    0.000012  
     -1.247079  2.110485  3.746137     0.050355   -0.029798   -0.000023  
      0.515804  2.217783  1.252332    -0.107765    0.063842    0.000021  
      1.192299  0.665215  3.746137    -0.107798    0.063768   -0.000075  
     -2.072195  3.751106  1.252332    -0.010517    0.006241    0.000008  
      3.780298 -0.868108  3.746137    -0.010521    0.006239   -0.000005  
     -1.263149  2.298016  0.002715    -0.014912   -0.072561   -0.048179  
      0.492570  2.179198  4.939709     0.040612   -0.000752    0.077794  
      2.179797  2.331320  2.445904     0.020164   -0.035287   -0.077789  
      1.215533  0.703800  0.058760     0.040602   -0.000780    0.077817  
     -0.471694  0.551678  2.552565     0.020156   -0.035256   -0.077786  
      2.117201 -0.856517  2.496520     0.056479    0.047939    0.048156  
 
   9 f  =   14.041466 THz    88.225135 2PiTHz  468.372901 cm-1    58.070812 meV
             X         Y         Z           dx          dy          dz
      2.955181  0.772514  1.252332     0.007804   -0.004635   -0.000001  
     -1.247079  2.110485  3.746137    -0.007793    0.004618    0.000007  
      0.515804  2.217783  1.252332    -0.001498    0.000885    0.000003  
      1.192299  0.665215  3.746137     0.001511   -0.000873    0.000007  
     -2.072195  3.751106  1.252332     0.000051   -0.000031   -0.000001  
      3.780298 -0.868108  3.746137    -0.000053    0.000030    0.000001  
     -1.263149  2.298016  0.002715    -0.000005    0.000006    0.000003  
      0.492570  2.179198  4.939709    -0.046459    0.077234   -0.086524  
      2.179797  2.331320  2.445904     0.090072   -0.003657   -0.086509  
      1.215533  0.703800  0.058760     0.046471   -0.077221    0.086487  
     -0.471694  0.551678  2.552565    -0.090065    0.003647    0.086535  
      2.117201 -0.856517  2.496520    -0.000012   -0.000001    0.000004  
 
  10 f  =   13.784403 THz    86.609956 2PiTHz  459.798180 cm-1    57.007683 meV
             X         Y         Z           dx          dy          dz
      2.955181  0.772514  1.252332    -0.031411   -0.052990   -0.052493  
     -1.247079  2.110485  3.746137     0.031386    0.052992    0.052485  
      0.515804  2.217783  1.252332    -0.039052   -0.065929   -0.002487  
      1.192299  0.665215  3.746137     0.039071    0.065955    0.002515  
     -2.072195  3.751106  1.252332     0.000350    0.000593   -0.007004  
      3.780298 -0.868108  3.746137    -0.000352   -0.000595    0.007005  
     -1.263149  2.298016  0.002715     0.000003   -0.000007    0.000004  
      0.492570  2.179198  4.939709     0.036404   -0.070918    0.082438  
      2.179797  2.331320  2.445904     0.079680    0.002132   -0.082433  
      1.215533  0.703800  0.058760    -0.036414    0.070927   -0.082421  
     -0.471694  0.551678  2.552565    -0.079674   -0.002135    0.082389  
      2.117201 -0.856517  2.496520     0.000012    0.000004    0.000006  
 
  11 f  =   13.193722 THz    82.898603 2PiTHz  440.095209 cm-1    54.564827 meV
             X         Y         Z           dx          dy          dz
      2.955181  0.772514  1.252332    -0.074951   -0.126274    0.085185  
     -1.247079  2.110485  3.746137    -0.074739   -0.126368    0.085181  
      0.515804  2.217783  1.252332    -0.040243   -0.068734   -0.129374  
      1.192299  0.665215  3.746137    -0.040957   -0.068310   -0.129369  
     -2.072195  3.751106  1.252332     0.007698    0.013073    0.004807  
      3.780298 -0.868108  3.746137     0.007768    0.013029    0.004808  
     -1.263149  2.298016  0.002715    -0.032188   -0.062771    0.027752  
      0.492570  2.179198  4.939709    -0.005362    0.043287   -0.019285  
      2.179797  2.331320  2.445904     0.040540    0.016096   -0.019286  
      1.215533  0.703800  0.058760    -0.005271    0.043290   -0.019331  
     -0.471694  0.551678  2.552565     0.040502    0.016176   -0.019323  
      2.117201 -0.856517  2.496520    -0.039594   -0.058389    0.027749  
 
  12 f  =   13.175700 THz    82.785366 2PiTHz  439.494055 cm-1    54.490293 meV
             X         Y         Z           dx          dy          dz
      2.955181  0.772514  1.252332    -0.060600    0.036181   -0.000141  
     -1.247079  2.110485  3.746137     0.060856   -0.035779   -0.000142  
      0.515804  2.217783  1.252332     0.217577   -0.128747    0.000216  
      1.192299  0.665215  3.746137    -0.217466    0.128994    0.000214  
     -2.072195  3.751106  1.252332    -0.021396    0.012648   -0.000008  
      3.780298 -0.868108  3.746137     0.021370   -0.012690   -0.000008  
     -1.263149  2.298016  0.002715     0.000059    0.000109   -0.000047  
      0.492570  2.179198  4.939709    -0.027781   -0.000902    0.011820  
      2.179797  2.331320  2.445904     0.012563   -0.024788    0.011823  
      1.215533  0.703800  0.058760     0.027792    0.000741   -0.011758  
     -0.471694  0.551678  2.552565    -0.012683    0.024748   -0.011763  
      2.117201 -0.856517  2.496520     0.000063    0.000088   -0.000040  
 
  13 f  =   12.511055 THz    78.609274 2PiTHz  417.323859 cm-1    51.741541 meV
             X         Y         Z           dx          dy          dz
      2.955181  0.772514  1.252332     0.040756   -0.024121   -0.000000  
     -1.247079  2.110485  3.746137     0.040720   -0.024142   -0.000005  
      0.515804  2.217783  1.252332    -0.094470    0.055966    0.000000  
      1.192299  0.665215  3.746137    -0.094428    0.055953    0.000000  
     -2.072195  3.751106  1.252332     0.002131   -0.001266    0.000002  
      3.780298 -0.868108  3.746137     0.002128   -0.001260   -0.000002  
     -1.263149  2.298016  0.002715    -0.016368    0.020416   -0.054558  
      0.492570  2.179198  4.939709    -0.036153   -0.094316   -0.029769  
      2.179797  2.331320  2.445904     0.065350    0.077028    0.029770  
      1.215533  0.703800  0.058760    -0.036179   -0.094312   -0.029780  
     -0.471694  0.551678  2.552565     0.065340    0.077035    0.029780  
      2.117201 -0.856517  2.496520    -0.025767    0.004549    0.054558  
 
  14 f  =   12.222585 THz    76.796765 2PiTHz  407.701545 cm-1    50.548526 meV
             X         Y         Z           dx          dy          dz
      2.955181  0.772514  1.252332    -0.014066   -0.023760    0.014590  
     -1.247079  2.110485  3.746137    -0.014190   -0.023949    0.014513  
      0.515804  2.217783  1.252332     0.016517    0.027894    0.086679  
      1.192299  0.665215  3.746137     0.016511    0.027878    0.086687  
     -2.072195  3.751106  1.252332     0.011280    0.019037    0.000582  
      3.780298 -0.868108  3.746137     0.011293    0.019058    0.000576  
     -1.263149  2.298016  0.002715     0.028869   -0.012862    0.016859  
      0.492570  2.179198  4.939709    -0.103499   -0.015105   -0.029045  
      2.179797  2.331320  2.445904     0.036465   -0.098096   -0.029070  
      1.215533  0.703800  0.058760    -0.103561   -0.015138   -0.029075  
     -0.471694  0.551678  2.552565     0.036474   -0.098028   -0.029040  
      2.117201 -0.856517  2.496520    -0.025151    0.019141    0.016857  
 
  15 f  =   11.930017 THz    74.958507 2PiTHz  397.942529 cm-1    49.338563 meV
             X         Y         Z           dx          dy          dz
      2.955181  0.772514  1.252332    -0.106622   -0.179956   -0.084571  
     -1.247079  2.110485  3.746137     0.106599    0.179941    0.084587  
      0.515804  2.217783  1.252332     0.001499    0.002540   -0.013788  
      1.192299  0.665215  3.746137    -0.001503   -0.002516    0.013886  
     -2.072195  3.751106  1.252332     0.009981    0.016845   -0.007744  
      3.780298 -0.868108  3.746137    -0.009967   -0.016823    0.007742  
     -1.263149  2.298016  0.002715     0.000019   -0.000003    0.000004  
      0.492570  2.179198  4.939709    -0.053483   -0.022664   -0.037304  
      2.179797  2.331320  2.445904    -0.005789    0.057688    0.037278  
      1.215533  0.703800  0.058760     0.053361    0.022611    0.037283  
     -0.471694  0.551678  2.552565     0.005834   -0.057774   -0.037303  
      2.117201 -0.856517  2.496520    -0.000008    0.000016    0.000014  
 
  16 f  =   11.528108 THz    72.433241 2PiTHz  384.536303 cm-1    47.676404 meV
             X         Y         Z           dx          dy          dz
      2.955181  0.772514  1.252332     0.143467   -0.084997   -0.000002  
     -1.247079  2.110485  3.746137    -0.143454    0.084983    0.000002  
      0.515804  2.217783  1.252332     0.058180   -0.034464    0.000001  
      1.192299  0.665215  3.746137    -0.058178    0.034466    0.000000  
     -2.072195  3.751106  1.252332    -0.012320    0.007297   -0.000000  
      3.780298 -0.868108  3.746137     0.012317   -0.007296   -0.000000  
     -1.263149  2.298016  0.002715     0.000004    0.000002   -0.000001  
      0.492570  2.179198  4.939709     0.045977   -0.049735   -0.066089  
      2.179797  2.331320  2.445904    -0.065703    0.016426   -0.066091  
      1.215533  0.703800  0.058760    -0.045966    0.049736    0.066091  
     -0.471694  0.551678  2.552565     0.065701   -0.016426    0.066092  
      2.117201 -0.856517  2.496520     0.000002   -0.000006    0.000002  
 
  17 f  =   10.771214 THz    67.677533 2PiTHz  359.289022 cm-1    44.546141 meV
             X         Y         Z           dx          dy          dz
      2.955181  0.772514  1.252332     0.057455    0.096941   -0.179278  
     -1.247079  2.110485  3.746137    -0.057374   -0.096885    0.179268  
      0.515804  2.217783  1.252332     0.063447    0.107090    0.103570  
      1.192299  0.665215  3.746137    -0.063468   -0.107125   -0.103627  
     -2.072195  3.751106  1.252332    -0.003299   -0.005566   -0.017176  
      3.780298 -0.868108  3.746137     0.003290    0.005557    0.017187  
     -1.263149  2.298016  0.002715     0.000016    0.000002    0.000005  
      0.492570  2.179198  4.939709    -0.012276   -0.032527   -0.009891  
      2.179797  2.331320  2.445904     0.022678    0.026394    0.009872  
      1.215533  0.703800  0.058760     0.012251    0.032568    0.009871  
     -0.471694  0.551678  2.552565    -0.022640   -0.026387   -0.009893  
      2.117201 -0.856517  2.496520     0.000001   -0.000004   -0.000007  
 
  18 f  =   10.613854 THz    66.688810 2PiTHz  354.040052 cm-1    43.895352 meV
             X         Y         Z           dx          dy          dz
      2.955181  0.772514  1.252332     0.089354    0.150826   -0.021968  
     -1.247079  2.110485  3.746137     0.089391    0.150890   -0.022070  
      0.515804  2.217783  1.252332    -0.034270   -0.057860   -0.073600  
      1.192299  0.665215  3.746137    -0.034240   -0.057791   -0.073525  
     -2.072195  3.751106  1.252332    -0.010797   -0.018223    0.014130  
      3.780298 -0.868108  3.746137    -0.010800   -0.018226    0.014118  
     -1.263149  2.298016  0.002715     0.018479    0.001243    0.005807  
      0.492570  2.179198  4.939709    -0.036660    0.062228   -0.025215  
      2.179797  2.331320  2.445904     0.072189   -0.002282   -0.025205  
      1.215533  0.703800  0.058760    -0.036675    0.062221   -0.025204  
     -0.471694  0.551678  2.552565     0.072195   -0.002265   -0.025210  
      2.117201 -0.856517  2.496520    -0.007789    0.016810    0.005812  
 
  19 f  =   10.210868 THz    64.156779 2PiTHz  340.597911 cm-1    42.228740 meV
             X         Y         Z           dx          dy          dz
      2.955181  0.772514  1.252332    -0.158497    0.093918   -0.000018  
     -1.247079  2.110485  3.746137    -0.158511    0.093882    0.000020  
      0.515804  2.217783  1.252332     0.055163   -0.032669    0.000008  
      1.192299  0.665215  3.746137     0.055122   -0.032667   -0.000004  
     -2.072195  3.751106  1.252332     0.004915   -0.002910   -0.000001  
      3.780298 -0.868108  3.746137     0.004909   -0.002906    0.000000  
     -1.263149  2.298016  0.002715    -0.084262    0.002521   -0.076066  
      0.492570  2.179198  4.939709     0.040844   -0.015828   -0.003927  
      2.179797  2.331320  2.445904     0.033490   -0.028219    0.003924  
      1.215533  0.703800  0.058760     0.040844   -0.015818   -0.003922  
     -0.471694  0.551678  2.552565     0.033497   -0.028232    0.003927  
      2.117201 -0.856517  2.496520    -0.042687    0.072693    0.076065  
 
  20 f  =    9.732884 THz    61.153511 2PiTHz  324.654050 cm-1    40.251954 meV
             X         Y         Z           dx          dy          dz
      2.955181  0.772514  1.252332     0.124811   -0.073955    0.000015  
     -1.247079  2.110485  3.746137     0.124837   -0.073950    0.000010  
      0.515804  2.217783  1.252332     0.171665   -0.101713   -0.000006  
      1.192299  0.665215  3.746137     0.171667   -0.101702    0.000002  
     -2.072195  3.751106  1.252332    -0.024907    0.014755    0.000002  
      3.780298 -0.868108  3.746137    -0.024907    0.014762   -0.000005  
     -1.263149  2.298016  0.002715    -0.014594   -0.003508   -0.042288  
      0.492570  2.179198  4.939709     0.012103   -0.024992    0.004215  
      2.179797  2.331320  2.445904     0.027731    0.001387   -0.004207  
      1.215533  0.703800  0.058760     0.012090   -0.024980    0.004221  
     -0.471694  0.551678  2.552565     0.027719    0.001389   -0.004222  
      2.117201 -0.856517  2.496520    -0.003936    0.014478    0.042289  
 
  21 f  =    8.556648 THz    53.763007 2PiTHz  285.419067 cm-1    35.387438 meV
             X         Y         Z           dx          dy          dz
      2.955181  0.772514  1.252332     0.164886   -0.097693   -0.000016  
     -1.247079  2.110485  3.746137    -0.164896    0.097693    0.000002  
      0.515804  2.217783  1.252332    -0.024219    0.014339   -0.000012  
      1.192299  0.665215  3.746137     0.024236   -0.014359    0.000012  
     -2.072195  3.751106  1.252332    -0.028331    0.016779    0.000008  
      3.780298 -0.868108  3.746137     0.028331   -0.016781   -0.000009  
     -1.263149  2.298016  0.002715    -0.000003    0.000004   -0.000003  
      0.492570  2.179198  4.939709    -0.033571    0.036826    0.054729  
      2.179797  2.331320  2.445904     0.048455   -0.011755    0.054748  
      1.215533  0.703800  0.058760     0.033569   -0.036822   -0.054714  
     -0.471694  0.551678  2.552565    -0.048449    0.011759   -0.054754  
      2.117201 -0.856517  2.496520    -0.000006    0.000012    0.000008  
 
  22 f  =    8.469790 THz    53.217262 2PiTHz  282.521794 cm-1    35.028222 meV
             X         Y         Z           dx          dy          dz
      2.955181  0.772514  1.252332     0.006425    0.010969   -0.041423  
     -1.247079  2.110485  3.746137    -0.006491   -0.011013    0.041350  
      0.515804  2.217783  1.252332    -0.007532   -0.012684   -0.076060  
      1.192299  0.665215  3.746137     0.007501    0.012701    0.076053  
     -2.072195  3.751106  1.252332    -0.008799   -0.014861    0.043487  
      3.780298 -0.868108  3.746137     0.008799    0.014863   -0.043485  
     -1.263149  2.298016  0.002715     0.000015   -0.000002    0.000008  
      0.492570  2.179198  4.939709     0.035540   -0.056058   -0.059162  
      2.179797  2.331320  2.445904     0.066221   -0.004233    0.059145  
      1.215533  0.703800  0.058760    -0.035523    0.056069    0.059163  
     -0.471694  0.551678  2.552565    -0.066218    0.004223   -0.059131  
      2.117201 -0.856517  2.496520     0.000004    0.000004   -0.000011  
 
  23 f  =    8.063092 THz    50.661901 2PiTHz  268.955799 cm-1    33.346254 meV
             X         Y         Z           dx          dy          dz
      2.955181  0.772514  1.252332     0.057625    0.097191    0.219468  
     -1.247079  2.110485  3.746137     0.057614    0.097215    0.219512  
      0.515804  2.217783  1.252332     0.023506    0.039668    0.005938  
      1.192299  0.665215  3.746137     0.023488    0.039653    0.005986  
     -2.072195  3.751106  1.252332     0.001668    0.002791   -0.009121  
      3.780298 -0.868108  3.746137     0.001677    0.002805   -0.009142  
     -1.263149  2.298016  0.002715    -0.072387   -0.011957   -0.033179  
      0.492570  2.179198  4.939709    -0.004343   -0.015431    0.000485  
      2.179797  2.331320  2.445904    -0.011474   -0.011194    0.000486  
      1.215533  0.703800  0.058760    -0.004347   -0.015425    0.000481  
     -0.471694  0.551678  2.552565    -0.011491   -0.011192    0.000478  
      2.117201 -0.856517  2.496520     0.024278   -0.069113   -0.033203  
 
  24 f  =    7.982928 THz    50.158214 2PiTHz  266.281805 cm-1    33.014721 meV
             X         Y         Z           dx          dy          dz
      2.955181  0.772514  1.252332     0.062749   -0.037225   -0.000111  
     -1.247079  2.110485  3.746137     0.062717   -0.037223   -0.000083  
      0.515804  2.217783  1.252332     0.017360   -0.010312   -0.000012  
      1.192299  0.665215  3.746137     0.017311   -0.010274    0.000000  
     -2.072195  3.751106  1.252332     0.022268   -0.013193    0.000008  
      3.780298 -0.868108  3.746137     0.022251   -0.013188   -0.000001  
     -1.263149  2.298016  0.002715    -0.124048   -0.059343    0.024622  
      0.492570  2.179198  4.939709    -0.049677    0.020202    0.001562  
      2.179797  2.331320  2.445904    -0.041569    0.033880   -0.001561  
      1.215533  0.703800  0.058760    -0.049679    0.020200    0.001566  
     -0.471694  0.551678  2.552565    -0.041572    0.033876   -0.001563  
      2.117201 -0.856517  2.496520    -0.007561    0.137362   -0.024592  
 
  25 f  =    7.287361 THz    45.787842 2PiTHz  243.080212 cm-1    30.138092 meV
             X         Y         Z           dx          dy          dz
      2.955181  0.772514  1.252332     0.029441    0.049702    0.052523  
     -1.247079  2.110485  3.746137    -0.029430   -0.049653   -0.052515  
      0.515804  2.217783  1.252332    -0.066713   -0.112609    0.110290  
      1.192299  0.665215  3.746137     0.066708    0.112601   -0.110245  
     -2.072195  3.751106  1.252332     0.017833    0.030101   -0.020151  
      3.780298 -0.868108  3.746137    -0.017828   -0.030083    0.020195  
     -1.263149  2.298016  0.002715    -0.000035   -0.000028   -0.000012  
      0.492570  2.179198  4.939709     0.028451   -0.029495   -0.051543  
      2.179797  2.331320  2.445904     0.039473   -0.010780    0.051428  
      1.215533  0.703800  0.058760    -0.028410    0.029434    0.051419  
     -0.471694  0.551678  2.552565    -0.039521    0.010782   -0.051531  
      2.117201 -0.856517  2.496520     0.000013   -0.000029   -0.000037  
 
  26 f  =    7.116361 THz    44.713413 2PiTHz  237.376242 cm-1    29.430890 meV
             X         Y         Z           dx          dy          dz
      2.955181  0.772514  1.252332    -0.015956   -0.026917    0.046587  
     -1.247079  2.110485  3.746137    -0.015993   -0.026996    0.046557  
      0.515804  2.217783  1.252332     0.010348    0.017468   -0.037306  
      1.192299  0.665215  3.746137     0.010442    0.017641   -0.037462  
     -2.072195  3.751106  1.252332    -0.005852   -0.009881   -0.034052  
      3.780298 -0.868108  3.746137    -0.005878   -0.009919   -0.034029  
     -1.263149  2.298016  0.002715     0.036968    0.029740    0.018591  
      0.492570  2.179198  4.939709    -0.033751    0.034606    0.085840  
      2.179797  2.331320  2.445904     0.046607   -0.012999    0.085899  
      1.215533  0.703800  0.058760    -0.033790    0.034635    0.085900  
     -0.471694  0.551678  2.552565     0.046566   -0.012979    0.085843  
      2.117201 -0.856517  2.496520     0.008325    0.046705    0.018592  
 
  27 f  =    6.710155 THz    42.161147 2PiTHz  223.826674 cm-1    27.750958 meV
             X         Y         Z           dx          dy          dz
      2.955181  0.772514  1.252332    -0.098351    0.058277   -0.000001  
     -1.247079  2.110485  3.746137     0.098422   -0.058306    0.000014  
      0.515804  2.217783  1.252332    -0.096034    0.056888    0.000009  
      1.192299  0.665215  3.746137     0.096051   -0.056893   -0.000013  
     -2.072195  3.751106  1.252332    -0.050971    0.030199   -0.000001  
      3.780298 -0.868108  3.746137     0.051006   -0.030221   -0.000001  
     -1.263149  2.298016  0.002715    -0.000015    0.000065   -0.000070  
      0.492570  2.179198  4.939709     0.006280   -0.017818   -0.021246  
      2.179797  2.331320  2.445904    -0.018737   -0.003033   -0.021307  
      1.215533  0.703800  0.058760    -0.006340    0.017882    0.021306  
     -0.471694  0.551678  2.552565     0.018651    0.003052    0.021249  
      2.117201 -0.856517  2.496520    -0.000067   -0.000017    0.000075  
 
  28 f  =    6.582362 THz    41.358199 2PiTHz  219.563958 cm-1    27.222449 meV
             X         Y         Z           dx          dy          dz
      2.955181  0.772514  1.252332    -0.040173    0.023764    0.000088  
     -1.247079  2.110485  3.746137    -0.040012    0.023722   -0.000073  
      0.515804  2.217783  1.252332    -0.000619    0.000455   -0.000033  
      1.192299  0.665215  3.746137    -0.000561    0.000236    0.000041  
     -2.072195  3.751106  1.252332    -0.018552    0.010969   -0.000021  
      3.780298 -0.868108  3.746137    -0.018454    0.010954    0.000024  
     -1.263149  2.298016  0.002715    -0.010376   -0.097943    0.097383  
      0.492570  2.179198  4.939709     0.031603   -0.044289   -0.036724  
      2.179797  2.331320  2.445904     0.054002   -0.006448    0.036694  
      1.215533  0.703800  0.058760     0.031594   -0.044221   -0.036694  
     -0.471694  0.551678  2.552565     0.053992   -0.006462    0.036718  
      2.117201 -0.856517  2.496520     0.080930    0.056162   -0.097401  
 
  29 f  =    6.363776 THz    39.984783 2PiTHz  212.272712 cm-1    26.318450 meV
             X         Y         Z           dx          dy          dz
      2.955181  0.772514  1.252332    -0.015893   -0.026855    0.147784  
     -1.247079  2.110485  3.746137     0.016021    0.026978   -0.147977  
      0.515804  2.217783  1.252332     0.055852    0.094281   -0.046706  
      1.192299  0.665215  3.746137    -0.055811   -0.094208    0.046680  
     -2.072195  3.751106  1.252332    -0.012412   -0.020974   -0.037689  
      3.780298 -0.868108  3.746137     0.012451    0.020982    0.037651  
     -1.263149  2.298016  0.002715    -0.000064   -0.000034    0.000023  
      0.492570  2.179198  4.939709     0.008476   -0.048654   -0.021932  
      2.179797  2.331320  2.445904     0.046732    0.015925    0.021999  
      1.215533  0.703800  0.058760    -0.008526    0.048690    0.022046  
     -0.471694  0.551678  2.552565    -0.046809   -0.015922   -0.021975  
      2.117201 -0.856517  2.496520    -0.000094   -0.000119    0.000135  
 
  30 f  =    6.306826 THz    39.626959 2PiTHz  210.373083 cm-1    26.082926 meV
             X         Y         Z           dx          dy          dz
      2.955181  0.772514  1.252332     0.047126    0.079550   -0.103251  
     -1.247079  2.110485  3.746137     0.047087    0.079495   -0.102951  
      0.515804  2.217783  1.252332     0.017139    0.028931   -0.009283  
      1.192299  0.665215  3.746137     0.017258    0.029133   -0.009394  
     -2.072195  3.751106  1.252332     0.007174    0.012111   -0.016475  
      3.780298 -0.868108  3.746137     0.007148    0.012070   -0.016545  
     -1.263149  2.298016  0.002715    -0.059370   -0.092345    0.085795  
      0.492570  2.179198  4.939709     0.000361   -0.010530    0.025191  
      2.179797  2.331320  2.445904    -0.009482   -0.004775    0.025162  
      1.215533  0.703800  0.058760     0.000374   -0.010618    0.025155  
     -0.471694  0.551678  2.552565    -0.009399   -0.004744    0.025196  
      2.117201 -0.856517  2.496520    -0.052460   -0.096424    0.085777  
 
  31 f  =    5.161098 THz    32.428133 2PiTHz  172.155689 cm-1    21.344575 meV
             X         Y         Z           dx          dy          dz
      2.955181  0.772514  1.252332     0.020449    0.034516    0.097282  
     -1.247079  2.110485  3.746137     0.020446    0.034516    0.097267  
      0.515804  2.217783  1.252332    -0.012552   -0.021187   -0.036679  
      1.192299  0.665215  3.746137    -0.012549   -0.021175   -0.036693  
     -2.072195  3.751106  1.252332    -0.001328   -0.002245   -0.010536  
      3.780298 -0.868108  3.746137    -0.001326   -0.002236   -0.010535  
     -1.263149  2.298016  0.002715     0.106965   -0.009335    0.090817  
      0.492570  2.179198  4.939709     0.027611   -0.038309   -0.026912  
      2.179797  2.331320  2.445904    -0.046849    0.005812   -0.026901  
      1.215533  0.703800  0.058760     0.027603   -0.038299   -0.026902  
     -0.471694  0.551678  2.552565    -0.046861    0.005814   -0.026911  
      2.117201 -0.856517  2.496520    -0.059565    0.089335    0.090812  
 
  32 f  =    3.736277 THz    23.475721 2PiTHz  124.628785 cm-1    15.451993 meV
             X         Y         Z           dx          dy          dz
      2.955181  0.772514  1.252332    -0.002846   -0.004807   -0.026925  
     -1.247079  2.110485  3.746137    -0.002862   -0.004822   -0.026940  
      0.515804  2.217783  1.252332     0.093485    0.157790   -0.193035  
      1.192299  0.665215  3.746137     0.093452    0.157734   -0.192971  
     -2.072195  3.751106  1.252332    -0.001183   -0.001994    0.017023  
      3.780298 -0.868108  3.746137    -0.001198   -0.002019    0.017017  
     -1.263149  2.298016  0.002715     0.010020    0.009697   -0.013308  
      0.492570  2.179198  4.939709    -0.017032   -0.029034   -0.000659  
      2.179797  2.331320  2.445904    -0.017282   -0.028877   -0.000671  
      1.215533  0.703800  0.058760    -0.017026   -0.029031   -0.000673  
     -0.471694  0.551678  2.552565    -0.017285   -0.028884   -0.000659  
      2.117201 -0.856517  2.496520     0.003692    0.013446   -0.013310  
 
  33 f  =    3.257631 THz    20.468301 2PiTHz  108.662885 cm-1    13.472475 meV
             X         Y         Z           dx          dy          dz
      2.955181  0.772514  1.252332    -0.034625   -0.058430   -0.036321  
     -1.247079  2.110485  3.746137     0.034610    0.058422    0.036291  
      0.515804  2.217783  1.252332    -0.062185   -0.104959    0.114441  
      1.192299  0.665215  3.746137     0.062227    0.105045   -0.114535  
     -2.072195  3.751106  1.252332    -0.026987   -0.045557   -0.010855  
      3.780298 -0.868108  3.746137     0.026989    0.045556    0.010867  
     -1.263149  2.298016  0.002715    -0.000005    0.000004   -0.000011  
      0.492570  2.179198  4.939709     0.005522    0.023824   -0.017877  
      2.179797  2.331320  2.445904    -0.018247   -0.016299    0.017872  
      1.215533  0.703800  0.058760    -0.005532   -0.023828    0.017871  
     -0.471694  0.551678  2.552565     0.018238    0.016289   -0.017875  
      2.117201 -0.856517  2.496520     0.000002    0.000006   -0.000013  
 
  34 fi =    0.002169 THz     0.013627 2PiTHz    0.072344 cm-1     0.008969 meV
             X         Y         Z           dx          dy          dz
      2.955181  0.772514  1.252332    -0.048861    0.030322   -0.000608  
     -1.247079  2.110485  3.746137    -0.048860    0.030320   -0.000608  
      0.515804  2.217783  1.252332    -0.048855    0.030317   -0.000609  
      1.192299  0.665215  3.746137    -0.048855    0.030316   -0.000607  
     -2.072195  3.751106  1.252332    -0.048854    0.030319   -0.000610  
      3.780298 -0.868108  3.746137    -0.048854    0.030318   -0.000610  
     -1.263149  2.298016  0.002715    -0.048844    0.030309   -0.000601  
      0.492570  2.179198  4.939709    -0.048845    0.030291   -0.000621  
      2.179797  2.331320  2.445904    -0.048829    0.030323   -0.000599  
      1.215533  0.703800  0.058760    -0.048845    0.030292   -0.000621  
     -0.471694  0.551678  2.552565    -0.048828    0.030324   -0.000598  
      2.117201 -0.856517  2.496520    -0.048842    0.030316   -0.000618  
 
  35 fi =    0.002832 THz     0.017797 2PiTHz    0.094480 cm-1     0.011714 meV
             X         Y         Z           dx          dy          dz
      2.955181  0.772514  1.252332    -0.025804   -0.040954    0.030959  
     -1.247079  2.110485  3.746137    -0.025803   -0.040952    0.030959  
      0.515804  2.217783  1.252332    -0.025830   -0.041001    0.031034  
      1.192299  0.665215  3.746137    -0.025829   -0.040997    0.031030  
     -2.072195  3.751106  1.252332    -0.025813   -0.040970    0.030986  
      3.780298 -0.868108  3.746137    -0.025812   -0.040968    0.030987  
     -1.263149  2.298016  0.002715    -0.025848   -0.041006    0.031015  
      0.492570  2.179198  4.939709    -0.025820   -0.040949    0.031005  
      2.179797  2.331320  2.445904    -0.025787   -0.040968    0.031008  
      1.215533  0.703800  0.058760    -0.025822   -0.040949    0.031007  
     -0.471694  0.551678  2.552565    -0.025789   -0.040968    0.031006  
      2.117201 -0.856517  2.496520    -0.025827   -0.041019    0.031014  
 
  36 fi =    0.011497 THz     0.072239 2PiTHz    0.383504 cm-1     0.047548 meV
             X         Y         Z           dx          dy          dz
      2.955181  0.772514  1.252332    -0.015866   -0.026536   -0.048241  
     -1.247079  2.110485  3.746137    -0.015866   -0.026536   -0.048240  
      0.515804  2.217783  1.252332    -0.015941   -0.026663   -0.048170  
      1.192299  0.665215  3.746137    -0.015941   -0.026663   -0.048170  
     -2.072195  3.751106  1.252332    -0.015903   -0.026599   -0.048409  
      3.780298 -0.868108  3.746137    -0.015903   -0.026599   -0.048409  
     -1.263149  2.298016  0.002715    -0.016045   -0.026619   -0.048562  
      0.492570  2.179198  4.939709    -0.015921   -0.026588   -0.048469  
      2.179797  2.331320  2.445904    -0.015884   -0.026610   -0.048469  
      1.215533  0.703800  0.058760    -0.015921   -0.026588   -0.048469  
     -0.471694  0.551678  2.552565    -0.015883   -0.026610   -0.048469  
      2.117201 -0.856517  2.496520    -0.015852   -0.026734   -0.048562  
 
