 Eigenvectors and eigenvalues of the dynamical matrix
 ----------------------------------------------------
 
 
   1 f  =   15.474192 THz    97.227214 2PiTHz  516.163477 cm-1    63.996086 meV
             X         Y         Z           dx          dy          dz
      0.000000  0.000000  0.000000     0.000661   -0.001044   -0.073945  
      2.724835 -0.010988  1.478672    -0.000662    0.001044    0.073947  
      1.130032  2.479491  1.478672    -0.000112    0.000177    0.012460  
      3.854866  2.468502 -0.000000     0.000112   -0.000175   -0.012462  
      2.075952  1.329357 -0.000000     0.054959   -0.085834   -0.066542  
     -0.648882  1.340345  1.478672     0.053798   -0.084001    0.063170  
      1.778914  1.139146  2.957345    -0.053797    0.084000   -0.063176  
      2.908946  3.618636  1.478672    -0.054960    0.085833    0.066552  
 
   2 f  =   15.474078 THz    97.226499 2PiTHz  516.159678 cm-1    63.995615 meV
             X         Y         Z           dx          dy          dz
      0.000000  0.000000  0.000000    -0.039787    0.062272   -0.001236  
      2.724835 -0.010988  1.478672     0.039787   -0.062269    0.001239  
      1.130032  2.479491  1.478672     0.006714   -0.010507    0.000208  
      3.854866  2.468502 -0.000000    -0.006714    0.010506   -0.000209  
      2.075952  1.329357 -0.000000    -0.034020    0.053234    0.099752  
     -0.648882  1.340345  1.478672     0.035840   -0.056073    0.101922  
      1.778914  1.139146  2.957345    -0.035845    0.056084   -0.101921  
      2.908946  3.618636  1.478672     0.034025   -0.053242   -0.099751  
 
   3 f  =   15.372696 THz    96.589496 2PiTHz  512.777932 cm-1    63.576332 meV
             X         Y         Z           dx          dy          dz
      0.000000  0.000000  0.000000     0.107902    0.069079   -0.000003  
      2.724835 -0.010988  1.478672    -0.107902   -0.069078    0.000003  
      1.130032  2.479491  1.478672    -0.009274   -0.005929    0.000001  
      3.854866  2.468502 -0.000000     0.009274    0.005929   -0.000000  
      2.075952  1.329357 -0.000000     0.093699    0.059952   -0.000057  
     -0.648882  1.340345  1.478672    -0.093696   -0.059957   -0.000055  
      1.778914  1.139146  2.957345     0.093662    0.059938    0.000051  
      2.908946  3.618636  1.478672    -0.093666   -0.059930    0.000059  
 
   4 f  =   14.218029 THz    89.334509 2PiTHz  474.262390 cm-1    58.801016 meV
             X         Y         Z           dx          dy          dz
      0.000000  0.000000  0.000000     0.000344   -0.000539    0.116541  
      2.724835 -0.010988  1.478672     0.000341   -0.000531    0.116542  
      1.130032  2.479491  1.478672     0.000037   -0.000059    0.012824  
      3.854866  2.468502 -0.000000     0.000038   -0.000059    0.012825  
      2.075952  1.329357 -0.000000     0.057065   -0.089121   -0.039370  
     -0.648882  1.340345  1.478672    -0.057300    0.089487   -0.040526  
      1.778914  1.139146  2.957345    -0.057300    0.089488   -0.040516  
      2.908946  3.618636  1.478672     0.057065   -0.089120   -0.039360  
 
   5 f  =   14.217641 THz    89.332076 2PiTHz  474.249471 cm-1    58.799414 meV
             X         Y         Z           dx          dy          dz
      0.000000  0.000000  0.000000     0.062819   -0.098118   -0.000634  
      2.724835 -0.010988  1.478672     0.062822   -0.098114   -0.000638  
      1.130032  2.479491  1.478672     0.006923   -0.010811   -0.000070  
      3.854866  2.468502 -0.000000     0.006922   -0.010811   -0.000070  
      2.075952  1.329357 -0.000000    -0.021864    0.034133    0.106262  
     -0.648882  1.340345  1.478672    -0.021235    0.033162   -0.105826  
      1.778914  1.139146  2.957345    -0.021230    0.033158   -0.105827  
      2.908946  3.618636  1.478672    -0.021854    0.034131    0.106262  
 
   6 f  =   13.371954 THz    84.018465 2PiTHz  446.040376 cm-1    55.301934 meV
             X         Y         Z           dx          dy          dz
      0.000000  0.000000  0.000000    -0.000022   -0.000016    0.000003  
      2.724835 -0.010988  1.478672     0.000024    0.000013    0.000008  
      1.130032  2.479491  1.478672     0.000009    0.000005    0.000000  
      3.854866  2.468502 -0.000000    -0.000009   -0.000006    0.000000  
      2.075952  1.329357 -0.000000     0.105254    0.067400   -0.000001  
     -0.648882  1.340345  1.478672    -0.105255   -0.067399   -0.000003  
      1.778914  1.139146  2.957345    -0.105282   -0.067413   -0.000003  
      2.908946  3.618636  1.478672     0.105281    0.067414    0.000001  
 
   7 f  =   12.874670 THz    80.893940 2PiTHz  429.452777 cm-1    53.245334 meV
             X         Y         Z           dx          dy          dz
      0.000000  0.000000  0.000000     0.000008   -0.000002    0.000006  
      2.724835 -0.010988  1.478672     0.000004    0.000003    0.000004  
      1.130032  2.479491  1.478672    -0.000006   -0.000004   -0.000001  
      3.854866  2.468502 -0.000000    -0.000006   -0.000003   -0.000001  
      2.075952  1.329357 -0.000000     0.105274    0.067414    0.000003  
     -0.648882  1.340345  1.478672     0.105274    0.067413   -0.000002  
      1.778914  1.139146  2.957345    -0.105259   -0.067405   -0.000001  
      2.908946  3.618636  1.478672    -0.105260   -0.067404    0.000002  
 
   8 f  =   12.383420 THz    77.807323 2PiTHz  413.066430 cm-1    51.213687 meV
             X         Y         Z           dx          dy          dz
      0.000000  0.000000  0.000000    -0.144053    0.224947   -0.000128  
      2.724835 -0.010988  1.478672     0.144055   -0.224952    0.000134  
      1.130032  2.479491  1.478672    -0.016383    0.025600   -0.000015  
      3.854866  2.468502 -0.000000     0.016383   -0.025599    0.000015  
      2.075952  1.329357 -0.000000     0.014332   -0.022398   -0.014393  
     -0.648882  1.340345  1.478672    -0.014337    0.022411   -0.014420  
      1.778914  1.139146  2.957345     0.014336   -0.022411    0.014419  
      2.908946  3.618636  1.478672    -0.014331    0.022396    0.014394  
 
   9 f  =   12.382947 THz    77.804350 2PiTHz  413.050648 cm-1    51.211730 meV
             X         Y         Z           dx          dy          dz
      0.000000  0.000000  0.000000     0.000075   -0.000115   -0.267102  
      2.724835 -0.010988  1.478672    -0.000067    0.000107    0.267088  
      1.130032  2.479491  1.478672     0.000007   -0.000012   -0.030401  
      3.854866  2.468502 -0.000000    -0.000009    0.000013    0.030404  
      2.075952  1.329357 -0.000000    -0.007777    0.012145    0.026637  
     -0.648882  1.340345  1.478672    -0.007761    0.012125   -0.026624  
      1.778914  1.139146  2.957345     0.007765   -0.012122    0.026624  
      2.908946  3.618636  1.478672     0.007778   -0.012146   -0.026639  
 
  10 f  =   11.923760 THz    74.919195 2PiTHz  397.733826 cm-1    49.312687 meV
             X         Y         Z           dx          dy          dz
      0.000000  0.000000  0.000000     0.131333   -0.205122    0.000079  
      2.724835 -0.010988  1.478672     0.131330   -0.205118    0.000070  
      1.130032  2.479491  1.478672    -0.024359    0.038065   -0.000013  
      3.854866  2.468502 -0.000000    -0.024368    0.038060   -0.000015  
      2.075952  1.329357 -0.000000     0.009525   -0.014887   -0.035945  
     -0.648882  1.340345  1.478672     0.009536   -0.014909    0.035957  
      1.778914  1.139146  2.957345     0.009537   -0.014904    0.035952  
      2.908946  3.618636  1.478672     0.009524   -0.014889   -0.035942  
 
  11 f  =   11.922860 THz    74.913539 2PiTHz  397.703803 cm-1    49.308965 meV
             X         Y         Z           dx          dy          dz
      0.000000  0.000000  0.000000     0.000040   -0.000062   -0.243512  
      2.724835 -0.010988  1.478672     0.000041   -0.000064   -0.243526  
      1.130032  2.479491  1.478672    -0.000010    0.000011    0.045213  
      3.854866  2.468502 -0.000000    -0.000004    0.000013    0.045212  
      2.075952  1.329357 -0.000000     0.019393   -0.030279   -0.017735  
     -0.648882  1.340345  1.478672    -0.019382    0.030271   -0.017709  
      1.778914  1.139146  2.957345    -0.019386    0.030266   -0.017713  
      2.908946  3.618636  1.478672     0.019387   -0.030276   -0.017732  
 
  12 f  =   11.393936 THz    71.590211 2PiTHz  380.060793 cm-1    47.121512 meV
             X         Y         Z           dx          dy          dz
      0.000000  0.000000  0.000000    -0.036569   -0.023415   -0.000006  
      2.724835 -0.010988  1.478672     0.036555    0.023437   -0.000007  
      1.130032  2.479491  1.478672     0.086181    0.055181    0.000002  
      3.854866  2.468502 -0.000000    -0.086179   -0.055185    0.000002  
      2.075952  1.329357 -0.000000     0.019889    0.012742    0.000007  
     -0.648882  1.340345  1.478672    -0.019889   -0.012742    0.000003  
      1.778914  1.139146  2.957345     0.019906    0.012757   -0.000009  
      2.908946  3.618636  1.478672    -0.019907   -0.012756   -0.000005  
 
  13 f  =   11.184573 THz    70.274744 2PiTHz  373.077193 cm-1    46.255656 meV
             X         Y         Z           dx          dy          dz
      0.000000  0.000000  0.000000     0.065073    0.041638    0.000003  
      2.724835 -0.010988  1.478672     0.065074    0.041637   -0.000003  
      1.130032  2.479491  1.478672    -0.060101   -0.038480    0.000001  
      3.854866  2.468502 -0.000000    -0.060101   -0.038480   -0.000001  
      2.075952  1.329357 -0.000000     0.072183    0.046217   -0.000002  
     -0.648882  1.340345  1.478672     0.072181    0.046220    0.000003  
      1.778914  1.139146  2.957345     0.072201    0.046233    0.000004  
      2.908946  3.618636  1.478672     0.072200    0.046235   -0.000004  
 
  14 f  =    9.217403 THz    57.914648 2PiTHz  307.459455 cm-1    38.120097 meV
             X         Y         Z           dx          dy          dz
      0.000000  0.000000  0.000000     0.034944   -0.054529   -0.000616  
      2.724835 -0.010988  1.478672     0.034944   -0.054530   -0.000612  
      1.130032  2.479491  1.478672     0.028974   -0.045245   -0.000509  
      3.854866  2.468502 -0.000000     0.028975   -0.045248   -0.000509  
      2.075952  1.329357 -0.000000    -0.047016    0.073419   -0.054730  
     -0.648882  1.340345  1.478672    -0.047582    0.074303    0.056390  
      1.778914  1.139146  2.957345    -0.047586    0.074307    0.056389  
      2.908946  3.618636  1.478672    -0.047017    0.073418   -0.054722  
 
  15 f  =    9.216933 THz    57.911696 2PiTHz  307.443782 cm-1    38.118154 meV
             X         Y         Z           dx          dy          dz
      0.000000  0.000000  0.000000    -0.000330    0.000513   -0.064855  
      2.724835 -0.010988  1.478672    -0.000334    0.000521   -0.064856  
      1.130032  2.479491  1.478672    -0.000275    0.000430   -0.053713  
      3.854866  2.468502 -0.000000    -0.000274    0.000428   -0.053709  
      2.075952  1.329357 -0.000000     0.030414   -0.047493    0.088237  
     -0.648882  1.340345  1.478672    -0.029519    0.046095    0.087186  
      1.778914  1.139146  2.957345    -0.029510    0.046083    0.087181  
      2.908946  3.618636  1.478672     0.030408   -0.047486    0.088236  
 
  16 f  =    8.576561 THz    53.888124 2PiTHz  286.083293 cm-1    35.469792 meV
             X         Y         Z           dx          dy          dz
      0.000000  0.000000  0.000000    -0.032322    0.050435    0.001889  
      2.724835 -0.010988  1.478672     0.032320   -0.050433   -0.001906  
      1.130032  2.479491  1.478672     0.021699   -0.033892   -0.001275  
      3.854866  2.468502 -0.000000    -0.021700    0.033892    0.001270  
      2.075952  1.329357 -0.000000    -0.045736    0.071430   -0.068496  
     -0.648882  1.340345  1.478672     0.048172   -0.075229   -0.074009  
      1.778914  1.139146  2.957345    -0.048168    0.075231    0.074017  
      2.908946  3.618636  1.478672     0.045738   -0.071435    0.068506  
 
  17 f  =    8.576169 THz    53.885657 2PiTHz  286.070195 cm-1    35.468168 meV
             X         Y         Z           dx          dy          dz
      0.000000  0.000000  0.000000     0.001027   -0.001599    0.059956  
      2.724835 -0.010988  1.478672    -0.001018    0.001594   -0.059958  
      1.130032  2.479491  1.478672    -0.000686    0.001073   -0.040221  
      3.854866  2.468502 -0.000000     0.000688   -0.001073    0.040222  
      2.075952  1.329357 -0.000000     0.039912   -0.062330    0.089337  
     -0.648882  1.340345  1.478672     0.036940   -0.057690   -0.084826  
      1.778914  1.139146  2.957345    -0.036944    0.057690    0.084825  
      2.908946  3.618636  1.478672    -0.039915    0.062331   -0.089334  
 
  18 f  =    7.007352 THz    44.028492 2PiTHz  233.740105 cm-1    28.980067 meV
             X         Y         Z           dx          dy          dz
      0.000000  0.000000  0.000000     0.028081   -0.043906   -0.001065  
      2.724835 -0.010988  1.478672    -0.028081    0.043910    0.001061  
      1.130032  2.479491  1.478672    -0.049482    0.077264    0.001870  
      3.854866  2.468502 -0.000000     0.049480   -0.077264   -0.001871  
      2.075952  1.329357 -0.000000    -0.029962    0.046805   -0.011662  
     -0.648882  1.340345  1.478672     0.030246   -0.047246   -0.013940  
      1.778914  1.139146  2.957345    -0.030242    0.047244    0.013939  
      2.908946  3.618636  1.478672     0.029964   -0.046807    0.011666  
 
  19 f  =    7.007247 THz    44.027833 2PiTHz  233.736609 cm-1    28.979633 meV
             X         Y         Z           dx          dy          dz
      0.000000  0.000000  0.000000     0.000572   -0.000894    0.052124  
      2.724835 -0.010988  1.478672    -0.000574    0.000895   -0.052120  
      1.130032  2.479491  1.478672    -0.001009    0.001575   -0.091757  
      3.854866  2.468502 -0.000000     0.001008   -0.001575    0.091759  
      2.075952  1.329357 -0.000000    -0.007511    0.011731   -0.056084  
     -0.648882  1.340345  1.478672    -0.006281    0.009811    0.055558  
      1.778914  1.139146  2.957345     0.006286   -0.009814   -0.055561  
      2.908946  3.618636  1.478672     0.007512   -0.011729    0.056079  
 
  20 f  =    5.347550 THz    33.599647 2PiTHz  178.375062 cm-1    22.115679 meV
             X         Y         Z           dx          dy          dz
      0.000000  0.000000  0.000000     0.214419    0.137291   -0.000001  
      2.724835 -0.010988  1.478672    -0.214423   -0.137292   -0.000001  
      1.130032  2.479491  1.478672     0.019359    0.012404    0.000000  
      3.854866  2.468502 -0.000000    -0.019358   -0.012406   -0.000000  
      2.075952  1.329357 -0.000000    -0.043742   -0.027994   -0.000008  
     -0.648882  1.340345  1.478672     0.043743    0.027994   -0.000009  
      1.778914  1.139146  2.957345    -0.043745   -0.027995    0.000008  
      2.908946  3.618636  1.478672     0.043746    0.027995    0.000008  
 
  21 f  =    4.790727 THz    30.101028 2PiTHz  159.801464 cm-1    19.812848 meV
             X         Y         Z           dx          dy          dz
      0.000000  0.000000  0.000000    -0.224672   -0.143857    0.000001  
      2.724835 -0.010988  1.478672    -0.224669   -0.143854   -0.000000  
      1.130032  2.479491  1.478672     0.001554    0.000997    0.000000  
      3.854866  2.468502 -0.000000     0.001554    0.000997    0.000000  
      2.075952  1.329357 -0.000000     0.039870    0.025545   -0.000004  
     -0.648882  1.340345  1.478672     0.039869    0.025545    0.000005  
      1.778914  1.139146  2.957345     0.039870    0.025547    0.000007  
      2.908946  3.618636  1.478672     0.039869    0.025547   -0.000007  
 
  22 fi =    0.003070 THz     0.019291 2PiTHz    0.102410 cm-1     0.012697 meV
             X         Y         Z           dx          dy          dz
      0.000000  0.000000  0.000000    -0.033096    0.070260   -0.001657  
      2.724835 -0.010988  1.478672    -0.033098    0.070258   -0.001657  
      1.130032  2.479491  1.478672    -0.033063    0.070227   -0.001656  
      3.854866  2.468502 -0.000000    -0.033064    0.070227   -0.001656  
      2.075952  1.329357 -0.000000    -0.033043    0.070199   -0.001647  
     -0.648882  1.340345  1.478672    -0.033042    0.070199   -0.001664  
      1.778914  1.139146  2.957345    -0.033044    0.070199   -0.001664  
      2.908946  3.618636  1.478672    -0.033042    0.070199   -0.001646  
 
  23 fi =    0.003448 THz     0.021664 2PiTHz    0.115009 cm-1     0.014259 meV
             X         Y         Z           dx          dy          dz
      0.000000  0.000000  0.000000    -0.000549    0.001573    0.077669  
      2.724835 -0.010988  1.478672    -0.000549    0.001573    0.077669  
      1.130032  2.479491  1.478672    -0.000548    0.001572    0.077624  
      3.854866  2.468502 -0.000000    -0.000549    0.001572    0.077624  
      2.075952  1.329357 -0.000000    -0.000554    0.001580    0.077581  
     -0.648882  1.340345  1.478672    -0.000543    0.001563    0.077582  
      1.778914  1.139146  2.957345    -0.000542    0.001563    0.077581  
      2.908946  3.618636  1.478672    -0.000553    0.001580    0.077582  
 
  24 fi =    0.004861 THz     0.030543 2PiTHz    0.162148 cm-1     0.020104 meV
             X         Y         Z           dx          dy          dz
      0.000000  0.000000  0.000000     0.070018    0.032916   -0.000174  
      2.724835 -0.010988  1.478672     0.070018    0.032916   -0.000173  
      1.130032  2.479491  1.478672     0.070234    0.033060   -0.000173  
      3.854866  2.468502 -0.000000     0.070234    0.033060   -0.000174  
      2.075952  1.329357 -0.000000     0.070279    0.033093   -0.000172  
     -0.648882  1.340345  1.478672     0.070279    0.033093   -0.000175  
      1.778914  1.139146  2.957345     0.070279    0.033093   -0.000175  
      2.908946  3.618636  1.478672     0.070279    0.033093   -0.000172  
 
