 Eigenvectors and eigenvalues of the dynamical matrix
 ----------------------------------------------------
 
 
   1 f  =   31.635159 THz   198.769565 2PiTHz 1055.235312 cm-1   130.832445 meV
             X         Y         Z           dx          dy          dz
      0.012930  0.844093  4.606177     0.000000   -0.000000   -0.006926  
      2.407854  1.800505 -0.000000     0.000000    0.000000    0.006934  
      0.061554  3.512387  3.082766    -0.013837    0.007276    0.035757  
      2.456478 -0.867788  1.523411    -0.013826   -0.007258   -0.035725  
      2.456478  1.776801  3.082766     0.013826    0.007258   -0.035725  
      0.061554  0.867798  1.523411     0.013837   -0.007276    0.035758  
      1.798722  3.388796  2.796485     0.005647    0.016423   -0.012876  
      4.193647 -0.744197  1.809693     0.005652   -0.016431    0.012895  
      4.458506  1.472751 -0.000000    -0.000001    0.000001   -0.169353  
      2.063582  1.171848  4.606177    -0.000000    0.000000    0.169181  
      1.798722  0.744196  1.809693    -0.005647   -0.016422   -0.012875  
      4.193647  1.900402  2.796485    -0.005651    0.016430    0.012894  
 
   2 f  =   31.603053 THz   198.567839 2PiTHz 1054.164384 cm-1   130.699667 meV
             X         Y         Z           dx          dy          dz
      0.012930  0.844093  4.606177    -0.000000    0.000000   -0.007869  
      2.407854  1.800505 -0.000000    -0.000000    0.000000   -0.007862  
      0.061554  3.512387  3.082766     0.010990   -0.017754   -0.032036  
      2.456478 -0.867788  1.523411    -0.011004   -0.017762   -0.032073  
      2.456478  1.776801  3.082766     0.011005    0.017761   -0.032073  
      0.061554  0.867798  1.523411    -0.010991    0.017754   -0.032037  
      1.798722  3.388796  2.796485     0.004549    0.007131   -0.019079  
      4.193647 -0.744197  1.809693    -0.004544    0.007116   -0.019067  
      4.458506  1.472751 -0.000000     0.000001   -0.000001    0.170039  
      2.063582  1.171848  4.606177    -0.000001    0.000001    0.170210  
      1.798722  0.744196  1.809693    -0.004549   -0.007131   -0.019079  
      4.193647  1.900402  2.796485     0.004544   -0.007115   -0.019067  
 
   3 f  =   26.874704 THz   168.858746 2PiTHz  896.443638 cm-1   111.144796 meV
             X         Y         Z           dx          dy          dz
      0.012930  0.844093  4.606177     0.000000   -0.000002    0.002619  
      2.407854  1.800505 -0.000000     0.000000   -0.000002    0.002621  
      0.061554  3.512387  3.082766    -0.023194    0.002929   -0.021986  
      2.456478 -0.867788  1.523411     0.023187    0.002934   -0.021979  
      2.456478  1.776801  3.082766    -0.023176   -0.002942   -0.022006  
      0.061554  0.867798  1.523411     0.023183   -0.002937   -0.022014  
      1.798722  3.388796  2.796485     0.039835   -0.112103    0.040059  
      4.193647 -0.744197  1.809693    -0.039821   -0.112134    0.040079  
      4.458506  1.472751 -0.000000    -0.000002   -0.000011    0.006924  
      2.063582  1.171848  4.606177     0.000003   -0.000010    0.006918  
      1.798722  0.744196  1.809693    -0.039754    0.112131    0.040111  
      4.193647  1.900402  2.796485     0.039739    0.112162    0.040131  
 
   4 f  =   26.685074 THz   167.667266 2PiTHz  890.118264 cm-1   110.360550 meV
             X         Y         Z           dx          dy          dz
      0.012930  0.844093  4.606177    -0.001854    0.004768   -0.000001  
      2.407854  1.800505 -0.000000     0.001854    0.004768   -0.000001  
      0.061554  3.512387  3.082766     0.014031   -0.006762   -0.029198  
      2.456478 -0.867788  1.523411    -0.014030   -0.006764   -0.029199  
      2.456478  1.776801  3.082766    -0.014048   -0.006762    0.029182  
      0.061554  0.867798  1.523411     0.014047   -0.006762    0.029182  
      1.798722  3.388796  2.796485    -0.117079    0.002526    0.041362  
      4.193647 -0.744197  1.809693     0.117081    0.002529    0.041362  
      4.458506  1.472751 -0.000000     0.007372    0.019943    0.000002  
      2.063582  1.171848  4.606177    -0.007372    0.019942    0.000002  
      1.798722  0.744196  1.809693    -0.117114    0.002619   -0.041328  
      4.193647  1.900402  2.796485     0.117114    0.002609   -0.041334  
 
   5 f  =   26.612515 THz   167.211361 2PiTHz  887.697939 cm-1   110.060468 meV
             X         Y         Z           dx          dy          dz
      0.012930  0.844093  4.606177    -0.000001    0.000001   -0.006122  
      2.407854  1.800505 -0.000000    -0.000000   -0.000000    0.006122  
      0.061554  3.512387  3.082766    -0.022142   -0.015466   -0.022631  
      2.456478 -0.867788  1.523411    -0.022149    0.015464    0.022637  
      2.456478  1.776801  3.082766     0.022151   -0.015450    0.022642  
      0.061554  0.867798  1.523411     0.022144    0.015451   -0.022633  
      1.798722  3.388796  2.796485     0.038091    0.101122   -0.059481  
      4.193647 -0.744197  1.809693     0.038107   -0.101085    0.059467  
      4.458506  1.472751 -0.000000     0.000002   -0.000006    0.016757  
      2.063582  1.171848  4.606177     0.000001    0.000006   -0.016758  
      1.798722  0.744196  1.809693    -0.038103   -0.101159   -0.059514  
      4.193647  1.900402  2.796485    -0.038106    0.101124    0.059497  
 
   6 f  =   25.553877 THz   160.559745 2PiTHz  852.385590 cm-1   105.682296 meV
             X         Y         Z           dx          dy          dz
      0.012930  0.844093  4.606177    -0.000601    0.002039    0.000001  
      2.407854  1.800505 -0.000000    -0.000601   -0.002038   -0.000001  
      0.061554  3.512387  3.082766     0.016009   -0.033542    0.000141  
      2.456478 -0.867788  1.523411     0.016009    0.033543   -0.000142  
      2.456478  1.776801  3.082766     0.015999    0.033547    0.000133  
      0.061554  0.867798  1.523411     0.015999   -0.033545   -0.000131  
      1.798722  3.388796  2.796485    -0.032810   -0.086383    0.079888  
      4.193647 -0.744197  1.809693    -0.032807    0.086379   -0.079885  
      4.458506  1.472751 -0.000000     0.001650   -0.018356   -0.000005  
      2.063582  1.171848  4.606177     0.001649    0.018355    0.000005  
      1.798722  0.744196  1.809693    -0.032779   -0.086351   -0.079864  
      4.193647  1.900402  2.796485    -0.032774    0.086347    0.079859  
 
   7 f  =   24.906572 THz   156.492606 2PiTHz  830.793810 cm-1   103.005258 meV
             X         Y         Z           dx          dy          dz
      0.012930  0.844093  4.606177    -0.004489    0.004201   -0.000000  
      2.407854  1.800505 -0.000000     0.004489    0.004202   -0.000000  
      0.061554  3.512387  3.082766     0.001120   -0.047360    0.008244  
      2.456478 -0.867788  1.523411    -0.001117   -0.047358    0.008243  
      2.456478  1.776801  3.082766    -0.001117   -0.047349   -0.008226  
      0.061554  0.867798  1.523411     0.001119   -0.047348   -0.008226  
      1.798722  3.388796  2.796485    -0.017328    0.097585   -0.057999  
      4.193647 -0.744197  1.809693     0.017320    0.097586   -0.058004  
      4.458506  1.472751 -0.000000    -0.003184   -0.006958   -0.000002  
      2.063582  1.171848  4.606177     0.003186   -0.006957   -0.000002  
      1.798722  0.744196  1.809693    -0.017351    0.097545    0.057968  
      4.193647  1.900402  2.796485     0.017346    0.097546    0.057971  
 
   8 f  =   24.692798 THz   155.149423 2PiTHz  823.663067 cm-1   102.121159 meV
             X         Y         Z           dx          dy          dz
      0.012930  0.844093  4.606177    -0.000000    0.000000    0.005319  
      2.407854  1.800505 -0.000000     0.000001   -0.000001   -0.005318  
      0.061554  3.512387  3.082766    -0.019390    0.028293   -0.003202  
      2.456478 -0.867788  1.523411    -0.019386   -0.028294    0.003204  
      2.456478  1.776801  3.082766     0.019407    0.028292    0.003201  
      0.061554  0.867798  1.523411     0.019403   -0.028293   -0.003201  
      1.798722  3.388796  2.796485     0.108085   -0.056500   -0.023576  
      4.193647 -0.744197  1.809693     0.108082    0.056504    0.023573  
      4.458506  1.472751 -0.000000     0.000001   -0.000000    0.008265  
      2.063582  1.171848  4.606177    -0.000000   -0.000000   -0.008265  
      1.798722  0.744196  1.809693    -0.108118    0.056506   -0.023591  
      4.193647  1.900402  2.796485    -0.108119   -0.056506    0.023590  
 
   9 f  =   24.433522 THz   153.520348 2PiTHz  815.014574 cm-1   101.048883 meV
             X         Y         Z           dx          dy          dz
      0.012930  0.844093  4.606177     0.000000   -0.000000   -0.000075  
      2.407854  1.800505 -0.000000    -0.000000   -0.000000   -0.000075  
      0.061554  3.512387  3.082766     0.020798    0.019641   -0.029558  
      2.456478 -0.867788  1.523411    -0.020801    0.019642   -0.029557  
      2.456478  1.776801  3.082766     0.020796   -0.019658   -0.029561  
      0.061554  0.867798  1.523411    -0.020796   -0.019658   -0.029563  
      1.798722  3.388796  2.796485    -0.104042   -0.011701    0.059144  
      4.193647 -0.744197  1.809693     0.104048   -0.011700    0.059146  
      4.458506  1.472751 -0.000000    -0.000000   -0.000002    0.000294  
      2.063582  1.171848  4.606177     0.000000   -0.000001    0.000295  
      1.798722  0.744196  1.809693     0.104035    0.011733    0.059164  
      4.193647  1.900402  2.796485    -0.104035    0.011738    0.059166  
 
  10 f  =   23.791437 THz   149.486007 2PiTHz  793.596912 cm-1    98.393433 meV
             X         Y         Z           dx          dy          dz
      0.012930  0.844093  4.606177     0.000375    0.003412   -0.000001  
      2.407854  1.800505 -0.000000     0.000374   -0.003412    0.000001  
      0.061554  3.512387  3.082766     0.048225    0.010036   -0.020954  
      2.456478 -0.867788  1.523411     0.048222   -0.010034    0.020952  
      2.456478  1.776801  3.082766     0.048218   -0.010042   -0.020951  
      0.061554  0.867798  1.523411     0.048219    0.010044    0.020952  
      1.798722  3.388796  2.796485    -0.093520    0.053311    0.011557  
      4.193647 -0.744197  1.809693    -0.093518   -0.053316   -0.011552  
      4.458506  1.472751 -0.000000    -0.006569    0.027104   -0.000000  
      2.063582  1.171848  4.606177    -0.006567   -0.027103    0.000000  
      1.798722  0.744196  1.809693    -0.093486    0.053285   -0.011555  
      4.193647  1.900402  2.796485    -0.093492   -0.053288    0.011553  
 
  11 f  =   22.797534 THz   143.241130 2PiTHz  760.443879 cm-1    94.282982 meV
             X         Y         Z           dx          dy          dz
      0.012930  0.844093  4.606177    -0.003689   -0.002249    0.000000  
      2.407854  1.800505 -0.000000    -0.003690    0.002247   -0.000000  
      0.061554  3.512387  3.082766     0.002190    0.027306    0.069407  
      2.456478 -0.867788  1.523411     0.002189   -0.027304   -0.069407  
      2.456478  1.776801  3.082766     0.002186   -0.027304    0.069408  
      0.061554  0.867798  1.523411     0.002187    0.027305   -0.069407  
      1.798722  3.388796  2.796485    -0.029931    0.011850    0.011435  
      4.193647 -0.744197  1.809693    -0.029931   -0.011853   -0.011434  
      4.458506  1.472751 -0.000000     0.052682   -0.090870   -0.000003  
      2.063582  1.171848  4.606177     0.052685    0.090873    0.000001  
      1.798722  0.744196  1.809693    -0.029922    0.011848   -0.011432  
      4.193647  1.900402  2.796485    -0.029924   -0.011852    0.011431  
 
  12 f  =   21.496639 THz   135.067365 2PiTHz  717.050686 cm-1    88.902914 meV
             X         Y         Z           dx          dy          dz
      0.012930  0.844093  4.606177    -0.010789    0.004145    0.000005  
      2.407854  1.800505 -0.000000     0.010788    0.004145    0.000005  
      0.061554  3.512387  3.082766    -0.024491    0.023624    0.057780  
      2.456478 -0.867788  1.523411     0.024492    0.023623    0.057780  
      2.456478  1.776801  3.082766     0.024491    0.023617   -0.057780  
      0.061554  0.867798  1.523411    -0.024490    0.023620   -0.057778  
      1.798722  3.388796  2.796485    -0.048147   -0.006342   -0.016199  
      4.193647 -0.744197  1.809693     0.048144   -0.006345   -0.016202  
      4.458506  1.472751 -0.000000     0.073090   -0.083864   -0.000001  
      2.063582  1.171848  4.606177    -0.073090   -0.083859    0.000001  
      1.798722  0.744196  1.809693    -0.048145   -0.006348    0.016196  
      4.193647  1.900402  2.796485     0.048144   -0.006350    0.016195  
 
  13 f  =   19.926649 THz   125.202831 2PiTHz  664.681478 cm-1    82.409963 meV
             X         Y         Z           dx          dy          dz
      0.012930  0.844093  4.606177     0.049430   -0.011402    0.000004  
      2.407854  1.800505 -0.000000    -0.049430   -0.011402    0.000004  
      0.061554  3.512387  3.082766     0.082302    0.011686    0.029526  
      2.456478 -0.867788  1.523411    -0.082303    0.011683    0.029527  
      2.456478  1.776801  3.082766    -0.082305    0.011680   -0.029523  
      0.061554  0.867798  1.523411     0.082305    0.011675   -0.029524  
      1.798722  3.388796  2.796485    -0.007969   -0.011613   -0.023500  
      4.193647 -0.744197  1.809693     0.007971   -0.011609   -0.023494  
      4.458506  1.472751 -0.000000    -0.039165   -0.018742    0.000003  
      2.063582  1.171848  4.606177     0.039166   -0.018745    0.000002  
      1.798722  0.744196  1.809693    -0.007971   -0.011609    0.023484  
      4.193647  1.900402  2.796485     0.007970   -0.011610    0.023488  
 
  14 f  =   17.730524 THz   111.404168 2PiTHz  591.426621 cm-1    73.327522 meV
             X         Y         Z           dx          dy          dz
      0.012930  0.844093  4.606177     0.000001   -0.000003    0.006254  
      2.407854  1.800505 -0.000000    -0.000001   -0.000003    0.006257  
      0.061554  3.512387  3.082766     0.030083   -0.082284    0.010331  
      2.456478 -0.867788  1.523411    -0.030090   -0.082273    0.010325  
      2.456478  1.776801  3.082766     0.030087    0.082276    0.010316  
      0.061554  0.867798  1.523411    -0.030081    0.082287    0.010321  
      1.798722  3.388796  2.796485    -0.024872   -0.032861   -0.006219  
      4.193647 -0.744197  1.809693     0.024880   -0.032860   -0.006231  
      4.458506  1.472751 -0.000000    -0.000002   -0.000001   -0.031642  
      2.063582  1.171848  4.606177     0.000002   -0.000001   -0.031647  
      1.798722  0.744196  1.809693     0.024873    0.032857   -0.006219  
      4.193647  1.900402  2.796485    -0.024879    0.032857   -0.006230  
 
  15 f  =   17.602787 THz   110.601571 2PiTHz  587.165761 cm-1    72.799243 meV
             X         Y         Z           dx          dy          dz
      0.012930  0.844093  4.606177     0.000000   -0.000002    0.024010  
      2.407854  1.800505 -0.000000     0.000002    0.000001   -0.024007  
      0.061554  3.512387  3.082766     0.035198    0.065346   -0.031529  
      2.456478 -0.867788  1.523411     0.035196   -0.065362    0.031530  
      2.456478  1.776801  3.082766    -0.035193    0.065362    0.031531  
      0.061554  0.867798  1.523411    -0.035201   -0.065347   -0.031531  
      1.798722  3.388796  2.796485    -0.034227    0.002463   -0.057428  
      4.193647 -0.744197  1.809693    -0.034224   -0.002466    0.057432  
      4.458506  1.472751 -0.000000    -0.000000    0.000005   -0.020481  
      2.063582  1.171848  4.606177    -0.000004   -0.000005    0.020474  
      1.798722  0.744196  1.809693     0.034230   -0.002464   -0.057426  
      4.193647  1.900402  2.796485     0.034227    0.002469    0.057426  
 
  16 f  =   16.080922 THz   101.039415 2PiTHz  536.401832 cm-1    66.505321 meV
             X         Y         Z           dx          dy          dz
      0.012930  0.844093  4.606177     0.000012    0.000025    0.054491  
      2.407854  1.800505 -0.000000    -0.000013    0.000024    0.054491  
      0.061554  3.512387  3.082766    -0.017279   -0.029691   -0.038197  
      2.456478 -0.867788  1.523411     0.017279   -0.029689   -0.038198  
      2.456478  1.776801  3.082766    -0.017287    0.029691   -0.038193  
      0.061554  0.867798  1.523411     0.017289    0.029693   -0.038193  
      1.798722  3.388796  2.796485     0.040730    0.062371    0.077753  
      4.193647 -0.744197  1.809693    -0.040729    0.062371    0.077751  
      4.458506  1.472751 -0.000000     0.000002   -0.000017   -0.025708  
      2.063582  1.171848  4.606177    -0.000003   -0.000016   -0.025708  
      1.798722  0.744196  1.809693    -0.040725   -0.062370    0.077749  
      4.193647  1.900402  2.796485     0.040722   -0.062368    0.077745  
 
  17 f  =   15.958503 THz   100.270233 2PiTHz  532.318371 cm-1    65.999037 meV
             X         Y         Z           dx          dy          dz
      0.012930  0.844093  4.606177    -0.009725   -0.020709    0.000002  
      2.407854  1.800505 -0.000000    -0.009723    0.020697   -0.000003  
      0.061554  3.512387  3.082766    -0.015582    0.036952   -0.054259  
      2.456478 -0.867788  1.523411    -0.015583   -0.036954    0.054260  
      2.456478  1.776801  3.082766    -0.015586   -0.036948   -0.054260  
      0.061554  0.867798  1.523411    -0.015585    0.036947    0.054259  
      1.798722  3.388796  2.796485     0.017170    0.017505    0.052088  
      4.193647 -0.744197  1.809693     0.017170   -0.017505   -0.052088  
      4.458506  1.472751 -0.000000     0.032350   -0.097714   -0.000000  
      2.063582  1.171848  4.606177     0.032353    0.097723   -0.000001  
      1.798722  0.744196  1.809693     0.017169    0.017500   -0.052086  
      4.193647  1.900402  2.796485     0.017170   -0.017502    0.052088  
 
  18 f  =   15.211200 THz    95.574788 2PiTHz  507.391016 cm-1    62.908440 meV
             X         Y         Z           dx          dy          dz
      0.012930  0.844093  4.606177    -0.081324   -0.196280    0.000024  
      2.407854  1.800505 -0.000000     0.081321   -0.196278    0.000022  
      0.061554  3.512387  3.082766    -0.009995    0.003420    0.025726  
      2.456478 -0.867788  1.523411     0.009999    0.003423    0.025724  
      2.456478  1.776801  3.082766     0.009987    0.003428   -0.025736  
      0.061554  0.867798  1.523411    -0.009986    0.003426   -0.025738  
      1.798722  3.388796  2.796485    -0.018667   -0.015211   -0.025828  
      4.193647 -0.744197  1.809693     0.018666   -0.015209   -0.025825  
      4.458506  1.472751 -0.000000    -0.022612    0.101044   -0.000003  
      2.063582  1.171848  4.606177     0.022607    0.101039   -0.000003  
      1.798722  0.744196  1.809693    -0.018675   -0.015231    0.025845  
      4.193647  1.900402  2.796485     0.018673   -0.015227    0.025840  
 
  19 f  =   14.256818 THz    89.578230 2PiTHz  475.556264 cm-1    58.961436 meV
             X         Y         Z           dx          dy          dz
      0.012930  0.844093  4.606177    -0.048982   -0.274861    0.000002  
      2.407854  1.800505 -0.000000    -0.048983    0.274865   -0.000001  
      0.061554  3.512387  3.082766     0.002648    0.011374    0.003555  
      2.456478 -0.867788  1.523411     0.002649   -0.011374   -0.003556  
      2.456478  1.776801  3.082766     0.002650   -0.011376    0.003556  
      0.061554  0.867798  1.523411     0.002649    0.011376   -0.003556  
      1.798722  3.388796  2.796485    -0.001332   -0.012482   -0.000366  
      4.193647 -0.744197  1.809693    -0.001332    0.012482    0.000365  
      4.458506  1.472751 -0.000000     0.013084    0.033754   -0.000000  
      2.063582  1.171848  4.606177     0.013084   -0.033756    0.000001  
      1.798722  0.744196  1.809693    -0.001332   -0.012481    0.000366  
      4.193647  1.900402  2.796485    -0.001332    0.012481   -0.000365  
 
  20 f  =   13.439891 THz    84.445327 2PiTHz  448.306514 cm-1    55.582899 meV
             X         Y         Z           dx          dy          dz
      0.012930  0.844093  4.606177     0.085775   -0.073106   -0.000017  
      2.407854  1.800505 -0.000000    -0.085776   -0.073102   -0.000010  
      0.061554  3.512387  3.082766     0.012903   -0.018029    0.027147  
      2.456478 -0.867788  1.523411    -0.012904   -0.018025    0.027146  
      2.456478  1.776801  3.082766    -0.012919   -0.018024   -0.027144  
      0.061554  0.867798  1.523411     0.012919   -0.018022   -0.027145  
      1.798722  3.388796  2.796485     0.026581    0.036865    0.085401  
      4.193647 -0.744197  1.809693    -0.026582    0.036866    0.085403  
      4.458506  1.472751 -0.000000     0.075553    0.029998    0.000001  
      2.063582  1.171848  4.606177    -0.075550    0.029996    0.000002  
      1.798722  0.744196  1.809693     0.026589    0.036866   -0.085403  
      4.193647  1.900402  2.796485    -0.026588    0.036863   -0.085400  
 
  21 f  =   12.996011 THz    81.656346 2PiTHz  433.500267 cm-1    53.747159 meV
             X         Y         Z           dx          dy          dz
      0.012930  0.844093  4.606177     0.000025   -0.000012   -0.098688  
      2.407854  1.800505 -0.000000     0.000026    0.000011    0.098705  
      0.061554  3.512387  3.082766     0.033169   -0.052024   -0.010559  
      2.456478 -0.867788  1.523411     0.033165    0.052026    0.010556  
      2.456478  1.776801  3.082766    -0.033126   -0.052066    0.010550  
      0.061554  0.867798  1.523411    -0.033132    0.052067   -0.010550  
      1.798722  3.388796  2.796485    -0.000288   -0.047999   -0.072704  
      4.193647 -0.744197  1.809693    -0.000290    0.047999    0.072701  
      4.458506  1.472751 -0.000000    -0.000088   -0.000053   -0.025301  
      2.063582  1.171848  4.606177    -0.000084    0.000050    0.025300  
      1.798722  0.744196  1.809693     0.000286    0.047935   -0.072643  
      4.193647  1.900402  2.796485     0.000290   -0.047936    0.072646  
 
  22 f  =   12.946280 THz    81.343875 2PiTHz  431.841412 cm-1    53.541487 meV
             X         Y         Z           dx          dy          dz
      0.012930  0.844093  4.606177    -0.033816    0.017154   -0.000056  
      2.407854  1.800505 -0.000000    -0.033809   -0.017165    0.000065  
      0.061554  3.512387  3.082766    -0.027978   -0.028685    0.003356  
      2.456478 -0.867788  1.523411    -0.027979    0.028687   -0.003360  
      2.456478  1.776801  3.082766    -0.028023    0.028613    0.003376  
      0.061554  0.867798  1.523411    -0.028024   -0.028612   -0.003374  
      1.798722  3.388796  2.796485    -0.000215    0.044727    0.041911  
      4.193647 -0.744197  1.809693    -0.000216   -0.044727   -0.041915  
      4.458506  1.472751 -0.000000     0.127371    0.069700   -0.000020  
      2.063582  1.171848  4.606177     0.127365   -0.069703    0.000019  
      1.798722  0.744196  1.809693    -0.000214    0.044796   -0.042014  
      4.193647  1.900402  2.796485    -0.000213   -0.044797    0.042017  
 
  23 f  =   12.543383 THz    78.812399 2PiTHz  418.402214 cm-1    51.875240 meV
             X         Y         Z           dx          dy          dz
      0.012930  0.844093  4.606177    -0.000005   -0.000005   -0.009349  
      2.407854  1.800505 -0.000000     0.000002   -0.000009    0.009348  
      0.061554  3.512387  3.082766    -0.073619    0.000275   -0.026140  
      2.456478 -0.867788  1.523411    -0.073601   -0.000278    0.026137  
      2.456478  1.776801  3.082766     0.073601    0.000276    0.026140  
      0.061554  0.867798  1.523411     0.073619   -0.000268   -0.026134  
      1.798722  3.388796  2.796485    -0.055473   -0.040310   -0.029745  
      4.193647 -0.744197  1.809693    -0.055461    0.040312    0.029737  
      4.458506  1.472751 -0.000000     0.000004   -0.000004   -0.004796  
      2.063582  1.171848  4.606177    -0.000005    0.000001    0.004799  
      1.798722  0.744196  1.809693     0.055473    0.040310   -0.029740  
      4.193647  1.900402  2.796485     0.055461   -0.040311    0.029740  
 
  24 f  =   12.513524 THz    78.624791 2PiTHz  417.406235 cm-1    51.751754 meV
             X         Y         Z           dx          dy          dz
      0.012930  0.844093  4.606177     0.000009    0.000015    0.216944  
      2.407854  1.800505 -0.000000    -0.000007    0.000014    0.216944  
      0.061554  3.512387  3.082766     0.052302    0.019239   -0.012172  
      2.456478 -0.867788  1.523411    -0.052314    0.019232   -0.012172  
      2.456478  1.776801  3.082766     0.052317   -0.019244   -0.012184  
      0.061554  0.867798  1.523411    -0.052303   -0.019247   -0.012185  
      1.798722  3.388796  2.796485     0.027849   -0.010714   -0.014949  
      4.193647 -0.744197  1.809693    -0.027856   -0.010711   -0.014951  
      4.458506  1.472751 -0.000000    -0.000007    0.000006   -0.014350  
      2.063582  1.171848  4.606177    -0.000000    0.000008   -0.014354  
      1.798722  0.744196  1.809693    -0.027843    0.010719   -0.014976  
      4.193647  1.900402  2.796485     0.027853    0.010718   -0.014976  
 
  25 f  =   12.380337 THz    77.787953 2PiTHz  412.963600 cm-1    51.200938 meV
             X         Y         Z           dx          dy          dz
      0.012930  0.844093  4.606177    -0.000017    0.000060    0.167897  
      2.407854  1.800505 -0.000000     0.000019    0.000060    0.167908  
      0.061554  3.512387  3.082766    -0.062209   -0.013034   -0.001976  
      2.456478 -0.867788  1.523411     0.062222   -0.013036   -0.001982  
      2.456478  1.776801  3.082766    -0.062217    0.013021   -0.001996  
      0.061554  0.867798  1.523411     0.062205    0.013020   -0.001990  
      1.798722  3.388796  2.796485    -0.048728   -0.003097   -0.035721  
      4.193647 -0.744197  1.809693     0.048737   -0.003105   -0.035725  
      4.458506  1.472751 -0.000000    -0.000012    0.000014    0.007366  
      2.063582  1.171848  4.606177     0.000011    0.000014    0.007363  
      1.798722  0.744196  1.809693     0.048725    0.003086   -0.035731  
      4.193647  1.900402  2.796485    -0.048734    0.003094   -0.035735  
 
  26 f  =   12.241319 THz    76.914473 2PiTHz  408.326435 cm-1    50.626003 meV
             X         Y         Z           dx          dy          dz
      0.012930  0.844093  4.606177     0.056755   -0.172910    0.000057  
      2.407854  1.800505 -0.000000    -0.056750   -0.172910    0.000072  
      0.061554  3.512387  3.082766     0.006745    0.026374   -0.046606  
      2.456478 -0.867788  1.523411    -0.006740    0.026368   -0.046611  
      2.456478  1.776801  3.082766    -0.006764    0.026375    0.046603  
      0.061554  0.867798  1.523411     0.006760    0.026375    0.046608  
      1.798722  3.388796  2.796485     0.007054    0.019866   -0.025648  
      4.193647 -0.744197  1.809693    -0.007050    0.019864   -0.025649  
      4.458506  1.472751 -0.000000     0.050127   -0.071268    0.000003  
      2.063582  1.171848  4.606177    -0.050134   -0.071264   -0.000001  
      1.798722  0.744196  1.809693     0.007071    0.019867    0.025628  
      4.193647  1.900402  2.796485    -0.007075    0.019874    0.025623  
 
  27 f  =   12.051749 THz    75.723372 2PiTHz  402.003073 cm-1    49.842006 meV
             X         Y         Z           dx          dy          dz
      0.012930  0.844093  4.606177     0.000005   -0.000003    0.257099  
      2.407854  1.800505 -0.000000    -0.000011   -0.000010   -0.257084  
      0.061554  3.512387  3.082766     0.007857   -0.028373   -0.023250  
      2.456478 -0.867788  1.523411     0.007859    0.028375    0.023247  
      2.456478  1.776801  3.082766    -0.007856   -0.028375    0.023249  
      0.061554  0.867798  1.523411    -0.007855    0.028377   -0.023247  
      1.798722  3.388796  2.796485     0.006169   -0.014714   -0.004781  
      4.193647 -0.744197  1.809693     0.006171    0.014715    0.004778  
      4.458506  1.472751 -0.000000    -0.000004   -0.000006   -0.033395  
      2.063582  1.171848  4.606177    -0.000004    0.000000    0.033395  
      1.798722  0.744196  1.809693    -0.006169    0.014712   -0.004777  
      4.193647  1.900402  2.796485    -0.006171   -0.014710    0.004776  
 
  28 f  =   11.703996 THz    73.538374 2PiTHz  390.403276 cm-1    48.403815 meV
             X         Y         Z           dx          dy          dz
      0.012930  0.844093  4.606177    -0.243802    0.013489    0.000008  
      2.407854  1.800505 -0.000000     0.243811    0.013490   -0.000004  
      0.061554  3.512387  3.082766     0.029927   -0.001469   -0.009149  
      2.456478 -0.867788  1.523411    -0.029924   -0.001470   -0.009151  
      2.456478  1.776801  3.082766    -0.029921   -0.001472    0.009151  
      0.061554  0.867798  1.523411     0.029918   -0.001468    0.009150  
      1.798722  3.388796  2.796485     0.018893    0.009613    0.015070  
      4.193647 -0.744197  1.809693    -0.018889    0.009612    0.015067  
      4.458506  1.472751 -0.000000     0.066642   -0.019129   -0.000001  
      2.063582  1.171848  4.606177    -0.066649   -0.019130   -0.000000  
      1.798722  0.744196  1.809693     0.018888    0.009615   -0.015070  
      4.193647  1.900402  2.796485    -0.018888    0.009614   -0.015066  
 
  29 f  =   10.688405 THz    67.157231 2PiTHz  356.526825 cm-1    44.203673 meV
             X         Y         Z           dx          dy          dz
      0.012930  0.844093  4.606177    -0.165775    0.026267    0.000000  
      2.407854  1.800505 -0.000000    -0.165759   -0.026268    0.000005  
      0.061554  3.512387  3.082766     0.009974   -0.013596   -0.020726  
      2.456478 -0.867788  1.523411     0.009971    0.013596    0.020726  
      2.456478  1.776801  3.082766     0.009971    0.013599   -0.020726  
      0.061554  0.867798  1.523411     0.009972   -0.013599    0.020728  
      1.798722  3.388796  2.796485    -0.021489   -0.035817   -0.069398  
      4.193647 -0.744197  1.809693    -0.021491    0.035819    0.069401  
      4.458506  1.472751 -0.000000     0.074262   -0.045926    0.000001  
      2.063582  1.171848  4.606177     0.074262    0.045920   -0.000001  
      1.798722  0.744196  1.809693    -0.021490   -0.035818    0.069398  
      4.193647  1.900402  2.796485    -0.021491    0.035821   -0.069402  
 
  30 f  =   10.587949 THz    66.526046 2PiTHz  353.175966 cm-1    43.788219 meV
             X         Y         Z           dx          dy          dz
      0.012930  0.844093  4.606177     0.217257   -0.040344    0.000004  
      2.407854  1.800505 -0.000000     0.217268    0.040336   -0.000002  
      0.061554  3.512387  3.082766    -0.018919   -0.010376   -0.015702  
      2.456478 -0.867788  1.523411    -0.018918    0.010377    0.015704  
      2.456478  1.776801  3.082766    -0.018916    0.010378   -0.015702  
      0.061554  0.867798  1.523411    -0.018918   -0.010377    0.015700  
      1.798722  3.388796  2.796485    -0.038464   -0.022425   -0.043779  
      4.193647 -0.744197  1.809693    -0.038464    0.022429    0.043786  
      4.458506  1.472751 -0.000000     0.059659   -0.022756   -0.000001  
      2.063582  1.171848  4.606177     0.059673    0.022747    0.000001  
      1.798722  0.744196  1.809693    -0.038465   -0.022426    0.043782  
      4.193647  1.900402  2.796485    -0.038464    0.022430   -0.043789  
 
  31 f  =   10.063306 THz    63.229614 2PiTHz  335.675742 cm-1    41.618469 meV
             X         Y         Z           dx          dy          dz
      0.012930  0.844093  4.606177    -0.062531   -0.064721   -0.000005  
      2.407854  1.800505 -0.000000     0.062512   -0.064726   -0.000002  
      0.061554  3.512387  3.082766    -0.011049    0.009249    0.010796  
      2.456478 -0.867788  1.523411     0.011048    0.009245    0.010795  
      2.456478  1.776801  3.082766     0.011045    0.009245   -0.010793  
      0.061554  0.867798  1.523411    -0.011041    0.009247   -0.010797  
      1.798722  3.388796  2.796485     0.000231    0.035754    0.055903  
      4.193647 -0.744197  1.809693    -0.000228    0.035751    0.055893  
      4.458506  1.472751 -0.000000    -0.124892   -0.080803    0.000001  
      2.063582  1.171848  4.606177     0.124885   -0.080811    0.000002  
      1.798722  0.744196  1.809693     0.000236    0.035753   -0.055902  
      4.193647  1.900402  2.796485    -0.000229    0.035750   -0.055894  
 
  32 f  =    8.404219 THz    52.805265 2PiTHz  280.334568 cm-1    34.757041 meV
             X         Y         Z           dx          dy          dz
      0.012930  0.844093  4.606177    -0.000002   -0.000003   -0.080686  
      2.407854  1.800505 -0.000000    -0.000003    0.000002    0.080691  
      0.061554  3.512387  3.082766     0.005080   -0.004922   -0.069082  
      2.456478 -0.867788  1.523411     0.005077    0.004924    0.069082  
      2.456478  1.776801  3.082766    -0.005078   -0.004916    0.069082  
      0.061554  0.867798  1.523411    -0.005077    0.004915   -0.069081  
      1.798722  3.388796  2.796485     0.020005    0.004393    0.064093  
      4.193647 -0.744197  1.809693     0.020004   -0.004393   -0.064095  
      4.458506  1.472751 -0.000000    -0.000002   -0.000005   -0.067184  
      2.063582  1.171848  4.606177    -0.000004    0.000004    0.067184  
      1.798722  0.744196  1.809693    -0.020002   -0.004386    0.064093  
      4.193647  1.900402  2.796485    -0.020003    0.004387   -0.064093  
 
  33 f  =    7.702432 THz    48.395809 2PiTHz  256.925483 cm-1    31.854686 meV
             X         Y         Z           dx          dy          dz
      0.012930  0.844093  4.606177    -0.000389   -0.067192    0.000006  
      2.407854  1.800505 -0.000000    -0.000388    0.067190   -0.000004  
      0.061554  3.512387  3.082766     0.004925   -0.065740    0.000978  
      2.456478 -0.867788  1.523411     0.004924    0.065741   -0.000978  
      2.456478  1.776801  3.082766     0.004925    0.065742    0.000972  
      0.061554  0.867798  1.523411     0.004926   -0.065742   -0.000972  
      1.798722  3.388796  2.796485     0.010046    0.056248   -0.002056  
      4.193647 -0.744197  1.809693     0.010045   -0.056247    0.002058  
      4.458506  1.472751 -0.000000    -0.039807   -0.090607    0.000003  
      2.063582  1.171848  4.606177    -0.039804    0.090604   -0.000004  
      1.798722  0.744196  1.809693     0.010050    0.056250    0.002047  
      4.193647  1.900402  2.796485     0.010049   -0.056249   -0.002048  
 
  34 fi =    0.000730 THz     0.004589 2PiTHz    0.024363 cm-1     0.003021 meV
             X         Y         Z           dx          dy          dz
      0.012930  0.844093  4.606177     0.000222   -0.069276    0.000156  
      2.407854  1.800505 -0.000000     0.000220   -0.069276    0.000157  
      0.061554  3.512387  3.082766     0.000221   -0.069276    0.000157  
      2.456478 -0.867788  1.523411     0.000221   -0.069276    0.000157  
      2.456478  1.776801  3.082766     0.000221   -0.069276    0.000156  
      0.061554  0.867798  1.523411     0.000221   -0.069276    0.000156  
      1.798722  3.388796  2.796485     0.000221   -0.069275    0.000156  
      4.193647 -0.744197  1.809693     0.000221   -0.069275    0.000156  
      4.458506  1.472751 -0.000000     0.000222   -0.069266    0.000156  
      2.063582  1.171848  4.606177     0.000220   -0.069266    0.000157  
      1.798722  0.744196  1.809693     0.000221   -0.069275    0.000157  
      4.193647  1.900402  2.796485     0.000221   -0.069276    0.000157  
 
  35 fi =    0.002776 THz     0.017442 2PiTHz    0.092594 cm-1     0.011480 meV
             X         Y         Z           dx          dy          dz
      0.012930  0.844093  4.606177    -0.000069    0.000156    0.069226  
      2.407854  1.800505 -0.000000    -0.000069    0.000156    0.069226  
      0.061554  3.512387  3.082766    -0.000069    0.000156    0.069273  
      2.456478 -0.867788  1.523411    -0.000070    0.000156    0.069272  
      2.456478  1.776801  3.082766    -0.000069    0.000157    0.069273  
      0.061554  0.867798  1.523411    -0.000070    0.000157    0.069273  
      1.798722  3.388796  2.796485    -0.000066    0.000160    0.069289  
      4.193647 -0.744197  1.809693    -0.000073    0.000159    0.069289  
      4.458506  1.472751 -0.000000    -0.000070    0.000157    0.069275  
      2.063582  1.171848  4.606177    -0.000070    0.000156    0.069275  
      1.798722  0.744196  1.809693    -0.000073    0.000152    0.069289  
      4.193647  1.900402  2.796485    -0.000066    0.000152    0.069290  
 
  36 fi =    0.005292 THz     0.033252 2PiTHz    0.176529 cm-1     0.021887 meV
             X         Y         Z           dx          dy          dz
      0.012930  0.844093  4.606177     0.069227    0.000215    0.000069  
      2.407854  1.800505 -0.000000     0.069227    0.000227    0.000069  
      0.061554  3.512387  3.082766     0.069280    0.000215    0.000075  
      2.456478 -0.867788  1.523411     0.069280    0.000227    0.000063  
      2.456478  1.776801  3.082766     0.069280    0.000227    0.000075  
      0.061554  0.867798  1.523411     0.069280    0.000215    0.000063  
      1.798722  3.388796  2.796485     0.069303    0.000238    0.000085  
      4.193647 -0.744197  1.809693     0.069303    0.000204    0.000054  
      4.458506  1.472751 -0.000000     0.069213    0.000205    0.000069  
      2.063582  1.171848  4.606177     0.069214    0.000237    0.000069  
      1.798722  0.744196  1.809693     0.069303    0.000238    0.000053  
      4.193647  1.900402  2.796485     0.069303    0.000205    0.000085  
 
