 Eigenvectors and eigenvalues of the dynamical matrix
 ----------------------------------------------------
 
 
   1 f  =   31.608565 THz   198.602474 2PiTHz 1054.348253 cm-1   130.722464 meV
             X         Y         Z           dx          dy          dz
      5.499996  1.927936  1.243182    -0.007840   -0.007159    0.009470  
      3.118814  5.926396  3.760576     0.007837    0.007164   -0.009472  
      1.577878  6.231801  1.243182     0.003436    0.003132   -0.002142  
      7.040931  1.622531  3.760576    -0.003436   -0.003131    0.002142  
      1.953479  2.839175  1.124867     0.031557   -0.010734   -0.002604  
      6.665331  5.015157  3.878890    -0.031556    0.010754    0.002606  
      3.697673  2.310727  3.642261     0.007783   -0.032422    0.002598  
      4.921136  5.543605  1.361497    -0.007766    0.032411   -0.002611  
      4.649722  4.394277  0.217931     0.012557   -0.067312   -0.092273  
      5.495806  4.851355  2.735324     0.065857   -0.018738    0.092272  
      3.969088  3.460055  4.785827    -0.012555    0.067323    0.092287  
      3.123004  3.002977  2.268434    -0.065871    0.018737   -0.092286  
      2.546376  1.292352  4.243096    -0.008016   -0.004687    0.005713  
      7.232779  3.552233  4.266926    -0.003194    0.015906   -0.000037  
      6.072434  6.561981  0.760662     0.008010    0.004685   -0.005710  
      0.832852  1.787143  1.725702     0.005408    0.007547   -0.005714  
      7.785958  6.067189  3.278055    -0.005406   -0.007543    0.005709  
      1.386031  4.302099  0.736832     0.003214   -0.015958    0.000048  
      3.517054  6.244104  1.749532    -0.015587    0.004676    0.000048  
      5.101755  1.610229  3.254226     0.015549   -0.004655   -0.000037  
 
   2 f  =   31.374614 THz   197.132514 2PiTHz 1046.544475 cm-1   129.754919 meV
             X         Y         Z           dx          dy          dz
      5.499996  1.927936  1.243182     0.002973   -0.003267    0.000001  
      3.118814  5.926396  3.760576     0.002974   -0.003265   -0.000001  
      1.577878  6.231801  1.243182     0.001750   -0.001920    0.000000  
      7.040931  1.622531  3.760576     0.001749   -0.001920    0.000000  
      1.953479  2.839175  1.124867    -0.029236    0.012845    0.004746  
      6.665331  5.015157  3.878890    -0.029238    0.012844    0.004750  
      3.697673  2.310727  3.642261    -0.010079    0.030299   -0.004749  
      4.921136  5.543605  1.361497    -0.010084    0.030304   -0.004747  
      4.649722  4.394277  0.217931     0.014701   -0.064965   -0.095595  
      5.495806  4.851355  2.735324     0.063321   -0.020655    0.095591  
      3.969088  3.460055  4.785827     0.014699   -0.064952   -0.095578  
      3.123004  3.002977  2.268434     0.063315   -0.020651    0.095582  
      2.546376  1.292352  4.243096     0.005444    0.007566   -0.006003  
      7.232779  3.552233  4.266926    -0.005327    0.007644   -0.000106  
      6.072434  6.561981  0.760662     0.005455    0.007572   -0.006008  
      0.832852  1.787143  1.725702    -0.008039   -0.004724    0.006007  
      7.785958  6.067189  3.278055    -0.008044   -0.004727    0.006005  
      1.386031  4.302099  0.736832    -0.005322    0.007633   -0.000105  
      3.517054  6.244104  1.749532    -0.007114    0.006009    0.000106  
      5.101755  1.610229  3.254226    -0.007110    0.006009    0.000105  
 
   3 f  =   29.953047 THz   188.200545 2PiTHz  999.126102 cm-1   123.875793 meV
             X         Y         Z           dx          dy          dz
      5.499996  1.927936  1.243182    -0.010429    0.011416   -0.000000  
      3.118814  5.926396  3.760576     0.010428   -0.011416    0.000001  
      1.577878  6.231801  1.243182     0.003392   -0.003722   -0.000000  
      7.040931  1.622531  3.760576    -0.003392    0.003722    0.000000  
      1.953479  2.839175  1.124867     0.036077   -0.010425    0.028024  
      6.665331  5.015157  3.878890    -0.036075    0.010428   -0.028024  
      3.697673  2.310727  3.642261    -0.007044    0.036888    0.028027  
      4.921136  5.543605  1.361497     0.007039   -0.036883   -0.028022  
      4.649722  4.394277  0.217931    -0.004375    0.049837    0.054221  
      5.495806  4.851355  2.735324     0.049219   -0.008976    0.054226  
      3.969088  3.460055  4.785827     0.004379   -0.049843   -0.054231  
      3.123004  3.002977  2.268434    -0.049221    0.008974   -0.054226  
      2.546376  1.292352  4.243096    -0.023352   -0.018964    0.017281  
      7.232779  3.552233  4.266926     0.019874   -0.067975    0.005254  
      6.072434  6.561981  0.760662     0.023351    0.018966   -0.017283  
      0.832852  1.787143  1.725702    -0.021051   -0.021496    0.017284  
      7.785958  6.067189  3.278055     0.021044    0.021494   -0.017279  
      1.386031  4.302099  0.736832    -0.019875    0.067974   -0.005251  
      3.517054  6.244104  1.749532    -0.065838    0.026082    0.005251  
      5.101755  1.610229  3.254226     0.065850   -0.026088   -0.005255  
 
   4 f  =   29.706326 THz   186.650352 2PiTHz  990.896379 cm-1   122.855438 meV
             X         Y         Z           dx          dy          dz
      5.499996  1.927936  1.243182    -0.000329   -0.000306   -0.000114  
      3.118814  5.926396  3.760576    -0.000338   -0.000297   -0.000111  
      1.577878  6.231801  1.243182     0.000030    0.000030   -0.001334  
      7.040931  1.622531  3.760576     0.000034    0.000028   -0.001333  
      1.953479  2.839175  1.124867     0.013075    0.003827    0.044347  
      6.665331  5.015157  3.878890     0.013097    0.003796    0.044321  
      3.697673  2.310727  3.642261     0.005022    0.012662    0.044349  
      4.921136  5.543605  1.361497     0.005004    0.012690    0.044315  
      4.649722  4.394277  0.217931     0.016187   -0.064073   -0.083391  
      5.495806  4.851355  2.735324    -0.062292    0.022050   -0.083380  
      3.969088  3.460055  4.785827     0.016204   -0.064103   -0.083441  
      3.123004  3.002977  2.268434    -0.062333    0.022072   -0.083450  
      2.546376  1.292352  4.243096     0.000470   -0.000721    0.004535  
      7.232779  3.552233  4.266926    -0.006036    0.021311    0.002920  
      6.072434  6.561981  0.760662     0.000440   -0.000745    0.004551  
      0.832852  1.787143  1.725702    -0.000675    0.000531    0.004536  
      7.785958  6.067189  3.278055    -0.000695    0.000512    0.004546  
      1.386031  4.302099  0.736832    -0.006013    0.021246    0.002935  
      3.517054  6.244104  1.749532     0.020644   -0.007975    0.002925  
      5.101755  1.610229  3.254226     0.020593   -0.007954    0.002935  
 
   5 f  =   29.675931 THz   186.459373 2PiTHz  989.882503 cm-1   122.729733 meV
             X         Y         Z           dx          dy          dz
      5.499996  1.927936  1.243182    -0.008296    0.009076   -0.000000  
      3.118814  5.926396  3.760576     0.008294   -0.009075    0.000000  
      1.577878  6.231801  1.243182     0.002835   -0.003111   -0.000000  
      7.040931  1.622531  3.760576    -0.002834    0.003110   -0.000000  
      1.953479  2.839175  1.124867     0.022449   -0.025502   -0.033580  
      6.665331  5.015157  3.878890    -0.022440    0.025531    0.033615  
      3.697673  2.310727  3.642261    -0.023333    0.024717   -0.033572  
      4.921136  5.543605  1.361497     0.023324   -0.024706    0.033622  
      4.649722  4.394277  0.217931     0.018877   -0.042341   -0.066616  
      5.495806  4.851355  2.735324    -0.040414    0.022716   -0.066621  
      3.969088  3.460055  4.785827    -0.018858    0.042281    0.066538  
      3.123004  3.002977  2.268434     0.040351   -0.022694    0.066535  
      2.546376  1.292352  4.243096    -0.025983   -0.021059    0.012867  
      7.232779  3.552233  4.266926     0.018956   -0.056298    0.013136  
      6.072434  6.561981  0.760662     0.025988    0.021071   -0.012871  
      0.832852  1.787143  1.725702    -0.023386   -0.023923    0.012874  
      7.785958  6.067189  3.278055     0.023376    0.023922   -0.012863  
      1.386031  4.302099  0.736832    -0.018948    0.056274   -0.013122  
      3.517054  6.244104  1.749532    -0.054270    0.024076    0.013128  
      5.101755  1.610229  3.254226     0.054313   -0.024091   -0.013131  
 
   6 f  =   29.285100 THz   184.003712 2PiTHz  976.845799 cm-1   121.113389 meV
             X         Y         Z           dx          dy          dz
      5.499996  1.927936  1.243182    -0.003553    0.003886   -0.000000  
      3.118814  5.926396  3.760576    -0.003559    0.003893   -0.000001  
      1.577878  6.231801  1.243182     0.001210   -0.001328   -0.000000  
      7.040931  1.622531  3.760576     0.001213   -0.001331   -0.000001  
      1.953479  2.839175  1.124867    -0.002181    0.051541   -0.017148  
      6.665331  5.015157  3.878890    -0.002168    0.051537   -0.017160  
      3.697673  2.310727  3.642261    -0.051123    0.006939    0.017167  
      4.921136  5.543605  1.361497    -0.051126    0.006953    0.017152  
      4.649722  4.394277  0.217931    -0.000793    0.004393    0.003973  
      5.495806  4.851355  2.735324    -0.004294    0.001191   -0.003960  
      3.969088  3.460055  4.785827    -0.000789    0.004379    0.003951  
      3.123004  3.002977  2.268434    -0.004302    0.001199   -0.003978  
      2.546376  1.292352  4.243096     0.011254    0.027329   -0.017656  
      7.232779  3.552233  4.266926     0.025529   -0.090788    0.017533  
      6.072434  6.561981  0.760662     0.011236    0.027315   -0.017649  
      0.832852  1.787143  1.725702    -0.028244   -0.008663    0.017652  
      7.785958  6.067189  3.278055    -0.028255   -0.008673    0.017658  
      1.386031  4.302099  0.736832     0.025538   -0.090815    0.017535  
      3.517054  6.244104  1.749532     0.088081   -0.033848   -0.017539  
      5.101755  1.610229  3.254226     0.088053   -0.033838   -0.017537  
 
   7 f  =   28.995482 THz   182.183985 2PiTHz  967.185163 cm-1   119.915623 meV
             X         Y         Z           dx          dy          dz
      5.499996  1.927936  1.243182    -0.001574   -0.001426   -0.001984  
      3.118814  5.926396  3.760576    -0.001576   -0.001432   -0.001957  
      1.577878  6.231801  1.243182     0.000938    0.000855   -0.004226  
      7.040931  1.622531  3.760576     0.000942    0.000859   -0.004221  
      1.953479  2.839175  1.124867     0.024384   -0.048509    0.000012  
      6.665331  5.015157  3.878890     0.024375   -0.048564    0.000048  
      3.697673  2.310727  3.642261    -0.046087    0.028768    0.000036  
      4.921136  5.543605  1.361497    -0.046032    0.028767    0.000016  
      4.649722  4.394277  0.217931    -0.005027    0.012038    0.017830  
      5.495806  4.851355  2.735324     0.011548   -0.006130    0.017884  
      3.969088  3.460055  4.785827    -0.005037    0.012073    0.017893  
      3.123004  3.002977  2.268434     0.011527   -0.006124    0.017841  
      2.546376  1.292352  4.243096    -0.009428   -0.012805    0.008353  
      7.232779  3.552233  4.266926    -0.033745    0.089874   -0.019975  
      6.072434  6.561981  0.760662    -0.009460   -0.012827    0.008372  
      0.832852  1.787143  1.725702    -0.013647   -0.008235    0.008371  
      7.785958  6.067189  3.278055    -0.013613   -0.008197    0.008348  
      1.386031  4.302099  0.736832    -0.033714    0.089807   -0.019956  
      3.517054  6.244104  1.749532     0.086279   -0.041878   -0.019952  
      5.101755  1.610229  3.254226     0.086346   -0.041915   -0.019972  
 
   8 f  =   28.200519 THz   177.189089 2PiTHz  940.668073 cm-1   116.627924 meV
             X         Y         Z           dx          dy          dz
      5.499996  1.927936  1.243182    -0.001766   -0.001614   -0.013194  
      3.118814  5.926396  3.760576     0.001767    0.001615    0.013213  
      1.577878  6.231801  1.243182    -0.000494   -0.000450   -0.003675  
      7.040931  1.622531  3.760576     0.000490    0.000446    0.003675  
      1.953479  2.839175  1.124867    -0.006801    0.053433   -0.020092  
      6.665331  5.015157  3.878890     0.006782   -0.053368    0.020084  
      3.697673  2.310727  3.642261    -0.052510    0.011693    0.020081  
      4.921136  5.543605  1.361497     0.052572   -0.011720   -0.020094  
      4.649722  4.394277  0.217931     0.001979   -0.000466   -0.001077  
      5.495806  4.851355  2.735324     0.000276   -0.002008    0.001068  
      3.969088  3.460055  4.785827    -0.001970    0.000465    0.001068  
      3.123004  3.002977  2.268434    -0.000283    0.002012   -0.001078  
      2.546376  1.292352  4.243096     0.020097    0.017928   -0.014148  
      7.232779  3.552233  4.266926    -0.031060    0.086185   -0.021091  
      6.072434  6.561981  0.760662    -0.020114   -0.017937    0.014153  
      0.832852  1.787143  1.725702    -0.019719   -0.018363    0.014152  
      7.785958  6.067189  3.278055     0.019716    0.018353   -0.014148  
      1.386031  4.302099  0.736832     0.031091   -0.086267    0.021108  
      3.517054  6.244104  1.749532    -0.083013    0.038947    0.021110  
      5.101755  1.610229  3.254226     0.082938   -0.038907   -0.021090  
 
   9 f  =   27.102338 THz   170.289010 2PiTHz  904.036677 cm-1   112.086212 meV
             X         Y         Z           dx          dy          dz
      5.499996  1.927936  1.243182     0.009511   -0.010417   -0.000000  
      3.118814  5.926396  3.760576    -0.009513    0.010418   -0.000001  
      1.577878  6.231801  1.243182    -0.003679    0.004037    0.000000  
      7.040931  1.622531  3.760576     0.003678   -0.004036   -0.000000  
      1.953479  2.839175  1.124867    -0.024596   -0.051488    0.020768  
      6.665331  5.015157  3.878890     0.024591    0.051478   -0.020763  
      3.697673  2.310727  3.642261    -0.053538   -0.019716    0.020764  
      4.921136  5.543605  1.361497     0.053541    0.019721   -0.020766  
      4.649722  4.394277  0.217931    -0.002373   -0.004598   -0.003333  
      5.495806  4.851355  2.735324    -0.004797   -0.001935   -0.003325  
      3.969088  3.460055  4.785827     0.002370    0.004597    0.003325  
      3.123004  3.002977  2.268434     0.004798    0.001935    0.003333  
      2.546376  1.292352  4.243096     0.058298    0.051580   -0.033496  
      7.232779  3.552233  4.266926     0.015173   -0.038692    0.011279  
      6.072434  6.561981  0.760662    -0.058302   -0.051585    0.033502  
      0.832852  1.787143  1.725702     0.056769    0.053279   -0.033504  
      7.785958  6.067189  3.278055    -0.056756   -0.053268    0.033495  
      1.386031  4.302099  0.736832    -0.015175    0.038696   -0.011283  
      3.517054  6.244104  1.749532    -0.037121    0.018692    0.011282  
      5.101755  1.610229  3.254226     0.037126   -0.018694   -0.011281  
 
  10 f  =   25.348819 THz   159.271326 2PiTHz  845.545582 cm-1   104.834244 meV
             X         Y         Z           dx          dy          dz
      5.499996  1.927936  1.243182     0.004409    0.004010   -0.006820  
      3.118814  5.926396  3.760576     0.004403    0.004005   -0.006811  
      1.577878  6.231801  1.243182     0.003178    0.002897    0.002559  
      7.040931  1.622531  3.760576     0.003181    0.002899    0.002557  
      1.953479  2.839175  1.124867    -0.039478   -0.037537    0.020899  
      6.665331  5.015157  3.878890    -0.039501   -0.037563    0.020912  
      3.697673  2.310727  3.642261    -0.041056   -0.035845    0.020913  
      4.921136  5.543605  1.361497    -0.041032   -0.035829    0.020898  
      4.649722  4.394277  0.217931     0.000173    0.001566    0.002222  
      5.495806  4.851355  2.735324     0.001580    0.000028    0.002234  
      3.969088  3.460055  4.785827     0.000176    0.001571    0.002232  
      3.123004  3.002977  2.268434     0.001576    0.000030    0.002221  
      2.546376  1.292352  4.243096     0.064839    0.062595   -0.038049  
      7.232779  3.552233  4.266926    -0.003626   -0.000166   -0.003204  
      6.072434  6.561981  0.760662     0.064792    0.062558   -0.038018  
      0.832852  1.787143  1.725702     0.068293    0.058723   -0.038020  
      7.785958  6.067189  3.278055     0.068344    0.058775   -0.038055  
      1.386031  4.302099  0.736832    -0.003623   -0.000167   -0.003201  
      3.517054  6.244104  1.749532    -0.000496   -0.003596   -0.003203  
      5.101755  1.610229  3.254226    -0.000496   -0.003598   -0.003203  
 
  11 f  =   24.884601 THz   156.354560 2PiTHz  830.060943 cm-1   102.914394 meV
             X         Y         Z           dx          dy          dz
      5.499996  1.927936  1.243182    -0.000629    0.000696    0.000003  
      3.118814  5.926396  3.760576    -0.000624    0.000701   -0.000002  
      1.577878  6.231801  1.243182    -0.005498    0.006036   -0.000001  
      7.040931  1.622531  3.760576    -0.005501    0.006033    0.000000  
      1.953479  2.839175  1.124867    -0.038700   -0.014691    0.013967  
      6.665331  5.015157  3.878890    -0.038684   -0.014686    0.013970  
      3.697673  2.310727  3.642261     0.018221    0.037180   -0.013971  
      4.921136  5.543605  1.361497     0.018206    0.037159   -0.013970  
      4.649722  4.394277  0.217931    -0.003167    0.003737   -0.000360  
      5.495806  4.851355  2.735324    -0.003428    0.003498    0.000361  
      3.969088  3.460055  4.785827    -0.003164    0.003737   -0.000371  
      3.123004  3.002977  2.268434    -0.003426    0.003500    0.000368  
      2.546376  1.292352  4.243096    -0.068094   -0.061407    0.036575  
      7.232779  3.552233  4.266926     0.012991   -0.047289    0.003704  
      6.072434  6.561981  0.760662    -0.068049   -0.061367    0.036551  
      0.832852  1.787143  1.725702     0.067431    0.062099   -0.036565  
      7.785958  6.067189  3.278055     0.067406    0.062072   -0.036551  
      1.386031  4.302099  0.736832     0.012996   -0.047312    0.003708  
      3.517054  6.244104  1.749532     0.045888   -0.017317   -0.003705  
      5.101755  1.610229  3.254226     0.045901   -0.017320   -0.003707  
 
  12 f  =   24.834614 THz   156.040481 2PiTHz  828.393552 cm-1   102.707664 meV
             X         Y         Z           dx          dy          dz
      5.499996  1.927936  1.243182    -0.004166   -0.003811    0.017564  
      3.118814  5.926396  3.760576     0.004159    0.003809   -0.017559  
      1.577878  6.231801  1.243182     0.005846    0.005325    0.003621  
      7.040931  1.622531  3.760576    -0.005847   -0.005331   -0.003618  
      1.953479  2.839175  1.124867    -0.035820   -0.010727    0.024778  
      6.665331  5.015157  3.878890     0.035828    0.010713   -0.024748  
      3.697673  2.310727  3.642261     0.013970    0.034657   -0.024765  
      4.921136  5.543605  1.361497    -0.014016   -0.034694    0.024760  
      4.649722  4.394277  0.217931    -0.002008   -0.004299    0.003211  
      5.495806  4.851355  2.735324     0.004461    0.001591   -0.003205  
      3.969088  3.460055  4.785827     0.002010    0.004305   -0.003202  
      3.123004  3.002977  2.268434    -0.004474   -0.001608    0.003204  
      2.546376  1.292352  4.243096    -0.067732   -0.055329    0.042715  
      7.232779  3.552233  4.266926    -0.010601    0.047919   -0.001177  
      6.072434  6.561981  0.760662     0.067807    0.055402   -0.042754  
      0.832852  1.787143  1.725702     0.061407    0.062350   -0.042737  
      7.785958  6.067189  3.278055    -0.061395   -0.062346    0.042728  
      1.386031  4.302099  0.736832     0.010583   -0.047869    0.001165  
      3.517054  6.244104  1.749532    -0.046700    0.014976    0.001170  
      5.101755  1.610229  3.254226     0.046715   -0.014986   -0.001171  
 
  13 f  =   22.616746 THz   142.105205 2PiTHz  754.413436 cm-1    93.535303 meV
             X         Y         Z           dx          dy          dz
      5.499996  1.927936  1.243182     0.002158    0.001981   -0.017364  
      3.118814  5.926396  3.760576    -0.002182   -0.001958    0.017365  
      1.577878  6.231801  1.243182     0.001657    0.001508   -0.003637  
      7.040931  1.622531  3.760576    -0.001656   -0.001511    0.003637  
      1.953479  2.839175  1.124867    -0.019997   -0.028338   -0.078886  
      6.665331  5.015157  3.878890     0.020038    0.028384    0.079026  
      3.697673  2.310727  3.642261     0.030066    0.017279    0.078887  
      4.921136  5.543605  1.361497    -0.030120   -0.017331   -0.079026  
      4.649722  4.394277  0.217931     0.032671    0.014741   -0.007140  
      5.495806  4.851355  2.735324    -0.017704   -0.031159    0.007143  
      3.969088  3.460055  4.785827    -0.032608   -0.014704    0.007128  
      3.123004  3.002977  2.268434     0.017661    0.031112   -0.007126  
      2.546376  1.292352  4.243096    -0.021707   -0.013892   -0.005539  
      7.232779  3.552233  4.266926    -0.000697   -0.003988   -0.020943  
      6.072434  6.561981  0.760662     0.021727    0.013913    0.005555  
      0.832852  1.787143  1.725702     0.015849    0.020331    0.005537  
      7.785958  6.067189  3.278055    -0.015856   -0.020340   -0.005559  
      1.386031  4.302099  0.736832     0.000684    0.003983    0.020917  
      3.517054  6.244104  1.749532     0.004036    0.000326    0.020943  
      5.101755  1.610229  3.254226    -0.004028   -0.000311   -0.020918  
 
  14 f  =   22.550008 THz   141.685878 2PiTHz  752.187295 cm-1    93.259297 meV
             X         Y         Z           dx          dy          dz
      5.499996  1.927936  1.243182     0.013172   -0.014448   -0.000009  
      3.118814  5.926396  3.760576     0.013176   -0.014448    0.000010  
      1.577878  6.231801  1.243182    -0.001003    0.001107   -0.000003  
      7.040931  1.622531  3.760576    -0.001010    0.001101    0.000002  
      1.953479  2.839175  1.124867    -0.022012   -0.026448   -0.080861  
      6.665331  5.015157  3.878890    -0.021975   -0.026395   -0.080727  
      3.697673  2.310727  3.642261     0.028376    0.019469    0.080860  
      4.921136  5.543605  1.361497     0.028316    0.019437    0.080727  
      4.649722  4.394277  0.217931    -0.032539   -0.020363    0.008127  
      5.495806  4.851355  2.735324     0.023293    0.030519   -0.008129  
      3.969088  3.460055  4.785827    -0.032606   -0.020386    0.008146  
      3.123004  3.002977  2.268434     0.023314    0.030570   -0.008145  
      2.546376  1.292352  4.243096    -0.005038   -0.002313   -0.014541  
      7.232779  3.552233  4.266926     0.004896    0.006221    0.013044  
      6.072434  6.561981  0.760662    -0.004980   -0.002278   -0.014546  
      0.832852  1.787143  1.725702     0.002773    0.004802    0.014542  
      7.785958  6.067189  3.278055     0.002724    0.004745    0.014549  
      1.386031  4.302099  0.736832     0.004898    0.006203    0.013082  
      3.517054  6.244104  1.749532    -0.006646   -0.004299   -0.013043  
      5.101755  1.610229  3.254226    -0.006631   -0.004304   -0.013084  
 
  15 f  =   19.452302 THz   122.222417 2PiTHz  648.858948 cm-1    80.448220 meV
             X         Y         Z           dx          dy          dz
      5.499996  1.927936  1.243182     0.024387   -0.026875   -0.000003  
      3.118814  5.926396  3.760576    -0.024382    0.026870    0.000002  
      1.577878  6.231801  1.243182     0.001350   -0.001479   -0.000003  
      7.040931  1.622531  3.760576    -0.001349    0.001478    0.000003  
      1.953479  2.839175  1.124867    -0.055593    0.004440    0.008757  
      6.665331  5.015157  3.878890     0.055593   -0.004439   -0.008761  
      3.697673  2.310727  3.642261    -0.000728   -0.055777    0.008762  
      4.921136  5.543605  1.361497     0.000727    0.055778   -0.008757  
      4.649722  4.394277  0.217931    -0.057574   -0.041426    0.019493  
      5.495806  4.851355  2.735324    -0.046580   -0.053491    0.019474  
      3.969088  3.460055  4.785827     0.057568    0.041424   -0.019489  
      3.123004  3.002977  2.268434     0.046583    0.053497   -0.019478  
      2.546376  1.292352  4.243096    -0.035826   -0.018631    0.027117  
      7.232779  3.552233  4.266926    -0.019422   -0.040126    0.003478  
      6.072434  6.561981  0.760662     0.035829    0.018632   -0.027110  
      0.832852  1.787143  1.725702    -0.021876   -0.033949    0.027113  
      7.785958  6.067189  3.278055     0.021872    0.033942   -0.027120  
      1.386031  4.302099  0.736832     0.019424    0.040128   -0.003478  
      3.517054  6.244104  1.749532    -0.041759   -0.015637    0.003479  
      5.101755  1.610229  3.254226     0.041758    0.015636   -0.003480  
 
  16 f  =   18.440845 THz   115.867247 2PiTHz  615.120379 cm-1    76.265173 meV
             X         Y         Z           dx          dy          dz
      5.499996  1.927936  1.243182     0.035069    0.031988    0.021601  
      3.118814  5.926396  3.760576     0.035065    0.031984    0.021627  
      1.577878  6.231801  1.243182     0.004185    0.003810   -0.021791  
      7.040931  1.622531  3.760576     0.004194    0.003820   -0.021782  
      1.953479  2.839175  1.124867    -0.060431    0.003887    0.009102  
      6.665331  5.015157  3.878890    -0.060427    0.003879    0.009095  
      3.697673  2.310727  3.642261    -0.001742   -0.060526    0.009101  
      4.921136  5.543605  1.361497    -0.001735   -0.060532    0.009104  
      4.649722  4.394277  0.217931     0.056469    0.036848   -0.016977  
      5.495806  4.851355  2.735324     0.041926    0.052827   -0.016965  
      3.969088  3.460055  4.785827     0.056489    0.036853   -0.016963  
      3.123004  3.002977  2.268434     0.041919    0.052808   -0.016977  
      2.546376  1.292352  4.243096    -0.030123   -0.018248    0.030399  
      7.232779  3.552233  4.266926     0.009135    0.026990   -0.002868  
      6.072434  6.561981  0.760662    -0.030118   -0.018226    0.030398  
      0.832852  1.787143  1.725702    -0.020928   -0.028302    0.030395  
      7.785958  6.067189  3.278055    -0.020949   -0.028307    0.030408  
      1.386031  4.302099  0.736832     0.009144    0.027016   -0.002856  
      3.517054  6.244104  1.749532     0.027738    0.006604   -0.002863  
      5.101755  1.610229  3.254226     0.027715    0.006597   -0.002869  
 
  17 f  =   17.066074 THz   107.229304 2PiTHz  569.262945 cm-1    70.579578 meV
             X         Y         Z           dx          dy          dz
      5.499996  1.927936  1.243182     0.038898    0.035424   -0.064555  
      3.118814  5.926396  3.760576    -0.038946   -0.035483    0.064686  
      1.577878  6.231801  1.243182    -0.024772   -0.022579   -0.008477  
      7.040931  1.622531  3.760576     0.024688    0.022514    0.008504  
      1.953479  2.839175  1.124867    -0.033974    0.029242   -0.000787  
      6.665331  5.015157  3.878890     0.033949   -0.029142    0.000748  
      3.697673  2.310727  3.642261    -0.025843    0.036483    0.000746  
      4.921136  5.543605  1.361497     0.025968   -0.036515   -0.000776  
      4.649722  4.394277  0.217931    -0.035393    0.000910   -0.043027  
      5.495806  4.851355  2.735324     0.002308    0.035280    0.043067  
      3.969088  3.460055  4.785827     0.035344   -0.000962    0.043058  
      3.123004  3.002977  2.268434    -0.002386   -0.035317   -0.043015  
      2.546376  1.292352  4.243096     0.015126   -0.043086   -0.003518  
      7.232779  3.552233  4.266926    -0.034844   -0.050012   -0.014125  
      6.072434  6.561981  0.760662    -0.015137    0.043181    0.003418  
      0.832852  1.787143  1.725702     0.041606   -0.019083    0.003458  
      7.785958  6.067189  3.278055    -0.041519    0.019072   -0.003504  
      1.386031  4.302099  0.736832     0.034841    0.050117    0.014142  
      3.517054  6.244104  1.749532     0.053107    0.030046    0.014144  
      5.101755  1.610229  3.254226    -0.052979   -0.030058   -0.014102  
 
  18 f  =   16.787193 THz   105.477045 2PiTHz  559.960486 cm-1    69.426221 meV
             X         Y         Z           dx          dy          dz
      5.499996  1.927936  1.243182     0.019027    0.017301   -0.066085  
      3.118814  5.926396  3.760576     0.018888    0.017284   -0.065944  
      1.577878  6.231801  1.243182     0.034482    0.031459   -0.003388  
      7.040931  1.622531  3.760576     0.034575    0.031468   -0.003365  
      1.953479  2.839175  1.124867     0.016077   -0.043395    0.014704  
      6.665331  5.015157  3.878890     0.016132   -0.043399    0.014679  
      3.697673  2.310727  3.642261    -0.041789    0.020122    0.014709  
      4.921136  5.543605  1.361497    -0.041663    0.019988    0.014681  
      4.649722  4.394277  0.217931     0.012003    0.024328   -0.016015  
      5.495806  4.851355  2.735324     0.025320    0.009758   -0.015914  
      3.969088  3.460055  4.785827     0.012098    0.024355   -0.015938  
      3.123004  3.002977  2.268434     0.025385    0.009718   -0.016044  
      2.546376  1.292352  4.243096     0.009792   -0.039276    0.024711  
      7.232779  3.552233  4.266926    -0.005663   -0.062402   -0.017356  
      6.072434  6.561981  0.760662     0.009745   -0.039092    0.024681  
      0.832852  1.787143  1.725702    -0.038091    0.013340    0.024700  
      7.785958  6.067189  3.278055    -0.038113    0.013371    0.024696  
      1.386031  4.302099  0.736832    -0.005593   -0.062381   -0.017383  
      3.517054  6.244104  1.749532    -0.062561    0.000212   -0.017338  
      5.101755  1.610229  3.254226    -0.062740    0.000143   -0.017409  
 
  19 f  =   16.704574 THz   104.957936 2PiTHz  557.204624 cm-1    69.084538 meV
             X         Y         Z           dx          dy          dz
      5.499996  1.927936  1.243182     0.036676   -0.040327    0.000028  
      3.118814  5.926396  3.760576    -0.036712    0.040305    0.000076  
      1.577878  6.231801  1.243182    -0.024671    0.027007   -0.000004  
      7.040931  1.622531  3.760576     0.024619   -0.027055    0.000009  
      1.953479  2.839175  1.124867     0.021813   -0.044079    0.018095  
      6.665331  5.015157  3.878890    -0.021838    0.044141   -0.018121  
      3.697673  2.310727  3.642261    -0.041883    0.025811    0.018099  
      4.921136  5.543605  1.361497     0.041949   -0.025840   -0.018117  
      4.649722  4.394277  0.217931    -0.019522   -0.032427    0.018057  
      5.495806  4.851355  2.735324    -0.034091   -0.016426    0.018064  
      3.969088  3.460055  4.785827     0.019513    0.032391   -0.018033  
      3.123004  3.002977  2.268434     0.034055    0.016408   -0.018041  
      2.546376  1.292352  4.243096     0.006543   -0.053285    0.011303  
      7.232779  3.552233  4.266926     0.003199    0.050080    0.032791  
      6.072434  6.561981  0.760662    -0.006557    0.053348   -0.011332  
      0.832852  1.787143  1.725702    -0.052430    0.011444    0.011303  
      7.785958  6.067189  3.278055     0.052480   -0.011469   -0.011349  
      1.386031  4.302099  0.736832    -0.003191   -0.049978   -0.032756  
      3.517054  6.244104  1.749532     0.050178   -0.001451    0.032797  
      5.101755  1.610229  3.254226    -0.050092    0.001449   -0.032779  
 
  20 f  =   16.088997 THz   101.090152 2PiTHz  536.671183 cm-1    66.538716 meV
             X         Y         Z           dx          dy          dz
      5.499996  1.927936  1.243182    -0.000933    0.001049   -0.000007  
      3.118814  5.926396  3.760576    -0.000935    0.001037    0.000013  
      1.577878  6.231801  1.243182     0.008867   -0.009739   -0.000006  
      7.040931  1.622531  3.760576     0.008870   -0.009728    0.000007  
      1.953479  2.839175  1.124867    -0.003618    0.028375   -0.003867  
      6.665331  5.015157  3.878890    -0.003615    0.028356   -0.003866  
      3.697673  2.310727  3.642261    -0.027911    0.006236    0.003869  
      4.921136  5.543605  1.361497    -0.027903    0.006225    0.003863  
      4.649722  4.394277  0.217931    -0.022746   -0.031843    0.023524  
      5.495806  4.851355  2.735324     0.033812    0.019706   -0.023524  
      3.969088  3.460055  4.785827    -0.022760   -0.031856    0.023543  
      3.123004  3.002977  2.268434     0.033822    0.019698   -0.023540  
      2.546376  1.292352  4.243096     0.030929   -0.003633    0.095747  
      7.232779  3.552233  4.266926     0.012593    0.023488    0.031415  
      6.072434  6.561981  0.760662     0.030922   -0.003621    0.095737  
      0.832852  1.787143  1.725702     0.000760   -0.031137   -0.095764  
      7.785958  6.067189  3.278055     0.000738   -0.031119   -0.095726  
      1.386031  4.302099  0.736832     0.012600    0.023506    0.031411  
      3.517054  6.244104  1.749532    -0.024554   -0.010361   -0.031408  
      5.101755  1.610229  3.254226    -0.024570   -0.010372   -0.031416  
 
  21 f  =   15.374047 THz    96.597985 2PiTHz  512.823000 cm-1    63.581920 meV
             X         Y         Z           dx          dy          dz
      5.499996  1.927936  1.243182    -0.039462   -0.035926   -0.058412  
      3.118814  5.926396  3.760576     0.039447    0.035926    0.058409  
      1.577878  6.231801  1.243182    -0.010640   -0.009707   -0.047059  
      7.040931  1.622531  3.760576     0.010640    0.009693    0.047066  
      1.953479  2.839175  1.124867     0.026238    0.025957   -0.004685  
      6.665331  5.015157  3.878890    -0.026234   -0.025952    0.004682  
      3.697673  2.310727  3.642261    -0.028266   -0.023718    0.004684  
      4.921136  5.543605  1.361497     0.028266    0.023716   -0.004683  
      4.649722  4.394277  0.217931     0.028550    0.029989   -0.003967  
      5.495806  4.851355  2.735324    -0.032503   -0.025642    0.003965  
      3.969088  3.460055  4.785827    -0.028530   -0.029986    0.003967  
      3.123004  3.002977  2.268434     0.032486    0.025621   -0.003957  
      2.546376  1.292352  4.243096    -0.005429   -0.001030    0.079469  
      7.232779  3.552233  4.266926     0.019810   -0.011291   -0.004046  
      6.072434  6.561981  0.760662     0.005412    0.001034   -0.079513  
      0.832852  1.787143  1.725702     0.001540    0.005317   -0.079511  
      7.785958  6.067189  3.278055    -0.001528   -0.005296    0.079522  
      1.386031  4.302099  0.736832    -0.019816    0.011302    0.004051  
      3.517054  6.244104  1.749532     0.009420   -0.020761    0.004048  
      5.101755  1.610229  3.254226    -0.009413    0.020778   -0.004040  
 
  22 f  =   14.745045 THz    92.645848 2PiTHz  491.841747 cm-1    60.980577 meV
             X         Y         Z           dx          dy          dz
      5.499996  1.927936  1.243182     0.015718   -0.017061    0.000045  
      3.118814  5.926396  3.760576     0.015701   -0.017081    0.000026  
      1.577878  6.231801  1.243182     0.019994   -0.021944    0.000004  
      7.040931  1.622531  3.760576     0.019995   -0.021943   -0.000011  
      1.953479  2.839175  1.124867    -0.018925    0.040401   -0.012721  
      6.665331  5.015157  3.878890    -0.018908    0.040398   -0.012738  
      3.697673  2.310727  3.642261    -0.038463    0.022592    0.012737  
      4.921136  5.543605  1.361497    -0.038473    0.022588    0.012722  
      4.649722  4.394277  0.217931     0.063027    0.005273    0.027175  
      5.495806  4.851355  2.735324    -0.011113   -0.062283   -0.027169  
      3.969088  3.460055  4.785827     0.063017    0.005280    0.027187  
      3.123004  3.002977  2.268434    -0.011107   -0.062297   -0.027174  
      2.546376  1.292352  4.243096    -0.015590   -0.044215   -0.033878  
      7.232779  3.552233  4.266926    -0.000824    0.042601    0.024654  
      6.072434  6.561981  0.760662    -0.015575   -0.044224   -0.033847  
      0.832852  1.787143  1.725702     0.045494    0.011398    0.033847  
      7.785958  6.067189  3.278055     0.045485    0.011422    0.033854  
      1.386031  4.302099  0.736832    -0.000821    0.042604    0.024630  
      3.517054  6.244104  1.749532    -0.042343    0.004765   -0.024631  
      5.101755  1.610229  3.254226    -0.042350    0.004749   -0.024655  
 
  23 f  =   14.336366 THz    90.078041 2PiTHz  478.209681 cm-1    59.290417 meV
             X         Y         Z           dx          dy          dz
      5.499996  1.927936  1.243182     0.002356   -0.002712   -0.000081  
      3.118814  5.926396  3.760576    -0.002366    0.002712    0.000069  
      1.577878  6.231801  1.243182     0.004870   -0.005356   -0.000016  
      7.040931  1.622531  3.760576    -0.004875    0.005360    0.000020  
      1.953479  2.839175  1.124867    -0.001750    0.025298    0.033852  
      6.665331  5.015157  3.878890     0.001770   -0.025313   -0.033851  
      3.697673  2.310727  3.642261     0.025030   -0.004130    0.033854  
      4.921136  5.543605  1.361497    -0.025017    0.004112   -0.033857  
      4.649722  4.394277  0.217931     0.022451   -0.027249   -0.003274  
      5.495806  4.851355  2.735324    -0.024991    0.024960   -0.003301  
      3.969088  3.460055  4.785827    -0.022469    0.027247    0.003257  
      3.123004  3.002977  2.268434     0.024996   -0.024940    0.003317  
      2.546376  1.292352  4.243096    -0.042108   -0.002524   -0.075437  
      7.232779  3.552233  4.266926     0.022250   -0.000551    0.056499  
      6.072434  6.561981  0.760662     0.042092    0.002542    0.075437  
      0.832852  1.787143  1.725702    -0.006402   -0.041601   -0.075351  
      7.785958  6.067189  3.278055     0.006383    0.041621    0.075346  
      1.386031  4.302099  0.736832    -0.022265    0.000531   -0.056510  
      3.517054  6.244104  1.749532     0.001536    0.022188    0.056559  
      5.101755  1.610229  3.254226    -0.001514   -0.022175   -0.056546  
 
  24 f  =   14.132930 THz    88.799817 2PiTHz  471.423796 cm-1    58.449075 meV
             X         Y         Z           dx          dy          dz
      5.499996  1.927936  1.243182    -0.057979   -0.052882   -0.101219  
      3.118814  5.926396  3.760576     0.057973    0.052866    0.101165  
      1.577878  6.231801  1.243182    -0.007141   -0.006505   -0.027978  
      7.040931  1.622531  3.760576     0.007143    0.006512    0.027989  
      1.953479  2.839175  1.124867     0.021285    0.006401   -0.003783  
      6.665331  5.015157  3.878890    -0.021288   -0.006405    0.003788  
      3.697673  2.310727  3.642261    -0.008383   -0.020579    0.003725  
      4.921136  5.543605  1.361497     0.008361    0.020602   -0.003722  
      4.649722  4.394277  0.217931    -0.042066   -0.031092    0.029642  
      5.495806  4.851355  2.735324     0.034921    0.038987   -0.029648  
      3.969088  3.460055  4.785827     0.042074    0.031092   -0.029629  
      3.123004  3.002977  2.268434    -0.034917   -0.038985    0.029636  
      2.546376  1.292352  4.243096    -0.053024   -0.010947   -0.049077  
      7.232779  3.552233  4.266926     0.023789   -0.001618   -0.029802  
      6.072434  6.561981  0.760662     0.053052    0.010927    0.049067  
      0.832852  1.787143  1.725702     0.015822    0.051865    0.049157  
      7.785958  6.067189  3.278055    -0.015822   -0.051889   -0.049171  
      1.386031  4.302099  0.736832    -0.023773    0.001618    0.029794  
      3.517054  6.244104  1.749532    -0.000609   -0.023864    0.029686  
      5.101755  1.610229  3.254226     0.000591    0.023859   -0.029684  
 
  25 f  =   13.177993 THz    82.799775 2PiTHz  439.570547 cm-1    54.499777 meV
             X         Y         Z           dx          dy          dz
      5.499996  1.927936  1.243182    -0.000004    0.000049    0.000030  
      3.118814  5.926396  3.760576     0.000012    0.000063    0.000046  
      1.577878  6.231801  1.243182     0.015813   -0.017351   -0.000006  
      7.040931  1.622531  3.760576     0.015817   -0.017355   -0.000003  
      1.953479  2.839175  1.124867     0.046818    0.008656   -0.018559  
      6.665331  5.015157  3.878890     0.046822    0.008664   -0.018557  
      3.697673  2.310727  3.642261    -0.012962   -0.045815    0.018553  
      4.921136  5.543605  1.361497    -0.012956   -0.045810    0.018566  
      4.649722  4.394277  0.217931     0.008949   -0.013333   -0.014747  
      5.495806  4.851355  2.735324     0.012452   -0.010152    0.014751  
      3.969088  3.460055  4.785827     0.008959   -0.013326   -0.014760  
      3.123004  3.002977  2.268434     0.012423   -0.010163    0.014763  
      2.546376  1.292352  4.243096    -0.068215    0.016899    0.023236  
      7.232779  3.552233  4.266926    -0.063283   -0.010920    0.013750  
      6.072434  6.561981  0.760662    -0.068216    0.016909    0.023230  
      0.832852  1.787143  1.725702    -0.010496    0.069486   -0.023213  
      7.785958  6.067189  3.278055    -0.010522    0.069480   -0.023266  
      1.386031  4.302099  0.736832    -0.063280   -0.010922    0.013764  
      3.517054  6.244104  1.749532     0.016730    0.061992   -0.013756  
      5.101755  1.610229  3.254226     0.016726    0.061991   -0.013760  
 
  26 f  =   12.900869 THz    81.058548 2PiTHz  430.326654 cm-1    53.353681 meV
             X         Y         Z           dx          dy          dz
      5.499996  1.927936  1.243182    -0.005666   -0.005138   -0.079339  
      3.118814  5.926396  3.760576    -0.005675   -0.005146   -0.079370  
      1.577878  6.231801  1.243182    -0.000512   -0.000471    0.038202  
      7.040931  1.622531  3.760576    -0.000518   -0.000478    0.038185  
      1.953479  2.839175  1.124867    -0.002215    0.016863    0.037903  
      6.665331  5.015157  3.878890    -0.002219    0.016863    0.037907  
      3.697673  2.310727  3.642261     0.016583   -0.003774    0.037911  
      4.921136  5.543605  1.361497     0.016584   -0.003770    0.037906  
      4.649722  4.394277  0.217931    -0.009067    0.039819   -0.000763  
      5.495806  4.851355  2.735324     0.038796   -0.012725   -0.000756  
      3.969088  3.460055  4.785827    -0.009075    0.039811   -0.000759  
      3.123004  3.002977  2.268434     0.038801   -0.012723   -0.000757  
      2.546376  1.292352  4.243096    -0.039700   -0.013126   -0.067228  
      7.232779  3.552233  4.266926    -0.000137    0.005397   -0.037204  
      6.072434  6.561981  0.760662    -0.039701   -0.013130   -0.067235  
      0.832852  1.787143  1.725702    -0.016746   -0.038307   -0.067229  
      7.785958  6.067189  3.278055    -0.016747   -0.038307   -0.067233  
      1.386031  4.302099  0.736832    -0.000147    0.005387   -0.037221  
      3.517054  6.244104  1.749532     0.005346   -0.000645   -0.037230  
      5.101755  1.610229  3.254226     0.005355   -0.000635   -0.037212  
 
  27 f  =   12.543040 THz    78.810248 2PiTHz  418.390794 cm-1    51.873824 meV
             X         Y         Z           dx          dy          dz
      5.499996  1.927936  1.243182     0.066902    0.060982    0.227564  
      3.118814  5.926396  3.760576     0.066912    0.060990    0.227611  
      1.577878  6.231801  1.243182     0.006576    0.006021   -0.023642  
      7.040931  1.622531  3.760576     0.006579    0.006026   -0.023630  
      1.953479  2.839175  1.124867     0.010457   -0.001627    0.019889  
      6.665331  5.015157  3.878890     0.010457   -0.001618    0.019884  
      3.697673  2.310727  3.642261    -0.000633    0.010551    0.019878  
      4.921136  5.543605  1.361497    -0.000642    0.010553    0.019884  
      4.649722  4.394277  0.217931    -0.021843    0.009373    0.003855  
      5.495806  4.851355  2.735324     0.007315   -0.022575    0.003870  
      3.969088  3.460055  4.785827    -0.021844    0.009376    0.003851  
      3.123004  3.002977  2.268434     0.007312   -0.022569    0.003875  
      2.546376  1.292352  4.243096    -0.017241    0.003771   -0.022236  
      7.232779  3.552233  4.266926    -0.011020   -0.019329   -0.026137  
      6.072434  6.561981  0.760662    -0.017232    0.003766   -0.022222  
      0.832852  1.787143  1.725702     0.002168   -0.017561   -0.022237  
      7.785958  6.067189  3.278055     0.002182   -0.017568   -0.022228  
      1.386031  4.302099  0.736832    -0.011010   -0.019325   -0.026121  
      3.517054  6.244104  1.749532    -0.020239   -0.009183   -0.026079  
      5.101755  1.610229  3.254226    -0.020241   -0.009191   -0.026093  
 
  28 f  =   11.899391 THz    74.766076 2PiTHz  396.920944 cm-1    49.211903 meV
             X         Y         Z           dx          dy          dz
      5.499996  1.927936  1.243182     0.010133    0.008695   -0.074045  
      3.118814  5.926396  3.760576     0.010160    0.008717   -0.073876  
      1.577878  6.231801  1.243182     0.010340    0.009485   -0.019087  
      7.040931  1.622531  3.760576     0.010340    0.009487   -0.019087  
      1.953479  2.839175  1.124867    -0.009218    0.012926    0.014825  
      6.665331  5.015157  3.878890    -0.009221    0.012942    0.014817  
      3.697673  2.310727  3.642261     0.012052   -0.010317    0.014763  
      4.921136  5.543605  1.361497     0.012042   -0.010323    0.014775  
      4.649722  4.394277  0.217931    -0.055429   -0.009438    0.009764  
      5.495806  4.851355  2.735324    -0.014368   -0.054421    0.009589  
      3.969088  3.460055  4.785827    -0.055448   -0.009442    0.009766  
      3.123004  3.002977  2.268434    -0.014358   -0.054385    0.009586  
      2.546376  1.292352  4.243096    -0.026213    0.052905    0.057947  
      7.232779  3.552233  4.266926     0.006309    0.001064   -0.053009  
      6.072434  6.561981  0.760662    -0.026221    0.052914    0.057975  
      0.832852  1.787143  1.725702     0.050148   -0.031006    0.057961  
      7.785958  6.067189  3.278055     0.050150   -0.030992    0.057966  
      1.386031  4.302099  0.736832     0.006318    0.001052   -0.053029  
      3.517054  6.244104  1.749532     0.001708    0.006316   -0.052971  
      5.101755  1.610229  3.254226     0.001719    0.006317   -0.052936  
 
  29 f  =   11.765871 THz    73.927150 2PiTHz  392.467225 cm-1    48.659712 meV
             X         Y         Z           dx          dy          dz
      5.499996  1.927936  1.243182     0.026297    0.023872    0.219978  
      3.118814  5.926396  3.760576    -0.026251   -0.023897   -0.220012  
      1.577878  6.231801  1.243182    -0.003932   -0.003559   -0.001409  
      7.040931  1.622531  3.760576     0.003932    0.003578    0.001393  
      1.953479  2.839175  1.124867     0.013495    0.020690   -0.011187  
      6.665331  5.015157  3.878890    -0.013500   -0.020687    0.011201  
      3.697673  2.310727  3.642261    -0.021840   -0.011539    0.011227  
      4.921136  5.543605  1.361497     0.021839    0.011542   -0.011216  
      4.649722  4.394277  0.217931    -0.027222   -0.002525    0.004600  
      5.495806  4.851355  2.735324     0.005029    0.026899   -0.004600  
      3.969088  3.460055  4.785827     0.027190    0.002497   -0.004572  
      3.123004  3.002977  2.268434    -0.005018   -0.026955    0.004586  
      2.546376  1.292352  4.243096    -0.025173    0.003895    0.013487  
      7.232779  3.552233  4.266926     0.006405   -0.021649   -0.053384  
      6.072434  6.561981  0.760662     0.025162   -0.003855   -0.013446  
      0.832852  1.787143  1.725702    -0.001448    0.025371   -0.013336  
      7.785958  6.067189  3.278055     0.001479   -0.025402    0.013371  
      1.386031  4.302099  0.736832    -0.006421    0.021634    0.053324  
      3.517054  6.244104  1.749532     0.020968   -0.008361    0.053416  
      5.101755  1.610229  3.254226    -0.020959    0.008395   -0.053435  
 
  30 f  =   11.568689 THz    72.688216 2PiTHz  385.889923 cm-1    47.844231 meV
             X         Y         Z           dx          dy          dz
      5.499996  1.927936  1.243182     0.005780   -0.006244   -0.000188  
      3.118814  5.926396  3.760576    -0.007233    0.007837    0.000204  
      1.577878  6.231801  1.243182    -0.012273    0.013474   -0.000011  
      7.040931  1.622531  3.760576     0.012501   -0.013724    0.000003  
      1.953479  2.839175  1.124867    -0.012170    0.005297    0.019469  
      6.665331  5.015157  3.878890     0.012421   -0.005269   -0.019621  
      3.697673  2.310727  3.642261     0.004125   -0.012859    0.019611  
      4.921136  5.543605  1.361497    -0.004172    0.012604   -0.019449  
      4.649722  4.394277  0.217931     0.049538    0.000644   -0.006270  
      5.495806  4.851355  2.735324     0.004482    0.049590   -0.005510  
      3.969088  3.460055  4.785827    -0.049833    0.000131    0.005509  
      3.123004  3.002977  2.268434    -0.005226   -0.049246    0.006274  
      2.546376  1.292352  4.243096    -0.017629    0.049285    0.079345  
      7.232779  3.552233  4.266926     0.010033    0.010420    0.049210  
      6.072434  6.561981  0.760662     0.017574   -0.049574   -0.079281  
      0.832852  1.787143  1.725702     0.047718   -0.022085    0.079307  
      7.785958  6.067189  3.278055    -0.047412    0.022114   -0.079338  
      1.386031  4.302099  0.736832    -0.009392   -0.010169   -0.048883  
      3.517054  6.244104  1.749532     0.010954    0.008401    0.048795  
      5.101755  1.610229  3.254226    -0.011263   -0.009010   -0.049158  
 
  31 f  =   11.554087 THz    72.596470 2PiTHz  385.402862 cm-1    47.783843 meV
             X         Y         Z           dx          dy          dz
      5.499996  1.927936  1.243182    -0.100222    0.110111   -0.000114  
      3.118814  5.926396  3.760576    -0.100137    0.110022   -0.000216  
      1.577878  6.231801  1.243182     0.016859   -0.018452   -0.000045  
      7.040931  1.622531  3.760576     0.016682   -0.018260   -0.000043  
      1.953479  2.839175  1.124867     0.017972    0.001536   -0.011161  
      6.665331  5.015157  3.878890     0.017794    0.001596   -0.010877  
      3.697673  2.310727  3.642261    -0.003211   -0.017614    0.010932  
      4.921136  5.543605  1.361497    -0.003148   -0.017782    0.011205  
      4.649722  4.394277  0.217931    -0.019650    0.054564   -0.053675  
      5.495806  4.851355  2.735324    -0.052668    0.023693    0.053812  
      3.969088  3.460055  4.785827    -0.018936    0.054572   -0.053766  
      3.123004  3.002977  2.268434    -0.052610    0.024379    0.053738  
      2.546376  1.292352  4.243096    -0.005981   -0.019002    0.002577  
      7.232779  3.552233  4.266926     0.045889    0.018301    0.026564  
      6.072434  6.561981  0.760662    -0.006228   -0.018281    0.003701  
      0.832852  1.787143  1.725702     0.018989    0.004381   -0.003494  
      7.785958  6.067189  3.278055     0.019651    0.004061   -0.002375  
      1.386031  4.302099  0.736832     0.046019    0.018459    0.027282  
      3.517054  6.244104  1.749532    -0.022616   -0.044064   -0.027417  
      5.101755  1.610229  3.254226    -0.022466   -0.043945   -0.026748  
 
  32 f  =   11.080844 THz    69.622997 2PiTHz  369.617174 cm-1    45.826668 meV
             X         Y         Z           dx          dy          dz
      5.499996  1.927936  1.243182    -0.040430    0.044721   -0.000193  
      3.118814  5.926396  3.760576    -0.040457    0.044737   -0.000167  
      1.577878  6.231801  1.243182    -0.017373    0.019094    0.000001  
      7.040931  1.622531  3.760576    -0.017379    0.019100   -0.000007  
      1.953479  2.839175  1.124867     0.018166    0.023724   -0.021637  
      6.665331  5.015157  3.878890     0.018164    0.023723   -0.021631  
      3.697673  2.310727  3.642261    -0.025327   -0.015889    0.021602  
      4.921136  5.543605  1.361497    -0.025331   -0.015899    0.021618  
      4.649722  4.394277  0.217931    -0.004396   -0.001262   -0.010246  
      5.495806  4.851355  2.735324     0.001572    0.004203    0.010285  
      3.969088  3.460055  4.785827    -0.004385   -0.001269   -0.010242  
      3.123004  3.002977  2.268434     0.001582    0.004231    0.010273  
      2.546376  1.292352  4.243096     0.034360   -0.070160    0.007373  
      7.232779  3.552233  4.266926    -0.035817   -0.010935   -0.062567  
      6.072434  6.561981  0.760662     0.034341   -0.070131    0.007402  
      0.832852  1.787143  1.725702     0.066710   -0.040811   -0.007433  
      7.785958  6.067189  3.278055     0.066752   -0.040838   -0.007396  
      1.386031  4.302099  0.736832    -0.035827   -0.010930   -0.062558  
      3.517054  6.244104  1.749532     0.014221    0.034692    0.062661  
      5.101755  1.610229  3.254226     0.014229    0.034686    0.062689  
 
  33 f  =   10.583903 THz    66.500626 2PiTHz  353.041012 cm-1    43.771487 meV
             X         Y         Z           dx          dy          dz
      5.499996  1.927936  1.243182     0.000864   -0.001633    0.000229  
      3.118814  5.926396  3.760576    -0.001540    0.000990    0.000243  
      1.577878  6.231801  1.243182     0.020431   -0.022608    0.000036  
      7.040931  1.622531  3.760576    -0.020611    0.022436    0.000033  
      1.953479  2.839175  1.124867    -0.004545    0.032925    0.000136  
      6.665331  5.015157  3.878890     0.004517   -0.032701   -0.000047  
      3.697673  2.310727  3.642261     0.032365   -0.007569    0.000126  
      4.921136  5.543605  1.361497    -0.032144    0.007531   -0.000047  
      4.649722  4.394277  0.217931    -0.006190   -0.019207    0.005406  
      5.495806  4.851355  2.735324    -0.019692   -0.004398    0.005398  
      3.969088  3.460055  4.785827     0.006174    0.019448   -0.005481  
      3.123004  3.002977  2.268434     0.019943    0.004356   -0.005488  
      2.546376  1.292352  4.243096     0.072641   -0.037281    0.026567  
      7.232779  3.552233  4.266926     0.063244   -0.006693    0.023986  
      6.072434  6.561981  0.760662    -0.072005    0.036973   -0.026277  
      0.832852  1.787143  1.725702    -0.030405    0.075788    0.026573  
      7.785958  6.067189  3.278055     0.030140   -0.075114   -0.026275  
      1.386031  4.302099  0.736832    -0.063428    0.006711   -0.024519  
      3.517054  6.244104  1.749532    -0.000807    0.063595    0.023980  
      5.101755  1.610229  3.254226     0.000806   -0.063781   -0.024538  
 
  34 f  =   10.571966 THz    66.425619 2PiTHz  352.642817 cm-1    43.722117 meV
             X         Y         Z           dx          dy          dz
      5.499996  1.927936  1.243182     0.072607    0.066083   -0.049608  
      3.118814  5.926396  3.760576     0.072603    0.066072   -0.049623  
      1.577878  6.231801  1.243182     0.019634    0.017675   -0.007424  
      7.040931  1.622531  3.760576     0.019422    0.017868   -0.007421  
      1.953479  2.839175  1.124867     0.002281   -0.023574   -0.008740  
      6.665331  5.015157  3.878890     0.002334   -0.023900   -0.008717  
      3.697673  2.310727  3.642261    -0.023205    0.004512   -0.008789  
      4.921136  5.543605  1.361497    -0.023493    0.004570   -0.008817  
      4.649722  4.394277  0.217931     0.001419   -0.026147    0.008772  
      5.495806  4.851355  2.735324    -0.025848    0.003914    0.008723  
      3.969088  3.460055  4.785827     0.001543   -0.025973    0.008738  
      3.123004  3.002977  2.268434    -0.025648    0.003893    0.008651  
      2.546376  1.292352  4.243096    -0.067790    0.034056   -0.030573  
      7.232779  3.552233  4.266926     0.019949   -0.001907    0.057434  
      6.072434  6.561981  0.760662    -0.068476    0.034417   -0.030839  
      0.832852  1.787143  1.725702     0.027478   -0.070578   -0.030543  
      7.785958  6.067189  3.278055     0.027731   -0.071275   -0.030794  
      1.386031  4.302099  0.736832     0.019309   -0.001857    0.057137  
      3.517054  6.244104  1.749532    -0.000068    0.019955    0.057240  
      5.101755  1.610229  3.254226    -0.000053    0.019376    0.057069  
 
  35 f  =   10.307111 THz    64.761489 2PiTHz  343.808220 cm-1    42.626767 meV
             X         Y         Z           dx          dy          dz
      5.499996  1.927936  1.243182     0.013087    0.011976    0.013043  
      3.118814  5.926396  3.760576    -0.013116   -0.012051   -0.012932  
      1.577878  6.231801  1.243182     0.021257    0.019372    0.011392  
      7.040931  1.622531  3.760576    -0.021272   -0.019378   -0.011386  
      1.953479  2.839175  1.124867     0.007802    0.020957   -0.029666  
      6.665331  5.015157  3.878890    -0.007800   -0.020932    0.029663  
      3.697673  2.310727  3.642261    -0.021570   -0.005834    0.029665  
      4.921136  5.543605  1.361497     0.021588    0.005823   -0.029663  
      4.649722  4.394277  0.217931    -0.059876    0.014381   -0.013367  
      5.495806  4.851355  2.735324    -0.008779    0.060931    0.013370  
      3.969088  3.460055  4.785827     0.059882   -0.014368    0.013358  
      3.123004  3.002977  2.268434     0.008780   -0.060933   -0.013367  
      2.546376  1.292352  4.243096     0.001626   -0.028924    0.009064  
      7.232779  3.552233  4.266926     0.048581    0.009828    0.066461  
      6.072434  6.561981  0.760662    -0.001573    0.028906   -0.009023  
      0.832852  1.787143  1.725702     0.028634   -0.004243   -0.009025  
      7.785958  6.067189  3.278055    -0.028645    0.004299    0.009064  
      1.386031  4.302099  0.736832    -0.048611   -0.009831   -0.066519  
      3.517054  6.244104  1.749532    -0.014282   -0.047472   -0.066515  
      5.101755  1.610229  3.254226     0.014275    0.047445    0.066447  
 
  36 f  =   10.107243 THz    63.505682 2PiTHz  337.141345 cm-1    41.800181 meV
             X         Y         Z           dx          dy          dz
      5.499996  1.927936  1.243182    -0.081532   -0.075174    0.079050  
      3.118814  5.926396  3.760576     0.081526    0.075157   -0.079027  
      1.577878  6.231801  1.243182     0.002774    0.002518   -0.018908  
      7.040931  1.622531  3.760576    -0.002776   -0.002524    0.018908  
      1.953479  2.839175  1.124867     0.010370    0.000634   -0.006266  
      6.665331  5.015157  3.878890    -0.010370   -0.000634    0.006280  
      3.697673  2.310727  3.642261    -0.001532   -0.010256    0.006313  
      4.921136  5.543605  1.361497     0.001516    0.010265   -0.006319  
      4.649722  4.394277  0.217931     0.020817   -0.029109    0.034317  
      5.495806  4.851355  2.735324     0.027138   -0.023202   -0.034382  
      3.969088  3.460055  4.785827    -0.020845    0.029086   -0.034297  
      3.123004  3.002977  2.268434    -0.027110    0.023221    0.034361  
      2.546376  1.292352  4.243096     0.048558   -0.074313   -0.010725  
      7.232779  3.552233  4.266926    -0.025182   -0.004115    0.016305  
      6.072434  6.561981  0.760662    -0.048559    0.074302    0.010696  
      0.832852  1.787143  1.725702     0.069461   -0.055145    0.010748  
      7.785958  6.067189  3.278055    -0.069447    0.055136   -0.010724  
      1.386031  4.302099  0.736832     0.025207    0.004122   -0.016337  
      3.517054  6.244104  1.749532     0.006323    0.024579   -0.016368  
      5.101755  1.610229  3.254226    -0.006323   -0.024560    0.016384  
 
  37 f  =    9.769832 THz    61.385666 2PiTHz  325.886521 cm-1    40.404761 meV
             X         Y         Z           dx          dy          dz
      5.499996  1.927936  1.243182     0.155884   -0.170685   -0.000230  
      3.118814  5.926396  3.760576    -0.155830    0.170645    0.000221  
      1.577878  6.231801  1.243182     0.006532   -0.007184    0.000124  
      7.040931  1.622531  3.760576    -0.006529    0.007187   -0.000126  
      1.953479  2.839175  1.124867     0.005341    0.011189    0.010055  
      6.665331  5.015157  3.878890    -0.005336   -0.011190   -0.010054  
      3.697673  2.310727  3.642261     0.011563    0.004304    0.009997  
      4.921136  5.543605  1.361497    -0.011570   -0.004306   -0.009999  
      4.649722  4.394277  0.217931     0.039996    0.003567   -0.009001  
      5.495806  4.851355  2.735324     0.006988    0.039493   -0.008765  
      3.969088  3.460055  4.785827    -0.039999   -0.003565    0.008997  
      3.123004  3.002977  2.268434    -0.006997   -0.039492    0.008771  
      2.546376  1.292352  4.243096     0.020476   -0.018402   -0.001873  
      7.232779  3.552233  4.266926    -0.043947   -0.022748   -0.009185  
      6.072434  6.561981  0.760662    -0.020492    0.018409    0.001870  
      0.832852  1.787143  1.725702    -0.016674    0.022372   -0.001864  
      7.785958  6.067189  3.278055     0.016675   -0.022372    0.001861  
      1.386031  4.302099  0.736832     0.043957    0.022751    0.009198  
      3.517054  6.244104  1.749532    -0.026766   -0.041926   -0.009096  
      5.101755  1.610229  3.254226     0.026761    0.041921    0.009098  
 
  38 f  =    9.640908 THz    60.575611 2PiTHz  321.586075 cm-1    39.871574 meV
             X         Y         Z           dx          dy          dz
      5.499996  1.927936  1.243182    -0.072629    0.079794   -0.000045  
      3.118814  5.926396  3.760576    -0.072638    0.079800   -0.000025  
      1.577878  6.231801  1.243182     0.031859   -0.034979    0.000008  
      7.040931  1.622531  3.760576     0.031857   -0.034961   -0.000033  
      1.953479  2.839175  1.124867    -0.009330    0.009956    0.019516  
      6.665331  5.015157  3.878890    -0.009349    0.009947    0.019510  
      3.697673  2.310727  3.642261    -0.009027    0.010208   -0.019494  
      4.921136  5.543605  1.361497    -0.009005    0.010205   -0.019492  
      4.649722  4.394277  0.217931    -0.059124   -0.045753    0.033565  
      5.495806  4.851355  2.735324     0.051006    0.054567   -0.033540  
      3.969088  3.460055  4.785827    -0.059128   -0.045785    0.033591  
      3.123004  3.002977  2.268434     0.051057    0.054570   -0.033576  
      2.546376  1.292352  4.243096    -0.018256   -0.001161   -0.036087  
      7.232779  3.552233  4.266926    -0.002791    0.003845   -0.030436  
      6.072434  6.561981  0.760662    -0.018233   -0.001159   -0.036067  
      0.832852  1.787143  1.725702     0.002816    0.018137    0.036116  
      7.785958  6.067189  3.278055     0.002815    0.018101    0.036099  
      1.386031  4.302099  0.736832    -0.002793    0.003846   -0.030434  
      3.517054  6.244104  1.749532    -0.003558    0.003113    0.030401  
      5.101755  1.610229  3.254226    -0.003552    0.003163    0.030395  
 
  39 f  =    9.176820 THz    57.659661 2PiTHz  306.105766 cm-1    37.952261 meV
             X         Y         Z           dx          dy          dz
      5.499996  1.927936  1.243182    -0.051816   -0.047133   -0.007471  
      3.118814  5.926396  3.760576     0.052212    0.047402    0.007338  
      1.577878  6.231801  1.243182    -0.014962   -0.013510    0.062930  
      7.040931  1.622531  3.760576     0.014963    0.013547   -0.062924  
      1.953479  2.839175  1.124867     0.017913    0.025411    0.007908  
      6.665331  5.015157  3.878890    -0.017938   -0.025356   -0.007937  
      3.697673  2.310727  3.642261    -0.026912   -0.015566   -0.008010  
      4.921136  5.543605  1.361497     0.026981    0.015528    0.008001  
      4.649722  4.394277  0.217931     0.043163    0.038179   -0.019177  
      5.495806  4.851355  2.735324    -0.041979   -0.039612    0.019194  
      3.969088  3.460055  4.785827    -0.043158   -0.038193    0.019181  
      3.123004  3.002977  2.268434     0.041903    0.039553   -0.019152  
      2.546376  1.292352  4.243096    -0.019453   -0.033343   -0.027259  
      7.232779  3.552233  4.266926     0.025379   -0.006597   -0.011592  
      6.072434  6.561981  0.760662     0.019524    0.033300    0.027272  
      0.832852  1.787143  1.725702     0.035047    0.016207    0.027234  
      7.785958  6.067189  3.278055    -0.035104   -0.016144   -0.027274  
      1.386031  4.302099  0.736832    -0.025556    0.006605    0.011644  
      3.517054  6.244104  1.749532     0.004326   -0.025712    0.011581  
      5.101755  1.610229  3.254226    -0.004327    0.025522   -0.011553  
 
  40 f  =    9.046604 THz    56.841487 2PiTHz  301.762215 cm-1    37.413729 meV
             X         Y         Z           dx          dy          dz
      5.499996  1.927936  1.243182    -0.140179   -0.127658    0.074622  
      3.118814  5.926396  3.760576    -0.140053   -0.127535    0.074656  
      1.577878  6.231801  1.243182    -0.000274   -0.000311    0.006264  
      7.040931  1.622531  3.760576    -0.000231   -0.000277    0.006105  
      1.953479  2.839175  1.124867     0.008768   -0.025804   -0.000985  
      6.665331  5.015157  3.878890     0.008736   -0.025866   -0.001006  
      3.697673  2.310727  3.642261    -0.024997    0.011116   -0.000962  
      4.921136  5.543605  1.361497    -0.024931    0.011145   -0.000935  
      4.649722  4.394277  0.217931     0.019529    0.010105   -0.011374  
      5.495806  4.851355  2.735324     0.011720    0.018408   -0.011310  
      3.969088  3.460055  4.785827     0.019433    0.009990   -0.011309  
      3.123004  3.002977  2.268434     0.011832    0.018497   -0.011373  
      2.546376  1.292352  4.243096    -0.033342    0.027650    0.004399  
      7.232779  3.552233  4.266926     0.060908   -0.007063   -0.014257  
      6.072434  6.561981  0.760662    -0.033287    0.027718    0.004472  
      0.832852  1.787143  1.725702     0.024566   -0.035713    0.004438  
      7.785958  6.067189  3.278055     0.024495   -0.035756    0.004374  
      1.386031  4.302099  0.736832     0.060850   -0.007045   -0.014225  
      3.517054  6.244104  1.749532    -0.001397    0.061261   -0.014048  
      5.101755  1.610229  3.254226    -0.001409    0.061317   -0.014075  
 
  41 f  =    8.903827 THz    55.944394 2PiTHz  296.999696 cm-1    36.823253 meV
             X         Y         Z           dx          dy          dz
      5.499996  1.927936  1.243182     0.084657   -0.092646   -0.000027  
      3.118814  5.926396  3.760576    -0.084640    0.092639    0.000024  
      1.577878  6.231801  1.243182    -0.030418    0.033445   -0.000096  
      7.040931  1.622531  3.760576     0.030431   -0.033461    0.000094  
      1.953479  2.839175  1.124867    -0.012292    0.007424   -0.019273  
      6.665331  5.015157  3.878890     0.012281   -0.007418    0.019278  
      3.697673  2.310727  3.642261     0.006339   -0.012843   -0.019269  
      4.921136  5.543605  1.361497    -0.006338    0.012852    0.019265  
      4.649722  4.394277  0.217931    -0.016970    0.028820   -0.007209  
      5.495806  4.851355  2.735324     0.027220   -0.019420   -0.007232  
      3.969088  3.460055  4.785827     0.016954   -0.028822    0.007217  
      3.123004  3.002977  2.268434    -0.027214    0.019431    0.007224  
      2.546376  1.292352  4.243096    -0.025356    0.010563   -0.011080  
      7.232779  3.552233  4.266926     0.078521    0.003177   -0.023572  
      6.072434  6.561981  0.760662     0.025352   -0.010552    0.011080  
      0.832852  1.787143  1.725702     0.007996   -0.026259   -0.011172  
      7.785958  6.067189  3.278055    -0.008007    0.026267    0.011173  
      1.386031  4.302099  0.736832    -0.078518   -0.003172    0.023553  
      3.517054  6.244104  1.749532     0.010401    0.077893   -0.023553  
      5.101755  1.610229  3.254226    -0.010404   -0.077905    0.023577  
 
  42 f  =    8.727670 THz    54.837569 2PiTHz  291.123738 cm-1    36.094727 meV
             X         Y         Z           dx          dy          dz
      5.499996  1.927936  1.243182     0.132250   -0.145187    0.000061  
      3.118814  5.926396  3.760576     0.132274   -0.145237    0.000071  
      1.577878  6.231801  1.243182     0.003621   -0.003900    0.000079  
      7.040931  1.622531  3.760576     0.003617   -0.003902    0.000081  
      1.953479  2.839175  1.124867     0.020076    0.024361    0.003551  
      6.665331  5.015157  3.878890     0.020068    0.024373    0.003545  
      3.697673  2.310727  3.642261    -0.026107   -0.017741   -0.003651  
      4.921136  5.543605  1.361497    -0.026105   -0.017745   -0.003644  
      4.649722  4.394277  0.217931    -0.054567    0.011696   -0.021659  
      5.495806  4.851355  2.735324    -0.006612    0.055583    0.021625  
      3.969088  3.460055  4.785827    -0.054561    0.011693   -0.021658  
      3.123004  3.002977  2.268434    -0.006593    0.055588    0.021612  
      2.546376  1.292352  4.243096    -0.021976   -0.020267   -0.011443  
      7.232779  3.552233  4.266926     0.033743    0.019252   -0.020649  
      6.072434  6.561981  0.760662    -0.021971   -0.020285   -0.011455  
      0.832852  1.787143  1.725702     0.022312    0.019915    0.011438  
      7.785958  6.067189  3.278055     0.022316    0.019914    0.011433  
      1.386031  4.302099  0.736832     0.033739    0.019241   -0.020639  
      3.517054  6.244104  1.749532    -0.022352   -0.032078    0.020639  
      5.101755  1.610229  3.254226    -0.022357   -0.032075    0.020609  
 
  43 f  =    8.442827 THz    53.047844 2PiTHz  281.622382 cm-1    34.916710 meV
             X         Y         Z           dx          dy          dz
      5.499996  1.927936  1.243182     0.039416    0.035421   -0.042402  
      3.118814  5.926396  3.760576     0.039478    0.035475   -0.042389  
      1.577878  6.231801  1.243182    -0.030989   -0.028197   -0.039672  
      7.040931  1.622531  3.760576    -0.030991   -0.028195   -0.039706  
      1.953479  2.839175  1.124867     0.010661   -0.010317    0.025574  
      6.665331  5.015157  3.878890     0.010665   -0.010327    0.025574  
      3.697673  2.310727  3.642261    -0.009372    0.011489    0.025540  
      4.921136  5.543605  1.361497    -0.009359    0.011484    0.025542  
      4.649722  4.394277  0.217931    -0.031511    0.021021    0.002277  
      5.495806  4.851355  2.735324     0.017980   -0.033122    0.002379  
      3.969088  3.460055  4.785827    -0.031498    0.020970    0.002314  
      3.123004  3.002977  2.268434     0.018024   -0.033136    0.002343  
      2.546376  1.292352  4.243096     0.020795   -0.028380   -0.003162  
      7.232779  3.552233  4.266926     0.073583    0.008777    0.019663  
      6.072434  6.561981  0.760662     0.020799   -0.028362   -0.003144  
      0.832852  1.787143  1.725702    -0.026235    0.023399   -0.003081  
      7.785958  6.067189  3.278055    -0.026247    0.023397   -0.003095  
      1.386031  4.302099  0.736832     0.073563    0.008777    0.019663  
      3.517054  6.244104  1.749532     0.015485    0.072333    0.019622  
      5.101755  1.610229  3.254226     0.015484    0.072353    0.019615  
 
  44 f  =    8.350002 THz    52.464610 2PiTHz  278.526088 cm-1    34.532818 meV
             X         Y         Z           dx          dy          dz
      5.499996  1.927936  1.243182    -0.122008   -0.111088    0.029860  
      3.118814  5.926396  3.760576     0.121981    0.111084   -0.029855  
      1.577878  6.231801  1.243182     0.016637    0.015187   -0.016588  
      7.040931  1.622531  3.760576    -0.016638   -0.015167    0.016601  
      1.953479  2.839175  1.124867    -0.023925   -0.018473    0.011984  
      6.665331  5.015157  3.878890     0.023922    0.018486   -0.011986  
      3.697673  2.310727  3.642261     0.020627    0.022079   -0.011966  
      4.921136  5.543605  1.361497    -0.020610   -0.022093    0.011956  
      4.649722  4.394277  0.217931    -0.030994    0.044446   -0.044022  
      5.495806  4.851355  2.735324    -0.041352    0.035052    0.043995  
      3.969088  3.460055  4.785827     0.031003   -0.044463    0.044028  
      3.123004  3.002977  2.268434     0.041353   -0.035042   -0.043991  
      2.546376  1.292352  4.243096     0.027184    0.010498   -0.009812  
      7.232779  3.552233  4.266926     0.018180    0.009488   -0.033829  
      6.072434  6.561981  0.760662    -0.027176   -0.010506    0.009802  
      0.832852  1.787143  1.725702    -0.012976   -0.026058    0.009844  
      7.785958  6.067189  3.278055     0.012990    0.026054   -0.009836  
      1.386031  4.302099  0.736832    -0.018226   -0.009488    0.033844  
      3.517054  6.244104  1.749532    -0.011130   -0.017284    0.033824  
      5.101755  1.610229  3.254226     0.011133    0.017255   -0.033863  
 
  45 f  =    7.953796 THz    49.975176 2PiTHz  265.310084 cm-1    32.894243 meV
             X         Y         Z           dx          dy          dz
      5.499996  1.927936  1.243182     0.009840   -0.011041   -0.000114  
      3.118814  5.926396  3.760576     0.009923   -0.011019   -0.000129  
      1.577878  6.231801  1.243182     0.027221   -0.029825   -0.000164  
      7.040931  1.622531  3.760576     0.027214   -0.029831   -0.000161  
      1.953479  2.839175  1.124867    -0.023063    0.000927   -0.017028  
      6.665331  5.015157  3.878890    -0.023052    0.000932   -0.017027  
      3.697673  2.310727  3.642261     0.001306    0.023049    0.017176  
      4.921136  5.543605  1.361497     0.001295    0.023039    0.017175  
      4.649722  4.394277  0.217931     0.029285    0.032867   -0.005228  
      5.495806  4.851355  2.735324    -0.035351   -0.026224    0.005310  
      3.969088  3.460055  4.785827     0.029295    0.032862   -0.005219  
      3.123004  3.002977  2.268434    -0.035352   -0.026244    0.005304  
      2.546376  1.292352  4.243096    -0.008454    0.039622    0.037020  
      7.232779  3.552233  4.266926     0.013825    0.001416   -0.081503  
      6.072434  6.561981  0.760662    -0.008479    0.039626    0.037018  
      0.832852  1.787143  1.725702    -0.038739    0.012139   -0.037113  
      7.785958  6.067189  3.278055    -0.038719    0.012134   -0.037110  
      1.386031  4.302099  0.736832     0.013850    0.001423   -0.081516  
      3.517054  6.244104  1.749532    -0.002710   -0.013851    0.081770  
      5.101755  1.610229  3.254226    -0.002701   -0.013835    0.081758  
 
  46 f  =    7.684662 THz    48.284154 2PiTHz  256.332727 cm-1    31.781193 meV
             X         Y         Z           dx          dy          dz
      5.499996  1.927936  1.243182    -0.100440   -0.091461   -0.023906  
      3.118814  5.926396  3.760576    -0.100410   -0.091473   -0.023903  
      1.577878  6.231801  1.243182     0.013826    0.012725   -0.058854  
      7.040931  1.622531  3.760576     0.013838    0.012711   -0.058863  
      1.953479  2.839175  1.124867     0.003818    0.016702    0.025907  
      6.665331  5.015157  3.878890     0.003824    0.016692    0.025917  
      3.697673  2.310727  3.642261     0.016945    0.002143    0.025848  
      4.921136  5.543605  1.361497     0.016948    0.002157    0.025849  
      4.649722  4.394277  0.217931    -0.006487    0.022347    0.012838  
      5.495806  4.851355  2.735324     0.021810   -0.008404    0.012813  
      3.969088  3.460055  4.785827    -0.006493    0.022336    0.012838  
      3.123004  3.002977  2.268434     0.021786   -0.008412    0.012823  
      2.546376  1.292352  4.243096    -0.004198    0.003729   -0.015250  
      7.232779  3.552233  4.266926    -0.045457   -0.002572    0.044425  
      6.072434  6.561981  0.760662    -0.004207    0.003755   -0.015250  
      0.832852  1.787143  1.725702     0.003563   -0.004592   -0.015081  
      7.785958  6.067189  3.278055     0.003570   -0.004602   -0.015073  
      1.386031  4.302099  0.736832    -0.045448   -0.002558    0.044406  
      3.517054  6.244104  1.749532    -0.006764   -0.044947    0.044076  
      5.101755  1.610229  3.254226    -0.006758   -0.044931    0.044063  
 
  47 f  =    7.272562 THz    45.694858 2PiTHz  242.586571 cm-1    30.076888 meV
             X         Y         Z           dx          dy          dz
      5.499996  1.927936  1.243182     0.047665   -0.050390   -0.000749  
      3.118814  5.926396  3.760576    -0.047714    0.050354    0.000749  
      1.577878  6.231801  1.243182     0.038917   -0.041853   -0.000004  
      7.040931  1.622531  3.760576    -0.038913    0.041854   -0.000018  
      1.953479  2.839175  1.124867     0.025760   -0.014262    0.011808  
      6.665331  5.015157  3.878890    -0.025759    0.014267   -0.011806  
      3.697673  2.310727  3.642261    -0.011692    0.026481    0.011590  
      4.921136  5.543605  1.361497     0.011699   -0.026476   -0.011571  
      4.649722  4.394277  0.217931    -0.016715   -0.043894    0.017087  
      5.495806  4.851355  2.735324    -0.045586   -0.012569    0.017010  
      3.969088  3.460055  4.785827     0.016730    0.043914   -0.017087  
      3.123004  3.002977  2.268434     0.045584    0.012556   -0.017001  
      2.546376  1.292352  4.243096    -0.025926    0.046244    0.012849  
      7.232779  3.552233  4.266926     0.029340    0.026479   -0.036718  
      6.072434  6.561981  0.760662     0.025926   -0.046238   -0.012844  
      0.832852  1.787143  1.725702     0.044510   -0.030877    0.012781  
      7.785958  6.067189  3.278055    -0.044518    0.030881   -0.012796  
      1.386031  4.302099  0.736832    -0.029354   -0.026481    0.036717  
      3.517054  6.244104  1.749532     0.028888    0.026418   -0.035331  
      5.101755  1.610229  3.254226    -0.028892   -0.026436    0.035359  
 
  48 f  =    7.228926 THz    45.420683 2PiTHz  241.131025 cm-1    29.896423 meV
             X         Y         Z           dx          dy          dz
      5.499996  1.927936  1.243182     0.086822    0.080243   -0.070984  
      3.118814  5.926396  3.760576    -0.086836   -0.080232    0.070980  
      1.577878  6.231801  1.243182     0.038064    0.035528    0.004149  
      7.040931  1.622531  3.760576    -0.038064   -0.035529   -0.004148  
      1.953479  2.839175  1.124867     0.022749   -0.006782    0.008951  
      6.665331  5.015157  3.878890    -0.022751    0.006773   -0.008951  
      3.697673  2.310727  3.642261     0.004897   -0.023844   -0.009254  
      4.921136  5.543605  1.361497    -0.004900    0.023855    0.009253  
      4.649722  4.394277  0.217931    -0.000552    0.012917    0.005491  
      5.495806  4.851355  2.735324    -0.011827    0.001958   -0.005830  
      3.969088  3.460055  4.785827     0.000567   -0.012911   -0.005490  
      3.123004  3.002977  2.268434     0.011831   -0.001969    0.005819  
      2.546376  1.292352  4.243096     0.031030   -0.043051    0.005057  
      7.232779  3.552233  4.266926     0.012684    0.005667   -0.061873  
      6.072434  6.561981  0.760662    -0.031031    0.043061   -0.005058  
      0.832852  1.787143  1.725702     0.039040   -0.034224   -0.005364  
      7.785958  6.067189  3.278055    -0.039041    0.034212    0.005359  
      1.386031  4.302099  0.736832    -0.012680   -0.005670    0.061868  
      3.517054  6.244104  1.749532    -0.007465   -0.012714    0.062739  
      5.101755  1.610229  3.254226     0.007467    0.012721   -0.062724  
 
  49 f  =    6.597942 THz    41.456091 2PiTHz  220.083648 cm-1    27.286882 meV
             X         Y         Z           dx          dy          dz
      5.499996  1.927936  1.243182    -0.076768   -0.070021   -0.059741  
      3.118814  5.926396  3.760576     0.076778    0.070045    0.059728  
      1.577878  6.231801  1.243182     0.015651    0.014226    0.054232  
      7.040931  1.622531  3.760576    -0.015658   -0.014228   -0.054224  
      1.953479  2.839175  1.124867    -0.002287    0.005841   -0.014989  
      6.665331  5.015157  3.878890     0.002298   -0.005843    0.014990  
      3.697673  2.310727  3.642261    -0.005630    0.002827    0.015061  
      4.921136  5.543605  1.361497     0.005622   -0.002825   -0.015067  
      4.649722  4.394277  0.217931    -0.027648   -0.037113    0.020969  
      5.495806  4.851355  2.735324     0.039496    0.024153   -0.021010  
      3.969088  3.460055  4.785827     0.027648    0.037107   -0.020971  
      3.123004  3.002977  2.268434    -0.039478   -0.024141    0.021001  
      2.546376  1.292352  4.243096     0.006881    0.020641    0.053963  
      7.232779  3.552233  4.266926    -0.028078   -0.023038   -0.020347  
      6.072434  6.561981  0.760662    -0.006887   -0.020635   -0.053963  
      0.832852  1.787143  1.725702    -0.021165   -0.004975   -0.053920  
      7.785958  6.067189  3.278055     0.021178    0.004973    0.053931  
      1.386031  4.302099  0.736832     0.028078    0.023032    0.020349  
      3.517054  6.244104  1.749532     0.025577    0.025877    0.020223  
      5.101755  1.610229  3.254226    -0.025590   -0.025885   -0.020233  
 
  50 f  =    6.202394 THz    38.970792 2PiTHz  206.889602 cm-1    25.651030 meV
             X         Y         Z           dx          dy          dz
      5.499996  1.927936  1.243182    -0.036280   -0.033173    0.026080  
      3.118814  5.926396  3.760576    -0.036287   -0.033169    0.026098  
      1.577878  6.231801  1.243182     0.041307    0.037680    0.000913  
      7.040931  1.622531  3.760576     0.041311    0.037680    0.000899  
      1.953479  2.839175  1.124867    -0.028451    0.005644   -0.002179  
      6.665331  5.015157  3.878890    -0.028464    0.005647   -0.002171  
      3.697673  2.310727  3.642261     0.002958   -0.028887   -0.002170  
      4.921136  5.543605  1.361497     0.002948   -0.028885   -0.002169  
      4.649722  4.394277  0.217931    -0.035423   -0.045962    0.022281  
      5.495806  4.851355  2.735324    -0.049021   -0.030998    0.022277  
      3.969088  3.460055  4.785827    -0.035404   -0.045955    0.022271  
      3.123004  3.002977  2.268434    -0.049020   -0.031001    0.022279  
      2.546376  1.292352  4.243096     0.014914   -0.053039   -0.018868  
      7.232779  3.552233  4.266926     0.035250    0.025221   -0.005750  
      6.072434  6.561981  0.760662     0.014908   -0.053046   -0.018880  
      0.832852  1.787143  1.725702    -0.051412    0.019798   -0.018874  
      7.785958  6.067189  3.278055    -0.051417    0.019800   -0.018859  
      1.386031  4.302099  0.736832     0.035261    0.025221   -0.005749  
      3.517054  6.244104  1.749532     0.028341    0.032728   -0.005732  
      5.101755  1.610229  3.254226     0.028344    0.032718   -0.005745  
 
  51 f  =    5.736603 THz    36.044138 2PiTHz  191.352471 cm-1    23.724672 meV
             X         Y         Z           dx          dy          dz
      5.499996  1.927936  1.243182     0.010048   -0.011192   -0.000002  
      3.118814  5.926396  3.760576    -0.010049    0.011198    0.000004  
      1.577878  6.231801  1.243182    -0.026776    0.029362    0.000022  
      7.040931  1.622531  3.760576     0.026771   -0.029367   -0.000022  
      1.953479  2.839175  1.124867     0.038053    0.030970   -0.023561  
      6.665331  5.015157  3.878890    -0.038049   -0.030970    0.023560  
      3.697673  2.310727  3.642261     0.034365    0.035044   -0.023546  
      4.921136  5.543605  1.361497    -0.034364   -0.035039    0.023547  
      4.649722  4.394277  0.217931    -0.028733   -0.044708    0.033685  
      5.495806  4.851355  2.735324    -0.047147   -0.024446    0.033681  
      3.969088  3.460055  4.785827     0.028740    0.044725   -0.033696  
      3.123004  3.002977  2.268434     0.047155    0.024442   -0.033687  
      2.546376  1.292352  4.243096     0.022022    0.046765   -0.006190  
      7.232779  3.552233  4.266926    -0.021289   -0.025652    0.019672  
      6.072434  6.561981  0.760662    -0.022020   -0.046761    0.006193  
      0.832852  1.787143  1.725702     0.048571    0.017584   -0.006234  
      7.785958  6.067189  3.278055    -0.048564   -0.017586    0.006236  
      1.386031  4.302099  0.736832     0.021280    0.025648   -0.019662  
      3.517054  6.244104  1.749532    -0.027499   -0.018811    0.019663  
      5.101755  1.610229  3.254226     0.027500    0.018813   -0.019667  
 
  52 f  =    5.401915 THz    33.941231 2PiTHz  180.188478 cm-1    22.340514 meV
             X         Y         Z           dx          dy          dz
      5.499996  1.927936  1.243182     0.036965   -0.040717   -0.000002  
      3.118814  5.926396  3.760576    -0.036947    0.040708   -0.000001  
      1.577878  6.231801  1.243182     0.024301   -0.026678    0.000019  
      7.040931  1.622531  3.760576    -0.024296    0.026671   -0.000015  
      1.953479  2.839175  1.124867    -0.009079   -0.018337   -0.053834  
      6.665331  5.015157  3.878890     0.009068    0.018331    0.053833  
      3.697673  2.310727  3.642261    -0.019101   -0.007276   -0.053825  
      4.921136  5.543605  1.361497     0.019106    0.007281    0.053819  
      4.649722  4.394277  0.217931    -0.008911    0.033461    0.032817  
      5.495806  4.851355  2.735324     0.032545   -0.011965    0.032813  
      3.969088  3.460055  4.785827     0.008908   -0.033443   -0.032829  
      3.123004  3.002977  2.268434    -0.032554    0.011968   -0.032815  
      2.546376  1.292352  4.243096    -0.010447    0.008106   -0.008969  
      7.232779  3.552233  4.266926    -0.006861    0.012580    0.068335  
      6.072434  6.561981  0.760662     0.010460   -0.008105    0.008968  
      0.832852  1.787143  1.725702     0.007051   -0.011182   -0.009015  
      7.785958  6.067189  3.278055    -0.007046    0.011165    0.009016  
      1.386031  4.302099  0.736832     0.006841   -0.012587   -0.068325  
      3.517054  6.244104  1.749532     0.011914   -0.008025    0.068322  
      5.101755  1.610229  3.254226    -0.011907    0.008037   -0.068331  
 
  53 f  =    4.949966 THz    31.101556 2PiTHz  165.113104 cm-1    20.471407 meV
             X         Y         Z           dx          dy          dz
      5.499996  1.927936  1.243182     0.039567   -0.043402    0.000004  
      3.118814  5.926396  3.760576     0.039569   -0.043417    0.000009  
      1.577878  6.231801  1.243182     0.028493   -0.031297    0.000014  
      7.040931  1.622531  3.760576     0.028546   -0.031254   -0.000010  
      1.953479  2.839175  1.124867    -0.026638   -0.007152    0.008078  
      6.665331  5.015157  3.878890    -0.026643   -0.007127    0.008065  
      3.697673  2.310727  3.642261     0.009589    0.025849   -0.008061  
      4.921136  5.543605  1.361497     0.009557    0.025844   -0.008086  
      4.649722  4.394277  0.217931    -0.030418    0.045856   -0.016705  
      5.495806  4.851355  2.735324    -0.042870    0.034501    0.016691  
      3.969088  3.460055  4.785827    -0.030388    0.045886   -0.016703  
      3.123004  3.002977  2.268434    -0.042894    0.034489    0.016726  
      2.546376  1.292352  4.243096     0.041667   -0.013601   -0.002133  
      7.232779  3.552233  4.266926    -0.068723   -0.019149    0.026137  
      6.072434  6.561981  0.760662     0.041617   -0.013584   -0.002163  
      0.832852  1.787143  1.725702     0.009639   -0.042730    0.002118  
      7.785958  6.067189  3.278055     0.009631   -0.042679    0.002148  
      1.386031  4.302099  0.736832    -0.068778   -0.019188    0.026178  
      3.517054  6.244104  1.749532     0.025454    0.066687   -0.026144  
      5.101755  1.610229  3.254226     0.025498    0.066742   -0.026153  
 
  54 f  =    4.612350 THz    28.980252 2PiTHz  153.851450 cm-1    19.075140 meV
             X         Y         Z           dx          dy          dz
      5.499996  1.927936  1.243182     0.014221    0.013065   -0.005796  
      3.118814  5.926396  3.760576    -0.014262   -0.013009    0.005791  
      1.577878  6.231801  1.243182    -0.045077   -0.041044    0.015490  
      7.040931  1.622531  3.760576     0.045043    0.041072   -0.015494  
      1.953479  2.839175  1.124867    -0.009313   -0.021616   -0.003685  
      6.665331  5.015157  3.878890     0.009347    0.021624    0.003680  
      3.697673  2.310727  3.642261     0.022385    0.007271    0.003721  
      4.921136  5.543605  1.361497    -0.022397   -0.007292   -0.003710  
      4.649722  4.394277  0.217931    -0.017217   -0.025464    0.011786  
      5.495806  4.851355  2.735324     0.026952    0.014789   -0.011813  
      3.969088  3.460055  4.785827     0.017260    0.025410   -0.011760  
      3.123004  3.002977  2.268434    -0.026906   -0.014817    0.011802  
      2.546376  1.292352  4.243096     0.043663   -0.010092    0.024149  
      7.232779  3.552233  4.266926     0.060802    0.033656   -0.022227  
      6.072434  6.561981  0.760662    -0.043712    0.010112   -0.024147  
      0.832852  1.787143  1.725702     0.005989   -0.044412   -0.024145  
      7.785958  6.067189  3.278055    -0.005994    0.044453    0.024141  
      1.386031  4.302099  0.736832    -0.060719   -0.033638    0.022190  
      3.517054  6.244104  1.749532    -0.039146   -0.057419    0.022200  
      5.101755  1.610229  3.254226     0.039114    0.057350   -0.022172  
 
  55 f  =    3.717515 THz    23.357836 2PiTHz  124.002952 cm-1    15.374400 meV
             X         Y         Z           dx          dy          dz
      5.499996  1.927936  1.243182    -0.001712   -0.001426    0.004830  
      3.118814  5.926396  3.760576     0.001709    0.001419   -0.004818  
      1.577878  6.231801  1.243182     0.022814    0.020802   -0.009235  
      7.040931  1.622531  3.760576    -0.022808   -0.020803    0.009228  
      1.953479  2.839175  1.124867    -0.044884    0.032359    0.005774  
      6.665331  5.015157  3.878890     0.044871   -0.032351   -0.005772  
      3.697673  2.310727  3.642261    -0.028040    0.047696   -0.005722  
      4.921136  5.543605  1.361497     0.028043   -0.047692    0.005722  
      4.649722  4.394277  0.217931     0.043660   -0.048164    0.002310  
      5.495806  4.851355  2.735324     0.043915   -0.047993   -0.002379  
      3.969088  3.460055  4.785827    -0.043671    0.048160   -0.002303  
      3.123004  3.002977  2.268434    -0.043928    0.048007    0.002387  
      2.546376  1.292352  4.243096     0.003329    0.010467   -0.007304  
      7.232779  3.552233  4.266926     0.060888   -0.024013   -0.006001  
      6.072434  6.561981  0.760662    -0.003326   -0.010474    0.007297  
      0.832852  1.787143  1.725702    -0.010738   -0.002326    0.007313  
      7.785958  6.067189  3.278055     0.010729    0.002327   -0.007313  
      1.386031  4.302099  0.736832    -0.060881    0.024015    0.005996  
      3.517054  6.244104  1.749532     0.018268   -0.062856    0.005995  
      5.101755  1.610229  3.254226    -0.018266    0.062882   -0.006007  
 
  56 f  =    2.643606 THz    16.610266 2PiTHz   88.181201 cm-1    10.933071 meV
             X         Y         Z           dx          dy          dz
      5.499996  1.927936  1.243182     0.020336   -0.022352   -0.000014  
      3.118814  5.926396  3.760576    -0.020342    0.022360   -0.000012  
      1.577878  6.231801  1.243182     0.006775   -0.007458   -0.000005  
      7.040931  1.622531  3.760576    -0.006791    0.007454   -0.000015  
      1.953479  2.839175  1.124867     0.019733    0.010151    0.023727  
      6.665331  5.015157  3.878890    -0.019721   -0.010150   -0.023719  
      3.697673  2.310727  3.642261     0.011954    0.018670    0.023736  
      4.921136  5.543605  1.361497    -0.011954   -0.018668   -0.023722  
      4.649722  4.394277  0.217931    -0.073945    0.039272   -0.069454  
      5.495806  4.851355  2.735324     0.032223   -0.077228   -0.069451  
      3.969088  3.460055  4.785827     0.073999   -0.039316    0.069502  
      3.123004  3.002977  2.268434    -0.032253    0.077277    0.069496  
      2.546376  1.292352  4.243096     0.003964    0.016087    0.009501  
      7.232779  3.552233  4.266926    -0.013866    0.005688    0.032117  
      6.072434  6.561981  0.760662    -0.003972   -0.016089   -0.009508  
      0.832852  1.787143  1.725702     0.016379    0.002472    0.009488  
      7.785958  6.067189  3.278055    -0.016383   -0.002470   -0.009500  
      1.386031  4.302099  0.736832     0.013873   -0.005698   -0.032151  
      3.517054  6.244104  1.749532     0.004371   -0.014278    0.032108  
      5.101755  1.610229  3.254226    -0.004387    0.014269   -0.032136  
 
  57 f  =    2.495053 THz    15.676879 2PiTHz   83.226003 cm-1    10.318705 meV
             X         Y         Z           dx          dy          dz
      5.499996  1.927936  1.243182     0.004773    0.004349   -0.033473  
      3.118814  5.926396  3.760576     0.004778    0.004330   -0.033473  
      1.577878  6.231801  1.243182    -0.010974   -0.009983   -0.024837  
      7.040931  1.622531  3.760576    -0.010971   -0.009993   -0.024843  
      1.953479  2.839175  1.124867     0.010029    0.002022    0.017110  
      6.665331  5.015157  3.878890     0.010036    0.002028    0.017127  
      3.697673  2.310727  3.642261     0.002929    0.009809    0.017103  
      4.921136  5.543605  1.361497     0.002936    0.009828    0.017131  
      4.649722  4.394277  0.217931     0.066018   -0.052059    0.066343  
      5.495806  4.851355  2.735324    -0.045751    0.070572    0.066347  
      3.969088  3.460055  4.785827     0.065960   -0.052040    0.066288  
      3.123004  3.002977  2.268434    -0.045717    0.070521    0.066291  
      2.546376  1.292352  4.243096    -0.001743   -0.003468   -0.012203  
      7.232779  3.552233  4.266926     0.004511   -0.013822   -0.041148  
      6.072434  6.561981  0.760662    -0.001736   -0.003458   -0.012192  
      0.832852  1.787143  1.725702    -0.003627   -0.001396   -0.012201  
      7.785958  6.067189  3.278055    -0.003619   -0.001402   -0.012194  
      1.386031  4.302099  0.736832     0.004519   -0.013813   -0.041131  
      3.517054  6.244104  1.749532    -0.013351    0.005806   -0.041152  
      5.101755  1.610229  3.254226    -0.013350    0.005779   -0.041134  
 
  58 fi =    0.005805 THz     0.036472 2PiTHz    0.193626 cm-1     0.024007 meV
             X         Y         Z           dx          dy          dz
      5.499996  1.927936  1.243182    -0.037045    0.033142   -0.001851  
      3.118814  5.926396  3.760576    -0.037046    0.033141   -0.001850  
      1.577878  6.231801  1.243182    -0.036969    0.033076   -0.001852  
      7.040931  1.622531  3.760576    -0.036967    0.033078   -0.001853  
      1.953479  2.839175  1.124867    -0.036939    0.033057   -0.001848  
      6.665331  5.015157  3.878890    -0.036943    0.033061   -0.001847  
      3.697673  2.310727  3.642261    -0.036950    0.033043   -0.001852  
      4.921136  5.543605  1.361497    -0.036953    0.033048   -0.001851  
      4.649722  4.394277  0.217931    -0.036942    0.033003   -0.001820  
      5.495806  4.851355  2.735324    -0.036894    0.033039   -0.001880  
      3.969088  3.460055  4.785827    -0.036940    0.032999   -0.001822  
      3.123004  3.002977  2.268434    -0.036892    0.033035   -0.001879  
      2.546376  1.292352  4.243096    -0.036963    0.033054   -0.001866  
      7.232779  3.552233  4.266926    -0.036935    0.033053   -0.001858  
      6.072434  6.561981  0.760662    -0.036964    0.033056   -0.001867  
      0.832852  1.787143  1.725702    -0.036944    0.033062   -0.001841  
      7.785958  6.067189  3.278055    -0.036945    0.033063   -0.001840  
      1.386031  4.302099  0.736832    -0.036930    0.033051   -0.001860  
      3.517054  6.244104  1.749532    -0.036948    0.033041   -0.001845  
      5.101755  1.610229  3.254226    -0.036946    0.033037   -0.001847  
 
  59 fi =    0.007453 THz     0.046829 2PiTHz    0.248607 cm-1     0.030823 meV
             X         Y         Z           dx          dy          dz
      5.499996  1.927936  1.243182     0.033139    0.036973   -0.001459  
      3.118814  5.926396  3.760576     0.033140    0.036975   -0.001459  
      1.577878  6.231801  1.243182     0.033081    0.036904   -0.001431  
      7.040931  1.622531  3.760576     0.033080    0.036906   -0.001432  
      1.953479  2.839175  1.124867     0.033130    0.036921   -0.001431  
      6.665331  5.015157  3.878890     0.033129    0.036922   -0.001431  
      3.697673  2.310727  3.642261     0.033107    0.036951   -0.001433  
      4.921136  5.543605  1.361497     0.033108    0.036952   -0.001434  
      4.649722  4.394277  0.217931     0.033162    0.036909   -0.001412  
      5.495806  4.851355  2.735324     0.033101    0.036983   -0.001417  
      3.969088  3.460055  4.785827     0.033166    0.036903   -0.001409  
      3.123004  3.002977  2.268434     0.033100    0.036984   -0.001415  
      2.546376  1.292352  4.243096     0.033105    0.036979   -0.001393  
      7.232779  3.552233  4.266926     0.033044    0.036888   -0.001437  
      6.072434  6.561981  0.760662     0.033108    0.036980   -0.001393  
      0.832852  1.787143  1.725702     0.033146    0.036926   -0.001394  
      7.785958  6.067189  3.278055     0.033145    0.036925   -0.001395  
      1.386031  4.302099  0.736832     0.033047    0.036886   -0.001441  
      3.517054  6.244104  1.749532     0.033066    0.036864   -0.001432  
      5.101755  1.610229  3.254226     0.033064    0.036861   -0.001432  
 
  60 fi =    0.016442 THz     0.103311 2PiTHz    0.548462 cm-1     0.068001 meV
             X         Y         Z           dx          dy          dz
      5.499996  1.927936  1.243182     0.000452   -0.002281   -0.049785  
      3.118814  5.926396  3.760576     0.000454   -0.002282   -0.049785  
      1.577878  6.231801  1.243182     0.000380   -0.002342   -0.049718  
      7.040931  1.622531  3.760576     0.000381   -0.002342   -0.049718  
      1.953479  2.839175  1.124867     0.000487   -0.002278   -0.049449  
      6.665331  5.015157  3.878890     0.000487   -0.002277   -0.049450  
      3.697673  2.310727  3.642261     0.000453   -0.002240   -0.049449  
      4.921136  5.543605  1.361497     0.000452   -0.002239   -0.049450  
      4.649722  4.394277  0.217931     0.000817   -0.002589   -0.049155  
      5.495806  4.851355  2.735324     0.000168   -0.001879   -0.049152  
      3.969088  3.460055  4.785827     0.000816   -0.002587   -0.049156  
      3.123004  3.002977  2.268434     0.000171   -0.001883   -0.049154  
      2.546376  1.292352  4.243096     0.000397   -0.002330   -0.049684  
      7.232779  3.552233  4.266926     0.000426   -0.002372   -0.049747  
      6.072434  6.561981  0.760662     0.000397   -0.002330   -0.049685  
      0.832852  1.787143  1.725702     0.000392   -0.002326   -0.049685  
      7.785958  6.067189  3.278055     0.000393   -0.002326   -0.049685  
      1.386031  4.302099  0.736832     0.000427   -0.002372   -0.049746  
      3.517054  6.244104  1.749532     0.000353   -0.002288   -0.049749  
      5.101755  1.610229  3.254226     0.000354   -0.002291   -0.049745  
 
