 Eigenvectors and eigenvalues of the dynamical matrix
 ----------------------------------------------------
 
 
   1 f  =   17.033249 THz   107.023058 2PiTHz  568.168021 cm-1    70.443825 meV
             X         Y         Z           dx          dy          dz
      4.490867  3.276386  1.765251    -0.000081    0.135174   -0.000032  
      2.245430  1.468596  1.765251     0.000081   -0.135203   -0.000033  
      0.000000  0.000000  0.000000    -0.000000   -0.000008    0.000002  
      2.245428  3.361479  1.765251    -0.000168    0.156184   -0.000011  
      4.490870  1.383502  1.765251     0.000168   -0.156093   -0.000011  
      2.245433 -0.000000  0.000000     0.000001    0.000004   -0.000012  
 
   2 f  =   15.024460 THz    94.401468 2PiTHz  501.162050 cm-1    62.136147 meV
             X         Y         Z           dx          dy          dz
      4.490867  3.276386  1.765251     0.000015    0.219925   -0.000002  
      2.245430  1.468596  1.765251     0.000015    0.218357    0.000002  
      0.000000  0.000000  0.000000    -0.000000    0.005016    0.000000  
      2.245428  3.361479  1.765251     0.000149   -0.113844    0.000019  
      4.490870  1.383502  1.765251     0.000148   -0.113417   -0.000019  
      2.245433 -0.000000  0.000000    -0.000149    0.018657   -0.000000  
 
   3 f  =   14.945191 THz    93.903406 2PiTHz  498.517922 cm-1    61.808317 meV
             X         Y         Z           dx          dy          dz
      4.490867  3.276386  1.765251    -0.000086   -0.253978   -0.000024  
      2.245430  1.468596  1.765251     0.000086    0.255332   -0.000023  
      0.000000  0.000000  0.000000     0.000000    0.000009    0.000003  
      2.245428  3.361479  1.765251    -0.000135    0.082570   -0.000013  
      4.490870  1.383502  1.765251     0.000135   -0.083207   -0.000013  
      2.245433 -0.000000  0.000000     0.000000    0.000062   -0.000005  
 
   4 f  =   13.258870 THz    83.307937 2PiTHz  442.268294 cm-1    54.834255 meV
             X         Y         Z           dx          dy          dz
      4.490867  3.276386  1.765251     0.080478   -0.000322   -0.000000  
      2.245430  1.468596  1.765251     0.080479   -0.000320   -0.000000  
      0.000000  0.000000  0.000000     0.009863    0.000002    0.000000  
      2.245428  3.361479  1.765251     0.042117    0.000004    0.000001  
      4.490870  1.383502  1.765251     0.042118    0.000002   -0.000001  
      2.245433 -0.000000  0.000000    -0.230717    0.000304    0.000000  
 
   5 f  =   11.330599 THz    71.192255 2PiTHz  377.948110 cm-1    46.859572 meV
             X         Y         Z           dx          dy          dz
      4.490867  3.276386  1.765251    -0.224105    0.000069    0.000004  
      2.245430  1.468596  1.765251     0.224099   -0.000072    0.000004  
      0.000000  0.000000  0.000000     0.000000    0.000001    0.000000  
      2.245428  3.361479  1.765251    -0.111219   -0.000188   -0.000004  
      4.490870  1.383502  1.765251     0.111220    0.000186   -0.000004  
      2.245433 -0.000000  0.000000     0.000000   -0.000000    0.000002  
 
   6 f  =   10.966000 THz    68.901411 2PiTHz  365.786393 cm-1    45.351712 meV
             X         Y         Z           dx          dy          dz
      4.490867  3.276386  1.765251    -0.000008   -0.000007   -0.153278  
      2.245430  1.468596  1.765251     0.000006    0.000007   -0.153275  
      0.000000  0.000000  0.000000     0.000000    0.000000   -0.011507  
      2.245428  3.361479  1.765251    -0.000003   -0.000002    0.140411  
      4.490870  1.383502  1.765251     0.000002    0.000001    0.140398  
      2.245433 -0.000000  0.000000    -0.000000    0.000000   -0.065185  
 
   7 f  =   10.221221 THz    64.221823 2PiTHz  340.943221 cm-1    42.271553 meV
             X         Y         Z           dx          dy          dz
      4.490867  3.276386  1.765251     0.000215    0.165031    0.000049  
      2.245430  1.468596  1.765251     0.000221    0.165000   -0.000049  
      0.000000  0.000000  0.000000     0.000002   -0.042560   -0.000000  
      2.245428  3.361479  1.765251    -0.000051    0.113220   -0.000097  
      4.490870  1.383502  1.765251    -0.000049    0.113304    0.000098  
      2.245433 -0.000000  0.000000    -0.000104    0.022529   -0.000000  
 
   8 f  =    8.839278 THz    55.538824 2PiTHz  294.846590 cm-1    36.556302 meV
             X         Y         Z           dx          dy          dz
      4.490867  3.276386  1.765251     0.000005   -0.000077    0.136571  
      2.245430  1.468596  1.765251     0.000005   -0.000077   -0.136797  
      0.000000  0.000000  0.000000    -0.000001    0.000023    0.000024  
      2.245428  3.361479  1.765251     0.000001   -0.000077   -0.155689  
      4.490870  1.383502  1.765251     0.000001   -0.000077    0.155608  
      2.245433 -0.000000  0.000000     0.000001    0.000015   -0.000046  
 
   9 f  =    8.537936 THz    53.645433 2PiTHz  284.794885 cm-1    35.310050 meV
             X         Y         Z           dx          dy          dz
      4.490867  3.276386  1.765251    -0.197263    0.000094    0.000002  
      2.245430  1.468596  1.765251    -0.197268    0.000094   -0.000001  
      0.000000  0.000000  0.000000     0.042763   -0.000016   -0.000000  
      2.245428  3.361479  1.765251    -0.080573   -0.000006   -0.000004  
      4.490870  1.383502  1.765251    -0.080573   -0.000005    0.000003  
      2.245433 -0.000000  0.000000    -0.065145    0.000023    0.000001  
 
  10 f  =    7.775422 THz    48.854416 2PiTHz  259.360156 cm-1    32.156547 meV
             X         Y         Z           dx          dy          dz
      4.490867  3.276386  1.765251    -0.000000   -0.000011    0.191975  
      2.245430  1.468596  1.765251     0.000000    0.000011    0.191700  
      0.000000  0.000000  0.000000     0.000000   -0.000000   -0.043287  
      2.245428  3.361479  1.765251     0.000000    0.000030    0.080332  
      4.490870  1.383502  1.765251     0.000000   -0.000030    0.080468  
      2.245433 -0.000000  0.000000    -0.000000    0.000000    0.074112  
 
  11 f  =    6.332907 THz    39.790826 2PiTHz  211.243028 cm-1    26.190786 meV
             X         Y         Z           dx          dy          dz
      4.490867  3.276386  1.765251    -0.000001    0.000099    0.253815  
      2.245430  1.468596  1.765251    -0.000005    0.000099   -0.253897  
      0.000000  0.000000  0.000000     0.000000    0.000024    0.000010  
      2.245428  3.361479  1.765251    -0.000001    0.000056    0.083785  
      4.490870  1.383502  1.765251     0.000003    0.000055   -0.083827  
      2.245433 -0.000000  0.000000    -0.000000   -0.000401   -0.000021  
 
  12 f  =    6.168360 THz    38.756948 2PiTHz  205.754337 cm-1    25.510275 meV
             X         Y         Z           dx          dy          dz
      4.490867  3.276386  1.765251    -0.000248   -0.053829    0.000414  
      2.245430  1.468596  1.765251    -0.000250   -0.053831   -0.000414  
      0.000000  0.000000  0.000000    -0.000061   -0.017434    0.000000  
      2.245428  3.361479  1.765251     0.000001   -0.022866    0.000158  
      4.490870  1.383502  1.765251     0.000002   -0.022861   -0.000158  
      2.245433 -0.000000  0.000000     0.000281    0.237937   -0.000000  
 
  13 f  =    4.798828 THz    30.151927 2PiTHz  160.071682 cm-1    19.846350 meV
             X         Y         Z           dx          dy          dz
      4.490867  3.276386  1.765251    -0.181389   -0.000028    0.000003  
      2.245430  1.468596  1.765251     0.181398    0.000026   -0.000003  
      0.000000  0.000000  0.000000     0.000001    0.000000    0.000000  
      2.245428  3.361479  1.765251     0.137401    0.000121   -0.000000  
      4.490870  1.383502  1.765251    -0.137410   -0.000122   -0.000002  
      2.245433 -0.000000  0.000000    -0.000000    0.000001    0.000001  
 
  14 f  =    3.448731 THz    21.669013 2PiTHz  115.037270 cm-1    14.262797 meV
             X         Y         Z           dx          dy          dz
      4.490867  3.276386  1.765251    -0.000001    0.000004   -0.133435  
      2.245430  1.468596  1.765251    -0.000002   -0.000004   -0.133447  
      0.000000  0.000000  0.000000    -0.000000   -0.000000   -0.011456  
      2.245428  3.361479  1.765251     0.000000   -0.000003   -0.008107  
      4.490870  1.383502  1.765251     0.000001    0.000003   -0.008108  
      2.245433 -0.000000  0.000000    -0.000000    0.000000    0.218703  
 
  15 f  =    0.063475 THz     0.398828 2PiTHz    2.117314 cm-1     0.262513 meV
             X         Y         Z           dx          dy          dz
      4.490867  3.276386  1.765251     0.064673    0.046917    0.000058  
      2.245430  1.468596  1.765251     0.064673    0.046916    0.000056  
      0.000000  0.000000  0.000000     0.053510    0.047061    0.000057  
      2.245428  3.361479  1.765251     0.043436    0.047018    0.000059  
      4.490870  1.383502  1.765251     0.043436    0.047022    0.000056  
      2.245433 -0.000000  0.000000     0.052871    0.047322    0.000058  
 
  16 fi =    0.005682 THz     0.035699 2PiTHz    0.189522 cm-1     0.023498 meV
             X         Y         Z           dx          dy          dz
      4.490867  3.276386  1.765251     0.047113   -0.052563   -0.000298  
      2.245430  1.468596  1.765251     0.047113   -0.052562   -0.000295  
      0.000000  0.000000  0.000000     0.047172   -0.052647   -0.000295  
      2.245428  3.361479  1.765251     0.047187   -0.052578   -0.000297  
      4.490870  1.383502  1.765251     0.047187   -0.052582   -0.000294  
      2.245433 -0.000000  0.000000     0.047223   -0.052740   -0.000293  
 
  17 fi =    0.008734 THz     0.054874 2PiTHz    0.291319 cm-1     0.036119 meV
             X         Y         Z           dx          dy          dz
      4.490867  3.276386  1.765251     0.000153   -0.000258    0.070878  
      2.245430  1.468596  1.765251     0.000153   -0.000257    0.070877  
      0.000000  0.000000  0.000000     0.000154   -0.000258    0.070707  
      2.245428  3.361479  1.765251     0.000155   -0.000249    0.070757  
      4.490870  1.383502  1.765251     0.000155   -0.000267    0.070756  
      2.245433 -0.000000  0.000000     0.000154   -0.000259    0.070195  
 
  18 fi =    0.948927 THz     5.962284 2PiTHz   31.652795 cm-1     3.924445 meV
             X         Y         Z           dx          dy          dz
      4.490867  3.276386  1.765251     0.177014   -0.003198   -0.000003  
      2.245430  1.468596  1.765251     0.177007   -0.003198   -0.000006  
      0.000000  0.000000  0.000000     0.011066   -0.003173   -0.000004  
      2.245428  3.361479  1.765251    -0.137376   -0.003354   -0.000002  
      4.490870  1.383502  1.765251    -0.137366   -0.003354   -0.000005  
      2.245433 -0.000000  0.000000     0.000411   -0.003059   -0.000002  
 
