 Eigenvectors and eigenvalues of the dynamical matrix
 ----------------------------------------------------
 
 
   1 f  =   22.526126 THz   141.535826 2PiTHz  751.390697 cm-1    93.160531 meV
             X         Y         Z           dx          dy          dz
     -2.255950  3.095509  3.576016    -0.024466    0.010134    0.026046  
     -1.193482  2.656713  0.766456     0.009099   -0.003756   -0.025295  
     -0.854064  0.352726  2.735765     0.000000   -0.000001    0.000002  
      1.012216  1.745767  4.705074    -0.009099    0.003754    0.025289  
      2.074683  1.306971  1.895513     0.024463   -0.010130   -0.026019  
      0.000000  0.000000  0.000000     0.000000   -0.000000   -0.000000  
     -3.805989  3.735670  4.508680     0.088413   -0.036514   -0.060154  
     -2.845452  3.338971  1.748498     0.055655   -0.022989    0.118573  
      0.763430  1.848514  0.000000     0.000001   -0.000000    0.000001  
      2.664185  1.063509  3.723032    -0.055656    0.022985   -0.118576  
      3.624723  0.666810  0.962850    -0.088413    0.036517    0.060156  
 
   2 f  =   18.930465 THz   118.943619 2PiTHz  631.452340 cm-1    78.290077 meV
             X         Y         Z           dx          dy          dz
     -2.255950  3.095509  3.576016    -0.040901    0.016906    0.047680  
     -1.193482  2.656713  0.766456    -0.006139    0.002535   -0.092682  
     -0.854064  0.352726  2.735765     0.073892   -0.030512    0.158852  
      1.012216  1.745767  4.705074    -0.006137    0.002536   -0.092677  
      2.074683  1.306971  1.895513    -0.040905    0.016908    0.047687  
      0.000000  0.000000  0.000000     0.011750   -0.004853   -0.010648  
     -3.805989  3.735670  4.508680    -0.098684    0.040759    0.072955  
     -2.845452  3.338971  1.748498     0.026258   -0.010844   -0.032627  
      0.763430  1.848514  0.000000     0.019584   -0.008094    0.014034  
      2.664185  1.063509  3.723032     0.026252   -0.010841   -0.032639  
      3.624723  0.666810  0.962850    -0.098663    0.040744    0.072943  
 
   3 f  =   18.517393 THz   116.348210 2PiTHz  617.673734 cm-1    76.581748 meV
             X         Y         Z           dx          dy          dz
     -2.255950  3.095509  3.576016     0.002075    0.005061    0.000002  
     -1.193482  2.656713  0.766456     0.003641    0.008815   -0.000001  
     -0.854064  0.352726  2.735765    -0.005644   -0.013675    0.000000  
      1.012216  1.745767  4.705074     0.003641    0.008817   -0.000001  
      2.074683  1.306971  1.895513     0.002070    0.005062    0.000003  
      0.000000  0.000000  0.000000     0.002642    0.006397    0.000000  
     -3.805989  3.735670  4.508680     0.014433    0.034931   -0.000001  
     -2.845452  3.338971  1.748498     0.014701    0.035588    0.000001  
      0.763430  1.848514  0.000000    -0.090304   -0.218649   -0.000001  
      2.664185  1.063509  3.723032     0.014695    0.035589    0.000001  
      3.624723  0.666810  0.962850     0.014438    0.034940   -0.000005  
 
   4 f  =   18.100789 THz   113.730613 2PiTHz  603.777337 cm-1    74.858815 meV
             X         Y         Z           dx          dy          dz
     -2.255950  3.095509  3.576016     0.031339   -0.012935   -0.020272  
     -1.193482  2.656713  0.766456    -0.009141    0.003777   -0.041554  
     -0.854064  0.352726  2.735765    -0.000010    0.000003   -0.000019  
      1.012216  1.745767  4.705074     0.009153   -0.003780    0.041567  
      2.074683  1.306971  1.895513    -0.031332    0.012928    0.020302  
      0.000000  0.000000  0.000000    -0.000001    0.000001    0.000001  
     -3.805989  3.735670  4.508680    -0.116292    0.048028    0.041578  
     -2.845452  3.338971  1.748498     0.035553   -0.014681    0.104565  
      0.763430  1.848514  0.000000     0.000002    0.000002    0.000001  
      2.664185  1.063509  3.723032    -0.035563    0.014687   -0.104570  
      3.624723  0.666810  0.962850     0.116314   -0.048038   -0.041589  
 
   5 f  =   16.972181 THz   106.639358 2PiTHz  566.131016 cm-1    70.191269 meV
             X         Y         Z           dx          dy          dz
     -2.255950  3.095509  3.576016     0.119811   -0.049458   -0.044760  
     -1.193482  2.656713  0.766456     0.064999   -0.026843    0.039555  
     -0.854064  0.352726  2.735765    -0.091622    0.037842   -0.222105  
      1.012216  1.745767  4.705074     0.064994   -0.026844    0.039544  
      2.074683  1.306971  1.895513     0.119804   -0.049459   -0.044733  
      0.000000  0.000000  0.000000    -0.004725    0.001952   -0.000840  
     -3.805989  3.735670  4.508680    -0.070930    0.029295    0.051871  
     -2.845452  3.338971  1.748498     0.024219   -0.010006    0.004488  
      0.763430  1.848514  0.000000     0.042403   -0.017527   -0.015709  
      2.664185  1.063509  3.723032     0.024217   -0.010001    0.004483  
      3.624723  0.666810  0.962850    -0.070933    0.029296    0.051872  
 
   6 f  =   16.324180 THz   102.567846 2PiTHz  544.516021 cm-1    67.511352 meV
             X         Y         Z           dx          dy          dz
     -2.255950  3.095509  3.576016    -0.011169    0.004617    0.112759  
     -1.193482  2.656713  0.766456     0.021204   -0.008754   -0.005153  
     -0.854064  0.352726  2.735765    -0.003625    0.001498   -0.112413  
      1.012216  1.745767  4.705074     0.021204   -0.008762   -0.005158  
      2.074683  1.306971  1.895513    -0.011157    0.004605    0.112766  
      0.000000  0.000000  0.000000     0.000272   -0.000112    0.011086  
     -3.805989  3.735670  4.508680     0.031960   -0.013201    0.029265  
     -2.845452  3.338971  1.748498    -0.050653    0.020922   -0.130053  
      0.763430  1.848514  0.000000     0.028175   -0.011635    0.037490  
      2.664185  1.063509  3.723032    -0.050645    0.020913   -0.130033  
      3.624723  0.666810  0.962850     0.031952   -0.013195    0.029271  
 
   7 f  =   16.141990 THz   101.423114 2PiTHz  538.438827 cm-1    66.757876 meV
             X         Y         Z           dx          dy          dz
     -2.255950  3.095509  3.576016    -0.065899    0.027188    0.211297  
     -1.193482  2.656713  0.766456    -0.045799    0.018897   -0.129629  
     -0.854064  0.352726  2.735765    -0.000008    0.000002   -0.000010  
      1.012216  1.745767  4.705074     0.045779   -0.018891    0.129614  
      2.074683  1.306971  1.895513     0.065928   -0.027202   -0.211329  
      0.000000  0.000000  0.000000     0.000001   -0.000000   -0.000000  
     -3.805989  3.735670  4.508680    -0.032155    0.013278   -0.045282  
     -2.845452  3.338971  1.748498    -0.041682    0.017211   -0.004289  
      0.763430  1.848514  0.000000    -0.000002   -0.000002    0.000010  
      2.664185  1.063509  3.723032     0.041678   -0.017208    0.004288  
      3.624723  0.666810  0.962850     0.032151   -0.013278    0.045298  
 
   8 f  =   15.441339 THz    97.020792 2PiTHz  515.067613 cm-1    63.860216 meV
             X         Y         Z           dx          dy          dz
     -2.255950  3.095509  3.576016    -0.178475    0.073636    0.036066  
     -1.193482  2.656713  0.766456     0.025955   -0.010775   -0.055578  
     -0.854064  0.352726  2.735765     0.046953   -0.019395   -0.216557  
      1.012216  1.745767  4.705074     0.026007   -0.010673   -0.055566  
      2.074683  1.306971  1.895513    -0.178436    0.073711    0.036055  
      0.000000  0.000000  0.000000    -0.001815    0.000749    0.004788  
     -3.805989  3.735670  4.508680     0.007310   -0.003013    0.013355  
     -2.845452  3.338971  1.748498     0.055013   -0.022708    0.030794  
      0.763430  1.848514  0.000000    -0.007216    0.002994   -0.046398  
      2.664185  1.063509  3.723032     0.055015   -0.022722    0.030796  
      3.624723  0.666810  0.962850     0.007309   -0.003027    0.013360  
 
   9 f  =   15.333342 THz    96.342228 2PiTHz  511.465230 cm-1    63.413578 meV
             X         Y         Z           dx          dy          dz
     -2.255950  3.095509  3.576016    -0.063587   -0.154003   -0.000027  
     -1.193482  2.656713  0.766456    -0.087730   -0.212422    0.000028  
     -0.854064  0.352726  2.735765    -0.000018    0.000007    0.000049  
      1.012216  1.745767  4.705074     0.087712    0.212427   -0.000005  
      2.074683  1.306971  1.895513     0.063682    0.153965    0.000014  
      0.000000  0.000000  0.000000     0.000000   -0.000000   -0.000002  
     -3.805989  3.735670  4.508680     0.006570    0.015894    0.000009  
     -2.845452  3.338971  1.748498     0.009813    0.023771    0.000002  
      0.763430  1.848514  0.000000     0.000002   -0.000001    0.000014  
      2.664185  1.063509  3.723032    -0.009839   -0.023758   -0.000019  
      3.624723  0.666810  0.962850    -0.006571   -0.015895   -0.000010  
 
  10 f  =   15.053375 THz    94.583146 2PiTHz  502.126549 cm-1    62.255730 meV
             X         Y         Z           dx          dy          dz
     -2.255950  3.095509  3.576016    -0.024537    0.010136   -0.164734  
     -1.193482  2.656713  0.766456    -0.133981    0.055334    0.055310  
     -0.854064  0.352726  2.735765     0.108868   -0.044962   -0.069909  
      1.012216  1.745767  4.705074    -0.133997    0.055342    0.055290  
      2.074683  1.306971  1.895513    -0.024560    0.010151   -0.164719  
      0.000000  0.000000  0.000000     0.015805   -0.006527    0.017827  
     -3.805989  3.735670  4.508680    -0.019648    0.008117    0.019027  
     -2.845452  3.338971  1.748498    -0.011848    0.004891   -0.049147  
      0.763430  1.848514  0.000000    -0.037515    0.015493   -0.032807  
      2.664185  1.063509  3.723032    -0.011846    0.004895   -0.049168  
      3.624723  0.666810  0.962850    -0.019644    0.008110    0.019036  
 
  11 f  =   14.288658 THz    89.778287 2PiTHz  476.618333 cm-1    59.093115 meV
             X         Y         Z           dx          dy          dz
     -2.255950  3.095509  3.576016     0.051889   -0.021392    0.015958  
     -1.193482  2.656713  0.766456    -0.140286    0.057934   -0.139567  
     -0.854064  0.352726  2.735765    -0.110135    0.045479   -0.072389  
      1.012216  1.745767  4.705074    -0.140335    0.057936   -0.139604  
      2.074683  1.306971  1.895513     0.051860   -0.021391    0.015909  
      0.000000  0.000000  0.000000     0.004979   -0.002056   -0.011120  
     -3.805989  3.735670  4.508680     0.044691   -0.018451    0.064030  
     -2.845452  3.338971  1.748498    -0.002492    0.001030    0.033833  
      0.763430  1.848514  0.000000    -0.032840    0.013560    0.049991  
      2.664185  1.063509  3.723032    -0.002536    0.001039    0.033843  
      3.624723  0.666810  0.962850     0.044671   -0.018454    0.063973  
 
  12 f  =   13.765308 THz    86.489979 2PiTHz  459.161238 cm-1    56.928712 meV
             X         Y         Z           dx          dy          dz
     -2.255950  3.095509  3.576016     0.018036   -0.007410   -0.028125  
     -1.193482  2.656713  0.766456     0.099094   -0.040960    0.110318  
     -0.854064  0.352726  2.735765    -0.000019    0.000011    0.000001  
      1.012216  1.745767  4.705074    -0.099114    0.040967   -0.110365  
      2.074683  1.306971  1.895513    -0.018018    0.007412    0.028147  
      0.000000  0.000000  0.000000    -0.000000    0.000000   -0.000003  
     -3.805989  3.735670  4.508680    -0.045340    0.018722   -0.113564  
     -2.845452  3.338971  1.748498    -0.069871    0.028861    0.029821  
      0.763430  1.848514  0.000000    -0.000003   -0.000003    0.000008  
      2.664185  1.063509  3.723032     0.069872   -0.028865   -0.029806  
      3.624723  0.666810  0.962850     0.045354   -0.018730    0.113577  
 
  13 f  =   13.598704 THz    85.443177 2PiTHz  453.603941 cm-1    56.239696 meV
             X         Y         Z           dx          dy          dz
     -2.255950  3.095509  3.576016    -0.062783    0.025907   -0.167539  
     -1.193482  2.656713  0.766456    -0.167186    0.069058   -0.078782  
     -0.854064  0.352726  2.735765    -0.000023    0.000010   -0.000006  
      1.012216  1.745767  4.705074     0.167104   -0.069034    0.078737  
      2.074683  1.306971  1.895513     0.062813   -0.025917    0.167554  
      0.000000  0.000000  0.000000     0.000002   -0.000000   -0.000002  
     -3.805989  3.735670  4.508680    -0.004200    0.001725   -0.049384  
     -2.845452  3.338971  1.748498    -0.039380    0.016250    0.007708  
      0.763430  1.848514  0.000000    -0.000010   -0.000000    0.000001  
      2.664185  1.063509  3.723032     0.039382   -0.016251   -0.007691  
      3.624723  0.666810  0.962850     0.004213   -0.001739    0.049406  
 
  14 f  =   12.888074 THz    80.978154 2PiTHz  429.899858 cm-1    53.300765 meV
             X         Y         Z           dx          dy          dz
     -2.255950  3.095509  3.576016    -0.231089    0.094693    0.011832  
     -1.193482  2.656713  0.766456    -0.000243    0.000685    0.127420  
     -0.854064  0.352726  2.735765     0.000005   -0.000006   -0.000001  
      1.012216  1.745767  4.705074     0.000248   -0.000662   -0.127407  
      2.074683  1.306971  1.895513     0.231081   -0.094709   -0.011840  
      0.000000  0.000000  0.000000     0.000000   -0.000000    0.000001  
     -3.805989  3.735670  4.508680    -0.015486    0.006461    0.032895  
     -2.845452  3.338971  1.748498     0.009635   -0.004088    0.013200  
      0.763430  1.848514  0.000000    -0.000002   -0.000001   -0.000003  
      2.664185  1.063509  3.723032    -0.009634    0.004089   -0.013198  
      3.624723  0.666810  0.962850     0.015479   -0.006466   -0.032898  
 
  15 f  =   12.628061 THz    79.344448 2PiTHz  421.226777 cm-1    52.225441 meV
             X         Y         Z           dx          dy          dz
     -2.255950  3.095509  3.576016    -0.085075   -0.207956   -0.000047  
     -1.193482  2.656713  0.766456     0.064127    0.155072   -0.000390  
     -0.854064  0.352726  2.735765    -0.000003    0.000001    0.000004  
      1.012216  1.745767  4.705074    -0.064119   -0.155071    0.000395  
      2.074683  1.306971  1.895513     0.085078    0.207958    0.000052  
      0.000000  0.000000  0.000000    -0.000000    0.000000   -0.000000  
     -3.805989  3.735670  4.508680     0.015235    0.036756   -0.000108  
     -2.845452  3.338971  1.748498    -0.003889   -0.009314   -0.000026  
      0.763430  1.848514  0.000000    -0.000001   -0.000002   -0.000005  
      2.664185  1.063509  3.723032     0.003885    0.009314    0.000026  
      3.624723  0.666810  0.962850    -0.015234   -0.036758    0.000112  
 
  16 f  =   12.549761 THz    78.852477 2PiTHz  418.614983 cm-1    51.901620 meV
             X         Y         Z           dx          dy          dz
     -2.255950  3.095509  3.576016     0.053818    0.130365    0.000018  
     -1.193482  2.656713  0.766456    -0.092099   -0.223012    0.000013  
     -0.854064  0.352726  2.735765     0.025749    0.062263   -0.000009  
      1.012216  1.745767  4.705074    -0.092101   -0.223015    0.000000  
      2.074683  1.306971  1.895513     0.053840    0.130354    0.000013  
      0.000000  0.000000  0.000000     0.000467    0.001134    0.000002  
     -3.805989  3.735670  4.508680     0.011384    0.027571   -0.000011  
     -2.845452  3.338971  1.748498    -0.004418   -0.010723    0.000000  
      0.763430  1.848514  0.000000    -0.000111   -0.000263   -0.000010  
      2.664185  1.063509  3.723032    -0.004422   -0.010729   -0.000001  
      3.624723  0.666810  0.962850     0.011385    0.027565   -0.000020  
 
  17 f  =   11.186285 THz    70.285501 2PiTHz  373.134301 cm-1    46.262736 meV
             X         Y         Z           dx          dy          dz
     -2.255950  3.095509  3.576016     0.020528    0.049811    0.000047  
     -1.193482  2.656713  0.766456     0.008430    0.020897    0.000237  
     -0.854064  0.352726  2.735765     0.000006   -0.000005    0.000023  
      1.012216  1.745767  4.705074    -0.008309   -0.020926   -0.000267  
      2.074683  1.306971  1.895513    -0.020551   -0.049793   -0.000169  
      0.000000  0.000000  0.000000    -0.000003    0.000002   -0.000001  
     -3.805989  3.735670  4.508680     0.042794    0.103622    0.000013  
     -2.845452  3.338971  1.748498     0.050368    0.121909    0.000006  
      0.763430  1.848514  0.000000    -0.000006   -0.000003    0.000008  
      2.664185  1.063509  3.723032    -0.050393   -0.121901   -0.000008  
      3.624723  0.666810  0.962850    -0.042765   -0.103639    0.000035  
 
  18 f  =   10.905444 THz    68.520928 2PiTHz  363.766468 cm-1    45.101274 meV
             X         Y         Z           dx          dy          dz
     -2.255950  3.095509  3.576016     0.080752   -0.033514    0.087638  
     -1.193482  2.656713  0.766456    -0.173970    0.071822    0.168155  
     -0.854064  0.352726  2.735765     0.000049   -0.000045    0.000059  
      1.012216  1.745767  4.705074     0.174334   -0.072018   -0.168445  
      2.074683  1.306971  1.895513    -0.080839    0.033476   -0.088063  
      0.000000  0.000000  0.000000    -0.000011    0.000004    0.000005  
     -3.805989  3.735670  4.508680    -0.009004    0.003591   -0.022891  
     -2.845452  3.338971  1.748498     0.026884   -0.011260    0.000847  
      0.763430  1.848514  0.000000     0.000024   -0.000003   -0.000000  
      2.664185  1.063509  3.723032    -0.027028    0.011345   -0.000828  
      3.624723  0.666810  0.962850     0.009122   -0.003618    0.023056  
 
  19 f  =   10.866704 THz    68.277513 2PiTHz  362.474217 cm-1    44.941055 meV
             X         Y         Z           dx          dy          dz
     -2.255950  3.095509  3.576016    -0.074769   -0.180296   -0.001865  
     -1.193482  2.656713  0.766456    -0.043319   -0.109503   -0.001278  
     -0.854064  0.352726  2.735765    -0.050410   -0.123261    0.000537  
      1.012216  1.745767  4.705074    -0.043391   -0.109482   -0.001217  
      2.074683  1.306971  1.895513    -0.074735   -0.180304   -0.001827  
      0.000000  0.000000  0.000000    -0.000030    0.000172    0.000041  
     -3.805989  3.735670  4.508680     0.026236    0.062150    0.000760  
     -2.845452  3.338971  1.748498     0.020827    0.052365    0.000100  
      0.763430  1.848514  0.000000     0.013958    0.033312   -0.000064  
      2.664185  1.063509  3.723032     0.020833    0.052342    0.000100  
      3.624723  0.666810  0.962850     0.026236    0.062157    0.000758  
 
  20 f  =   10.844757 THz    68.139620 2PiTHz  361.742167 cm-1    44.850292 meV
             X         Y         Z           dx          dy          dz
     -2.255950  3.095509  3.576016     0.019250   -0.010465    0.151510  
     -1.193482  2.656713  0.766456    -0.132766    0.053324    0.105306  
     -0.854064  0.352726  2.735765    -0.040556    0.014930   -0.043010  
      1.012216  1.745767  4.705074    -0.132300    0.053117    0.104837  
      2.074683  1.306971  1.895513     0.019005   -0.010408    0.151243  
      0.000000  0.000000  0.000000     0.007330   -0.003026   -0.003819  
     -3.805989  3.735670  4.508680    -0.040047    0.017479   -0.061088  
     -2.845452  3.338971  1.748498     0.056119   -0.022394   -0.008669  
      0.763430  1.848514  0.000000    -0.014409    0.006428    0.006467  
      2.664185  1.063509  3.723032     0.056011   -0.022431   -0.008659  
      3.624723  0.666810  0.962850    -0.040054    0.017379   -0.061020  
 
  21 f  =   10.086515 THz    63.375446 2PiTHz  336.449942 cm-1    41.714458 meV
             X         Y         Z           dx          dy          dz
     -2.255950  3.095509  3.576016     0.049504    0.119886   -0.000031  
     -1.193482  2.656713  0.766456     0.013443    0.032448   -0.000014  
     -0.854064  0.352726  2.735765    -0.134425   -0.325541    0.000019  
      1.012216  1.745767  4.705074     0.013449    0.032455   -0.000015  
      2.074683  1.306971  1.895513     0.049503    0.119877   -0.000029  
      0.000000  0.000000  0.000000    -0.002286   -0.005522    0.000002  
     -3.805989  3.735670  4.508680     0.010582    0.025583    0.000011  
     -2.845452  3.338971  1.748498     0.000367    0.000879   -0.000007  
      0.763430  1.848514  0.000000     0.007162    0.017361   -0.000007  
      2.664185  1.063509  3.723032     0.000379    0.000903   -0.000007  
      3.624723  0.666810  0.962850     0.010574    0.025560    0.000011  
 
  22 f  =    9.777792 THz    61.435680 2PiTHz  326.152039 cm-1    40.437681 meV
             X         Y         Z           dx          dy          dz
     -2.255950  3.095509  3.576016    -0.016985   -0.041088   -0.000010  
     -1.193482  2.656713  0.766456     0.015457    0.037442    0.000013  
     -0.854064  0.352726  2.735765    -0.000012   -0.000027   -0.000007  
      1.012216  1.745767  4.705074    -0.015464   -0.037417    0.000016  
      2.074683  1.306971  1.895513     0.016985    0.041138   -0.000008  
      0.000000  0.000000  0.000000    -0.000001   -0.000001   -0.000003  
     -3.805989  3.735670  4.508680    -0.049483   -0.119807   -0.000003  
     -2.845452  3.338971  1.748498     0.043682    0.105732   -0.000001  
      0.763430  1.848514  0.000000    -0.000001    0.000007    0.000038  
      2.664185  1.063509  3.723032    -0.043653   -0.105748   -0.000007  
      3.624723  0.666810  0.962850     0.049474    0.119807   -0.000004  
 
  23 f  =    9.592118 THz    60.269057 2PiTHz  319.958626 cm-1    39.669796 meV
             X         Y         Z           dx          dy          dz
     -2.255950  3.095509  3.576016    -0.061735    0.025533   -0.045503  
     -1.193482  2.656713  0.766456     0.016073   -0.006639    0.113040  
     -0.854064  0.352726  2.735765    -0.178640    0.073830    0.105830  
      1.012216  1.745767  4.705074     0.016077   -0.006630    0.113041  
      2.074683  1.306971  1.895513    -0.061734    0.025530   -0.045507  
      0.000000  0.000000  0.000000    -0.005983    0.002472   -0.011428  
     -3.805989  3.735670  4.508680     0.039325   -0.016265    0.066518  
     -2.845452  3.338971  1.748498     0.063943   -0.026437   -0.043451  
      0.763430  1.848514  0.000000    -0.037736    0.015579   -0.007434  
      2.664185  1.063509  3.723032     0.063958   -0.026400   -0.043454  
      3.624723  0.666810  0.962850     0.039328   -0.016259    0.066517  
 
  24 f  =    8.012980 THz    50.347036 2PiTHz  267.284232 cm-1    33.139006 meV
             X         Y         Z           dx          dy          dz
     -2.255950  3.095509  3.576016     0.024721   -0.010229   -0.006785  
     -1.193482  2.656713  0.766456    -0.065261    0.026957   -0.065859  
     -0.854064  0.352726  2.735765    -0.045404    0.018754    0.070637  
      1.012216  1.745767  4.705074    -0.065264    0.026951   -0.065862  
      2.074683  1.306971  1.895513     0.024722   -0.010230   -0.006802  
      0.000000  0.000000  0.000000    -0.017222    0.007112    0.019928  
     -3.805989  3.735670  4.508680     0.020492   -0.008453   -0.009991  
     -2.845452  3.338971  1.748498     0.033171   -0.013681   -0.022141  
      0.763430  1.848514  0.000000     0.135143   -0.055810   -0.132670  
      2.664185  1.063509  3.723032     0.033147   -0.013710   -0.022136  
      3.624723  0.666810  0.962850     0.020499   -0.008446   -0.009987  
 
  25 f  =    7.748311 THz    48.684077 2PiTHz  258.455851 cm-1    32.044427 meV
             X         Y         Z           dx          dy          dz
     -2.255950  3.095509  3.576016    -0.010774   -0.026101    0.000007  
     -1.193482  2.656713  0.766456     0.016530    0.040030    0.000010  
     -0.854064  0.352726  2.735765     0.013283    0.032132   -0.000001  
      1.012216  1.745767  4.705074     0.016548    0.040025    0.000001  
      2.074683  1.306971  1.895513    -0.010776   -0.026098    0.000004  
      0.000000  0.000000  0.000000    -0.000074   -0.000181   -0.000001  
     -3.805989  3.735670  4.508680     0.044951    0.108827    0.000014  
     -2.845452  3.338971  1.748498    -0.048510   -0.117443    0.000003  
      0.763430  1.848514  0.000000    -0.001470   -0.003499   -0.000002  
      2.664185  1.063509  3.723032    -0.048488   -0.117454   -0.000008  
      3.624723  0.666810  0.962850     0.044947    0.108830   -0.000002  
 
  26 f  =    7.686330 THz    48.294634 2PiTHz  256.388362 cm-1    31.788091 meV
             X         Y         Z           dx          dy          dz
     -2.255950  3.095509  3.576016    -0.054469    0.022525    0.038057  
     -1.193482  2.656713  0.766456     0.003862   -0.001590    0.019699  
     -0.854064  0.352726  2.735765    -0.172442    0.071201    0.012192  
      1.012216  1.745767  4.705074     0.003860   -0.001594    0.019695  
      2.074683  1.306971  1.895513    -0.054471    0.022525    0.038041  
      0.000000  0.000000  0.000000     0.029383   -0.012136    0.000473  
     -3.805989  3.735670  4.508680    -0.027040    0.011153    0.006519  
     -2.845452  3.338971  1.748498    -0.082781    0.034199    0.026998  
      0.763430  1.848514  0.000000    -0.009676    0.003995   -0.120457  
      2.664185  1.063509  3.723032    -0.082810    0.034171    0.027010  
      3.624723  0.666810  0.962850    -0.027024    0.011173    0.006532  
 
  27 f  =    7.124587 THz    44.765101 2PiTHz  237.650643 cm-1    29.464911 meV
             X         Y         Z           dx          dy          dz
     -2.255950  3.095509  3.576016     0.092053   -0.038049    0.054218  
     -1.193482  2.656713  0.766456     0.044561   -0.018408   -0.052944  
     -0.854064  0.352726  2.735765     0.057803   -0.023861    0.018727  
      1.012216  1.745767  4.705074     0.044502   -0.018385   -0.052875  
      2.074683  1.306971  1.895513     0.092122   -0.038075    0.054261  
      0.000000  0.000000  0.000000    -0.003941    0.001629    0.012570  
     -3.805989  3.735670  4.508680     0.009548   -0.003964    0.008697  
     -2.845452  3.338971  1.748498     0.027175   -0.011195   -0.023741  
      0.763430  1.848514  0.000000    -0.153613    0.063442   -0.120646  
      2.664185  1.063509  3.723032     0.026897   -0.011103   -0.023571  
      3.624723  0.666810  0.962850     0.009659   -0.003986    0.008890  
 
  28 f  =    7.092683 THz    44.564642 2PiTHz  236.586440 cm-1    29.332967 meV
             X         Y         Z           dx          dy          dz
     -2.255950  3.095509  3.576016     0.031821   -0.013145    0.025793  
     -1.193482  2.656713  0.766456    -0.025609    0.010572    0.031856  
     -0.854064  0.352726  2.735765     0.000038   -0.000021    0.000023  
      1.012216  1.745767  4.705074     0.025708   -0.010621   -0.031994  
      2.074683  1.306971  1.895513    -0.031613    0.013061   -0.025660  
      0.000000  0.000000  0.000000    -0.000002    0.000002    0.000016  
     -3.805989  3.735670  4.508680     0.043860   -0.018128    0.083085  
     -2.845452  3.338971  1.748498    -0.115472    0.047693    0.071484  
      0.763430  1.848514  0.000000    -0.000178    0.000072   -0.000147  
      2.664185  1.063509  3.723032     0.115542   -0.047699   -0.071545  
      3.624723  0.666810  0.962850    -0.043857    0.018102   -0.083081  
 
  29 f  =    5.547285 THz    34.854618 2PiTHz  185.037499 cm-1    22.941716 meV
             X         Y         Z           dx          dy          dz
     -2.255950  3.095509  3.576016    -0.022732    0.009387   -0.067757  
     -1.193482  2.656713  0.766456     0.033284   -0.013746   -0.111991  
     -0.854064  0.352726  2.735765    -0.174337    0.072005    0.007300  
      1.012216  1.745767  4.705074     0.033278   -0.013745   -0.111980  
      2.074683  1.306971  1.895513    -0.022720    0.009385   -0.067738  
      0.000000  0.000000  0.000000     0.009083   -0.003751    0.026248  
     -3.805989  3.735670  4.508680    -0.033387    0.013796   -0.077019  
     -2.845452  3.338971  1.748498     0.029198   -0.012072   -0.039541  
      0.763430  1.848514  0.000000    -0.036962    0.015264    0.068697  
      2.664185  1.063509  3.723032     0.029185   -0.012052   -0.039534  
      3.624723  0.666810  0.962850    -0.033386    0.013781   -0.077008  
 
  30 f  =    3.586039 THz    22.531747 2PiTHz  119.617383 cm-1    14.830659 meV
             X         Y         Z           dx          dy          dz
     -2.255950  3.095509  3.576016     0.024288    0.058821   -0.000004  
     -1.193482  2.656713  0.766456     0.025338    0.061344   -0.000000  
     -0.854064  0.352726  2.735765     0.046849    0.113452    0.000000  
      1.012216  1.745767  4.705074     0.025342    0.061342    0.000000  
      2.074683  1.306971  1.895513     0.024294    0.058817   -0.000001  
      0.000000  0.000000  0.000000    -0.017086   -0.041371    0.000000  
     -3.805989  3.735670  4.508680     0.030333    0.073444   -0.000001  
     -2.845452  3.338971  1.748498     0.031661    0.076676    0.000002  
      0.763430  1.848514  0.000000     0.014432    0.034959    0.000002  
      2.664185  1.063509  3.723032     0.031667    0.076674   -0.000001  
      3.624723  0.666810  0.962850     0.030332    0.073441   -0.000000  
 
  31 fi =    0.002293 THz     0.014405 2PiTHz    0.076473 cm-1     0.009481 meV
             X         Y         Z           dx          dy          dz
     -2.255950  3.095509  3.576016     0.023338    0.053720   -0.001858  
     -1.193482  2.656713  0.766456     0.023347    0.053728   -0.001853  
     -0.854064  0.352726  2.735765     0.023334    0.053711   -0.001854  
      1.012216  1.745767  4.705074     0.023351    0.053727   -0.001853  
      2.074683  1.306971  1.895513     0.023342    0.053718   -0.001856  
      0.000000  0.000000  0.000000     0.023355    0.053748   -0.001856  
     -3.805989  3.735670  4.508680     0.023349    0.053734   -0.001858  
     -2.845452  3.338971  1.748498     0.023327    0.053681   -0.001856  
      0.763430  1.848514  0.000000     0.023346    0.053732   -0.001856  
      2.664185  1.063509  3.723032     0.023328    0.053681   -0.001856  
      3.624723  0.666810  0.962850     0.023349    0.053733   -0.001857  
 
  32 fi =    0.004969 THz     0.031224 2PiTHz    0.165762 cm-1     0.020552 meV
             X         Y         Z           dx          dy          dz
     -2.255950  3.095509  3.576016    -0.048667    0.021987    0.024175  
     -1.193482  2.656713  0.766456    -0.048665    0.021981    0.024175  
     -0.854064  0.352726  2.735765    -0.048609    0.021956    0.024154  
      1.012216  1.745767  4.705074    -0.048664    0.021981    0.024174  
      2.074683  1.306971  1.895513    -0.048668    0.021987    0.024175  
      0.000000  0.000000  0.000000    -0.048662    0.021981    0.024173  
     -3.805989  3.735670  4.508680    -0.048665    0.021982    0.024188  
     -2.845452  3.338971  1.748498    -0.048731    0.022004    0.024209  
      0.763430  1.848514  0.000000    -0.048589    0.021950    0.024206  
      2.664185  1.063509  3.723032    -0.048730    0.022003    0.024210  
      3.624723  0.666810  0.962850    -0.048665    0.021982    0.024187  
 
  33 fi =    0.007795 THz     0.048977 2PiTHz    0.260010 cm-1     0.032237 meV
             X         Y         Z           dx          dy          dz
     -2.255950  3.095509  3.576016     0.022863   -0.008095    0.053320  
     -1.193482  2.656713  0.766456     0.022915   -0.008113    0.053307  
     -0.854064  0.352726  2.735765     0.022856   -0.008089    0.053347  
      1.012216  1.745767  4.705074     0.022915   -0.008113    0.053305  
      2.074683  1.306971  1.895513     0.022861   -0.008093    0.053318  
      0.000000  0.000000  0.000000     0.022864   -0.008092    0.053364  
     -3.805989  3.735670  4.508680     0.022910   -0.008111    0.053408  
     -2.845452  3.338971  1.748498     0.022841   -0.008082    0.053375  
      0.763430  1.848514  0.000000     0.022743   -0.008042    0.053388  
      2.664185  1.063509  3.723032     0.022844   -0.008084    0.053375  
      3.624723  0.666810  0.962850     0.022909   -0.008110    0.053406  
 
