 Eigenvectors and eigenvalues of the dynamical matrix
 ----------------------------------------------------
 
 
   1 f  =   22.877268 THz   143.742114 2PiTHz  763.103521 cm-1    94.612736 meV
             X         Y         Z           dx          dy          dz
      3.905845  3.521830  2.428063    -0.002903   -0.001728   -0.000001  
      1.460912  2.061451  2.427956    -0.008807   -0.005247   -0.000006  
      2.232266  3.678707  4.899183    -0.002905   -0.001726   -0.000002  
      4.677388  5.138767  4.899076    -0.008800   -0.005261    0.000005  
      6.470175  5.053106  2.427944    -0.001200   -0.000716   -0.000000  
     -0.331894  2.147145  4.899065    -0.001200   -0.000717    0.000000  
      2.915417  5.188929  3.711964    -0.023821   -0.036194   -0.053491  
      2.252268  3.636511  1.240844    -0.043162   -0.003806    0.053492  
      5.673260  3.609352  3.667979     0.054593    0.101239   -0.092045  
      3.222907  2.011347  3.615035    -0.023853   -0.036204   -0.053512  
      2.335202  0.459424  1.196858     0.115024    0.000058    0.092046  
      4.904063  1.858996  1.143914    -0.043185   -0.003834    0.053511  
 
   2 f  =   18.422868 THz   115.754293 2PiTHz  614.520724 cm-1    76.190825 meV
             X         Y         Z           dx          dy          dz
      3.905845  3.521830  2.428063     0.012469   -0.020885    0.023584  
      1.460912  2.061451  2.427956     0.006293   -0.010514    0.009423  
      2.232266  3.678707  4.899183     0.012483   -0.020881    0.023593  
      4.677388  5.138767  4.899076     0.006275   -0.010526    0.009431  
      6.470175  5.053106  2.427944     0.000986   -0.001648    0.003066  
     -0.331894  2.147145  4.899065     0.000983   -0.001650    0.003067  
      2.915417  5.188929  3.711964     0.012838   -0.009465    0.021556  
      2.252268  3.636511  1.240844     0.002246   -0.015788    0.021558  
      5.673260  3.609352  3.667979     0.078391    0.122202   -0.089781  
      3.222907  2.011347  3.615035     0.012950   -0.009526    0.021582  
      2.335202  0.459424  1.196858    -0.144762   -0.011069   -0.089779  
      4.904063  1.858996  1.143914     0.002241   -0.015921    0.021590  
 
   3 f  =   17.658149 THz   110.949425 2PiTHz  589.012463 cm-1    73.028205 meV
             X         Y         Z           dx          dy          dz
      3.905845  3.521830  2.428063     0.021200    0.012593    0.000033  
      1.460912  2.061451  2.427956    -0.017381   -0.010374    0.000007  
      2.232266  3.678707  4.899183    -0.021201   -0.012641    0.000032  
      4.677388  5.138767  4.899076     0.017406    0.010369    0.000029  
      6.470175  5.053106  2.427944    -0.002992   -0.001790    0.000002  
     -0.331894  2.147145  4.899065     0.002992    0.001786    0.000004  
      2.915417  5.188929  3.711964     0.099264   -0.073206    0.012574  
      2.252268  3.636511  1.240844     0.017382   -0.122051    0.012583  
      5.673260  3.609352  3.667979     0.000046    0.000078   -0.000042  
      3.222907  2.011347  3.615035    -0.099280    0.073183   -0.012597  
      2.335202  0.459424  1.196858    -0.000085   -0.000009   -0.000042  
      4.904063  1.858996  1.143914    -0.017355    0.122084   -0.012609  
 
   4 f  =   17.155129 THz   107.788856 2PiTHz  572.233519 cm-1    70.947882 meV
             X         Y         Z           dx          dy          dz
      3.905845  3.521830  2.428063    -0.007528    0.012612    0.115640  
      1.460912  2.061451  2.427956     0.015060   -0.025279    0.099574  
      2.232266  3.678707  4.899183     0.007545   -0.012637   -0.115627  
      4.677388  5.138767  4.899076    -0.015100    0.025246   -0.099570  
      6.470175  5.053106  2.427944    -0.001725    0.002884    0.012791  
     -0.331894  2.147145  4.899065     0.001722   -0.002884   -0.012791  
      2.915417  5.188929  3.711964    -0.084364    0.049687    0.021902  
      2.252268  3.636511  1.240844     0.003755   -0.097882   -0.021900  
      5.673260  3.609352  3.667979     0.000017    0.000046   -0.000014  
      3.222907  2.011347  3.615035     0.084368   -0.049711   -0.021810  
      2.335202  0.459424  1.196858     0.000043   -0.000003    0.000014  
      4.904063  1.858996  1.143914    -0.003773    0.097887    0.021803  
 
   5 f  =   15.757827 THz    99.009349 2PiTHz  525.624540 cm-1    65.169108 meV
             X         Y         Z           dx          dy          dz
      3.905845  3.521830  2.428063    -0.003133   -0.002055    0.000270  
      1.460912  2.061451  2.427956     0.041540    0.024922    0.000090  
      2.232266  3.678707  4.899183    -0.003224   -0.001886   -0.000209  
      4.677388  5.138767  4.899076     0.041620    0.024778   -0.000081  
      6.470175  5.053106  2.427944     0.002415    0.001445    0.000015  
     -0.331894  2.147145  4.899065     0.002413    0.001446   -0.000016  
      2.915417  5.188929  3.711964     0.032525   -0.038441   -0.095861  
      2.252268  3.636511  1.240844    -0.018429    0.046845    0.095856  
      5.673260  3.609352  3.667979    -0.032059   -0.072054    0.024251  
      3.222907  2.011347  3.615035     0.032406   -0.038573   -0.095971  
      2.335202  0.459424  1.196858    -0.078639    0.005947   -0.024227  
      4.904063  1.858996  1.143914    -0.018555    0.046799    0.095938  
 
   6 f  =   15.134573 THz    95.093324 2PiTHz  504.835000 cm-1    62.591535 meV
             X         Y         Z           dx          dy          dz
      3.905845  3.521830  2.428063     0.064146   -0.104552    0.176450  
      1.460912  2.061451  2.427956    -0.052207    0.085238    0.050986  
      2.232266  3.678707  4.899183    -0.061637    0.105983   -0.176425  
      4.677388  5.138767  4.899076     0.050333   -0.086320   -0.050969  
      6.470175  5.053106  2.427944     0.001940   -0.003130    0.009777  
     -0.331894  2.147145  4.899065    -0.001835    0.003197   -0.009777  
      2.915417  5.188929  3.711964     0.058113   -0.000758    0.022663  
      2.252268  3.636511  1.240844     0.026458    0.051524   -0.022243  
      5.673260  3.609352  3.667979     0.000429   -0.000279    0.000419  
      3.222907  2.011347  3.615035    -0.059668    0.001262   -0.023086  
      2.335202  0.459424  1.196858    -0.000059    0.000529   -0.000396  
      4.904063  1.858996  1.143914    -0.026696   -0.053164    0.022626  
 
   7 f  =   15.084478 THz    94.778569 2PiTHz  503.164020 cm-1    62.384360 meV
             X         Y         Z           dx          dy          dz
      3.905845  3.521830  2.428063    -0.006246   -0.003300    0.000067  
      1.460912  2.061451  2.427956     0.015225    0.009032   -0.000071  
      2.232266  3.678707  4.899183     0.005950    0.004669   -0.000815  
      4.677388  5.138767  4.899076    -0.015169   -0.009722   -0.000307  
      6.470175  5.053106  2.427944     0.000868    0.000462    0.000023  
     -0.331894  2.147145  4.899065    -0.000811   -0.000518   -0.000025  
      2.915417  5.188929  3.711964    -0.043003   -0.075176   -0.089158  
      2.252268  3.636511  1.240844     0.086675    0.002265   -0.089181  
      5.673260  3.609352  3.667979     0.000062   -0.000221   -0.000136  
      3.222907  2.011347  3.615035     0.042917    0.075814    0.089484  
      2.335202  0.459424  1.196858     0.000111    0.000002   -0.000269  
      4.904063  1.858996  1.143914    -0.087309   -0.002321    0.089734  
 
   8 f  =   15.065030 THz    94.656376 2PiTHz  502.515315 cm-1    62.303930 meV
             X         Y         Z           dx          dy          dz
      3.905845  3.521830  2.428063     0.126204    0.076892   -0.001772  
      1.460912  2.061451  2.427956    -0.090861   -0.055400   -0.000569  
      2.232266  3.678707  4.899183     0.127531    0.074425    0.001882  
      4.677388  5.138767  4.899076    -0.091830   -0.053631    0.000613  
      6.470175  5.053106  2.427944     0.005646    0.003429   -0.000107  
     -0.331894  2.147145  4.899065     0.005697    0.003358    0.000106  
      2.915417  5.188929  3.711964    -0.073854    0.020282   -0.030564  
      2.252268  3.636511  1.240844    -0.017359   -0.074682    0.030788  
      5.673260  3.609352  3.667979     0.040657   -0.036473    0.043158  
      3.222907  2.011347  3.615035    -0.072957    0.019780   -0.030755  
      2.335202  0.459424  1.196858    -0.012850    0.053107   -0.043111  
      4.904063  1.858996  1.143914    -0.016873   -0.073613    0.030438  
 
   9 f  =   14.925578 THz    93.780175 2PiTHz  497.863706 cm-1    61.727205 meV
             X         Y         Z           dx          dy          dz
      3.905845  3.521830  2.428063    -0.081776    0.137104   -0.089535  
      1.460912  2.061451  2.427956     0.036768   -0.061860   -0.037938  
      2.232266  3.678707  4.899183    -0.081831    0.137095   -0.089610  
      4.677388  5.138767  4.899076     0.036966   -0.061768   -0.037961  
      6.470175  5.053106  2.427944     0.005469   -0.009157    0.000604  
     -0.331894  2.147145  4.899065     0.005476   -0.009153    0.000601  
      2.915417  5.188929  3.711964    -0.005613    0.062943    0.044602  
      2.252268  3.636511  1.240844    -0.052751    0.034750    0.044649  
      5.673260  3.609352  3.667979     0.006009   -0.028424   -0.047166  
      3.222907  2.011347  3.615035    -0.006022    0.062301    0.043743  
      2.335202  0.459424  1.196858     0.022122   -0.018701   -0.047237  
      4.904063  1.858996  1.143914    -0.052055    0.034775    0.043865  
 
  10 f  =   14.629914 THz    91.922461 2PiTHz  488.001405 cm-1    60.504436 meV
             X         Y         Z           dx          dy          dz
      3.905845  3.521830  2.428063     0.045886   -0.076050    0.040335  
      1.460912  2.061451  2.427956     0.012438   -0.021344    0.063030  
      2.232266  3.678707  4.899183    -0.045324    0.076436   -0.040366  
      4.677388  5.138767  4.899076    -0.012867    0.021064   -0.063038  
      6.470175  5.053106  2.427944     0.001142   -0.001892    0.005117  
     -0.331894  2.147145  4.899065    -0.001119    0.001901   -0.005116  
      2.915417  5.188929  3.711964    -0.035038   -0.068392   -0.083179  
      2.252268  3.636511  1.240844    -0.076817    0.001618    0.083163  
      5.673260  3.609352  3.667979     0.000083   -0.000081    0.000070  
      3.222907  2.011347  3.615035     0.034802    0.068457    0.082991  
      2.335202  0.459424  1.196858    -0.000037    0.000112   -0.000085  
      4.904063  1.858996  1.143914     0.076742   -0.001826   -0.082953  
 
  11 f  =   13.491282 THz    84.768224 2PiTHz  450.020721 cm-1    55.795433 meV
             X         Y         Z           dx          dy          dz
      3.905845  3.521830  2.428063     0.061581   -0.102465    0.162348  
      1.460912  2.061451  2.427956     0.057022   -0.095600   -0.076256  
      2.232266  3.678707  4.899183     0.061033   -0.102766    0.162335  
      4.677388  5.138767  4.899076     0.057144   -0.095520   -0.076259  
      6.470175  5.053106  2.427944    -0.003395    0.005656   -0.003411  
     -0.331894  2.147145  4.899065    -0.003372    0.005669   -0.003411  
      2.915417  5.188929  3.711964    -0.000776    0.043678    0.013266  
      2.252268  3.636511  1.240844    -0.038082    0.021412    0.013248  
      5.673260  3.609352  3.667979     0.031720   -0.053919   -0.020779  
      3.222907  2.011347  3.615035    -0.000754    0.043664    0.013206  
      2.335202  0.459424  1.196858     0.032443   -0.053512   -0.020757  
      4.904063  1.858996  1.143914    -0.038082    0.021362    0.013183  
 
  12 f  =   13.179709 THz    82.810551 2PiTHz  439.627756 cm-1    54.506870 meV
             X         Y         Z           dx          dy          dz
      3.905845  3.521830  2.428063     0.228439    0.136586   -0.000221  
      1.460912  2.061451  2.427956    -0.064861   -0.038621    0.000074  
      2.232266  3.678707  4.899183    -0.228564   -0.136379   -0.000198  
      4.677388  5.138767  4.899076     0.064799    0.038838    0.000086  
      6.470175  5.053106  2.427944    -0.009220   -0.005512    0.000003  
     -0.331894  2.147145  4.899065     0.009223    0.005499    0.000005  
      2.915417  5.188929  3.711964    -0.022427   -0.005495    0.007866  
      2.252268  3.636511  1.240844     0.015478    0.017192    0.007787  
      5.673260  3.609352  3.667979    -0.000037    0.000066    0.000028  
      3.222907  2.011347  3.615035     0.022414    0.005340   -0.007870  
      2.335202  0.459424  1.196858    -0.000033    0.000041    0.000033  
      4.904063  1.858996  1.143914    -0.015356   -0.017166   -0.007825  
 
  13 f  =   13.102254 THz    82.323892 2PiTHz  437.044164 cm-1    54.186546 meV
             X         Y         Z           dx          dy          dz
      3.905845  3.521830  2.428063    -0.096495   -0.057599   -0.000005  
      1.460912  2.061451  2.427956     0.046614    0.027704    0.000041  
      2.232266  3.678707  4.899183    -0.096519   -0.057694   -0.000005  
      4.677388  5.138767  4.899076     0.046509    0.027908   -0.000057  
      6.470175  5.053106  2.427944     0.000815    0.000495    0.000002  
     -0.331894  2.147145  4.899065     0.000822    0.000490   -0.000003  
      2.915417  5.188929  3.711964    -0.031575    0.092082   -0.035855  
      2.252268  3.636511  1.240844     0.066066   -0.071522    0.035868  
      5.673260  3.609352  3.667979    -0.019001   -0.024718   -0.053720  
      3.222907  2.011347  3.615035    -0.031537    0.092088   -0.035837  
      2.335202  0.459424  1.196858    -0.030758   -0.005005    0.053718  
      4.904063  1.858996  1.143914     0.066097   -0.071488    0.035857  
 
  14 f  =   12.605502 THz    79.202705 2PiTHz  420.474287 cm-1    52.132144 meV
             X         Y         Z           dx          dy          dz
      3.905845  3.521830  2.428063     0.008922   -0.014681   -0.037093  
      1.460912  2.061451  2.427956     0.001720   -0.002907   -0.009600  
      2.232266  3.678707  4.899183     0.008772   -0.014767   -0.037097  
      4.677388  5.138767  4.899076     0.001712   -0.002937   -0.009593  
      6.470175  5.053106  2.427944    -0.006326    0.010580   -0.002938  
     -0.331894  2.147145  4.899065    -0.006317    0.010587   -0.002937  
      2.915417  5.188929  3.711964     0.112979   -0.008394    0.029868  
      2.252268  3.636511  1.240844    -0.046214   -0.103418    0.029857  
      5.673260  3.609352  3.667979    -0.031123   -0.018018   -0.009335  
      3.222907  2.011347  3.615035     0.112805   -0.008555    0.029832  
      2.335202  0.459424  1.196858     0.030647    0.018867   -0.009363  
      4.904063  1.858996  1.143914    -0.045984   -0.103340    0.029799  
 
  15 f  =   11.988011 THz    75.322893 2PiTHz  399.876995 cm-1    49.578406 meV
             X         Y         Z           dx          dy          dz
      3.905845  3.521830  2.428063    -0.013576    0.022723    0.014519  
      1.460912  2.061451  2.427956     0.112292   -0.187884    0.116550  
      2.232266  3.678707  4.899183     0.013566   -0.022746   -0.014515  
      4.677388  5.138767  4.899076    -0.112295    0.187918   -0.116537  
      6.470175  5.053106  2.427944    -0.004572    0.007649    0.003229  
     -0.331894  2.147145  4.899065     0.004568   -0.007651   -0.003230  
      2.915417  5.188929  3.711964     0.040960   -0.028054    0.030550  
      2.252268  3.636511  1.240844    -0.005339    0.049332   -0.030605  
      5.673260  3.609352  3.667979    -0.000013    0.000023    0.000010  
      3.222907  2.011347  3.615035    -0.040899    0.027978   -0.030491  
      2.335202  0.459424  1.196858     0.000014   -0.000015   -0.000008  
      4.904063  1.858996  1.143914     0.005298   -0.049267    0.030548  
 
  16 f  =   11.741908 THz    73.776586 2PiTHz  391.667904 cm-1    48.560609 meV
             X         Y         Z           dx          dy          dz
      3.905845  3.521830  2.428063     0.064719    0.038668    0.000020  
      1.460912  2.061451  2.427956     0.129697    0.077475   -0.000115  
      2.232266  3.678707  4.899183    -0.064779   -0.038534    0.000016  
      4.677388  5.138767  4.899076    -0.129693   -0.077504    0.000119  
      6.470175  5.053106  2.427944    -0.004733   -0.002843    0.000001  
     -0.331894  2.147145  4.899065     0.004746    0.002821    0.000010  
      2.915417  5.188929  3.711964     0.050433    0.055424   -0.066992  
      2.252268  3.636511  1.240844    -0.072691   -0.018183   -0.066977  
      5.673260  3.609352  3.667979     0.000022    0.000020   -0.000006  
      3.222907  2.011347  3.615035    -0.050525   -0.055355    0.066903  
      2.335202  0.459424  1.196858    -0.000023   -0.000021   -0.000004  
      4.904063  1.858996  1.143914     0.072673    0.018311    0.066875  
 
  17 f  =   11.065425 THz    69.526113 2PiTHz  369.102833 cm-1    45.762898 meV
             X         Y         Z           dx          dy          dz
      3.905845  3.521830  2.428063    -0.060052    0.100498   -0.087152  
      1.460912  2.061451  2.427956    -0.071171    0.119224    0.191535  
      2.232266  3.678707  4.899183     0.059960   -0.100549    0.087157  
      4.677388  5.138767  4.899076     0.071147   -0.119265   -0.191549  
      6.470175  5.053106  2.427944     0.002063   -0.003451    0.007279  
     -0.331894  2.147145  4.899065    -0.002055    0.003456   -0.007279  
      2.915417  5.188929  3.711964     0.007773   -0.024300    0.007897  
      2.252268  3.636511  1.240844    -0.017768    0.018344   -0.007954  
      5.673260  3.609352  3.667979    -0.000013    0.000012    0.000025  
      3.222907  2.011347  3.615035    -0.007793    0.024293   -0.007918  
      2.335202  0.459424  1.196858    -0.000001   -0.000015   -0.000019  
      4.904063  1.858996  1.143914     0.017749   -0.018357    0.007965  
 
  18 f  =   10.780306 THz    67.734663 2PiTHz  359.592314 cm-1    44.583745 meV
             X         Y         Z           dx          dy          dz
      3.905845  3.521830  2.428063    -0.077629   -0.046292   -0.000130  
      1.460912  2.061451  2.427956     0.144422    0.085744   -0.000203  
      2.232266  3.678707  4.899183    -0.077686   -0.046197   -0.000105  
      4.677388  5.138767  4.899076     0.144397    0.085746   -0.000160  
      6.470175  5.053106  2.427944    -0.000664   -0.000354    0.000014  
     -0.331894  2.147145  4.899065    -0.000664   -0.000352    0.000019  
      2.915417  5.188929  3.711964    -0.042653   -0.019928    0.004712  
      2.252268  3.636511  1.240844    -0.037490   -0.028210   -0.004800  
      5.673260  3.609352  3.667979     0.082070    0.004309    0.079833  
      3.222907  2.011347  3.615035    -0.042579   -0.019839    0.004682  
      2.335202  0.459424  1.196858     0.042697    0.070088   -0.079809  
      4.904063  1.858996  1.143914    -0.037367   -0.028193   -0.004765  
 
  19 f  =   10.729804 THz    67.417346 2PiTHz  357.907732 cm-1    44.374883 meV
             X         Y         Z           dx          dy          dz
      3.905845  3.521830  2.428063     0.026431   -0.044524    0.058580  
      1.460912  2.061451  2.427956    -0.098053    0.164934    0.069660  
      2.232266  3.678707  4.899183     0.026380   -0.044555    0.058580  
      4.677388  5.138767  4.899076    -0.097973    0.164945    0.069659  
      6.470175  5.053106  2.427944     0.007965   -0.013352   -0.007623  
     -0.331894  2.147145  4.899065     0.007969   -0.013348   -0.007623  
      2.915417  5.188929  3.711964     0.009734    0.064582    0.019917  
      2.252268  3.636511  1.240844    -0.061642    0.021921    0.019886  
      5.673260  3.609352  3.667979    -0.022339    0.009722   -0.002792  
      3.222907  2.011347  3.615035     0.009725    0.064564    0.019886  
      2.335202  0.459424  1.196858     0.002233    0.024593   -0.003143  
      4.904063  1.858996  1.143914    -0.061614    0.021926    0.019858  
 
  20 f  =    9.933594 THz    62.414614 2PiTHz  331.349041 cm-1    41.082027 meV
             X         Y         Z           dx          dy          dz
      3.905845  3.521830  2.428063    -0.166465   -0.099371    0.000106  
      1.460912  2.061451  2.427956    -0.159795   -0.095418   -0.000046  
      2.232266  3.678707  4.899183    -0.166450   -0.099461   -0.000008  
      4.677388  5.138767  4.899076    -0.159802   -0.095329    0.000025  
      6.470175  5.053106  2.427944     0.010725    0.006400   -0.000003  
     -0.331894  2.147145  4.899065     0.010723    0.006407   -0.000002  
      2.915417  5.188929  3.711964     0.000308   -0.014448   -0.006156  
      2.252268  3.636511  1.240844    -0.012606    0.007123    0.006154  
      5.673260  3.609352  3.667979     0.023308   -0.004024    0.036117  
      3.222907  2.011347  3.615035     0.000257   -0.014526   -0.006055  
      2.335202  0.459424  1.196858     0.007506    0.022398   -0.036108  
      4.904063  1.858996  1.143914    -0.012690    0.007110    0.006075  
 
  21 f  =    9.009932 THz    56.611073 2PiTHz  300.538984 cm-1    37.262068 meV
             X         Y         Z           dx          dy          dz
      3.905845  3.521830  2.428063    -0.021506   -0.012790    0.000059  
      1.460912  2.061451  2.427956    -0.194408   -0.116353    0.000243  
      2.232266  3.678707  4.899183     0.021489    0.012884    0.000077  
      4.677388  5.138767  4.899076     0.194632    0.116022    0.000221  
      6.470175  5.053106  2.427944     0.009802    0.005845    0.000014  
     -0.331894  2.147145  4.899065    -0.009797   -0.005863    0.000011  
      2.915417  5.188929  3.711964     0.029322    0.037791   -0.053546  
      2.252268  3.636511  1.240844    -0.047108   -0.007895   -0.053497  
      5.673260  3.609352  3.667979    -0.000040    0.000029   -0.000045  
      3.222907  2.011347  3.615035    -0.029279   -0.037665    0.053304  
      2.335202  0.459424  1.196858    -0.000003    0.000079   -0.000037  
      4.904063  1.858996  1.143914     0.046990    0.007927    0.053250  
 
  22 f  =    8.410321 THz    52.843604 2PiTHz  280.538105 cm-1    34.782276 meV
             X         Y         Z           dx          dy          dz
      3.905845  3.521830  2.428063     0.022639   -0.038576    0.005411  
      1.460912  2.061451  2.427956    -0.016081    0.027299   -0.038098  
      2.232266  3.678707  4.899183    -0.023157    0.038246   -0.005411  
      4.677388  5.138767  4.899076     0.016563   -0.027106    0.038219  
      6.470175  5.053106  2.427944     0.001021   -0.001241   -0.012605  
     -0.331894  2.147145  4.899065    -0.000620    0.001482    0.012606  
      2.915417  5.188929  3.711964    -0.045987   -0.075178    0.078842  
      2.252268  3.636511  1.240844    -0.088036   -0.004846   -0.078890  
      5.673260  3.609352  3.667979    -0.001730    0.000699    0.000314  
      3.222907  2.011347  3.615035     0.044602    0.074525   -0.078865  
      2.335202  0.459424  1.196858    -0.000189   -0.001823   -0.000340  
      4.904063  1.858996  1.143914     0.086789    0.003939    0.078882  
 
  23 f  =    8.356113 THz    52.503008 2PiTHz  278.729934 cm-1    34.558092 meV
             X         Y         Z           dx          dy          dz
      3.905845  3.521830  2.428063    -0.014275   -0.007773   -0.000121  
      1.460912  2.061451  2.427956     0.025379    0.015305   -0.000368  
      2.232266  3.678707  4.899183    -0.013705   -0.008704    0.000009  
      4.677388  5.138767  4.899076     0.024977    0.016074   -0.001305  
      6.470175  5.053106  2.427944     0.014263    0.008555    0.000160  
     -0.331894  2.147145  4.899065     0.014284    0.008515   -0.000172  
      2.915417  5.188929  3.711964    -0.051852   -0.020717   -0.001867  
      2.252268  3.636511  1.240844    -0.042691   -0.035895    0.002097  
      5.673260  3.609352  3.667979    -0.127795    0.061473    0.033285  
      3.222907  2.011347  3.615035    -0.053020   -0.022672    0.000234  
      2.335202  0.459424  1.196858    -0.006647   -0.142273   -0.032956  
      4.904063  1.858996  1.143914    -0.044948   -0.035990    0.000015  
 
  24 f  =    8.337730 THz    52.387506 2PiTHz  278.116752 cm-1    34.482067 meV
             X         Y         Z           dx          dy          dz
      3.905845  3.521830  2.428063    -0.013960    0.023529   -0.010578  
      1.460912  2.061451  2.427956    -0.068439    0.113811   -0.200466  
      2.232266  3.678707  4.899183    -0.013928    0.023586   -0.010587  
      4.677388  5.138767  4.899076    -0.067939    0.114085   -0.200449  
      6.470175  5.053106  2.427944    -0.001027    0.001620   -0.000679  
     -0.331894  2.147145  4.899065    -0.001062    0.001601   -0.000670  
      2.915417  5.188929  3.711964    -0.000295   -0.017437    0.023810  
      2.252268  3.636511  1.240844     0.015799   -0.007712    0.023741  
      5.673260  3.609352  3.667979     0.075314   -0.016279    0.039088  
      3.222907  2.011347  3.615035    -0.000364   -0.017494    0.023899  
      2.335202  0.459424  1.196858    -0.021352   -0.072843    0.039403  
      4.904063  1.858996  1.143914     0.016001   -0.007665    0.023938  
 
  25 f  =    7.399517 THz    46.492540 2PiTHz  246.821336 cm-1    30.601932 meV
             X         Y         Z           dx          dy          dz
      3.905845  3.521830  2.428063     0.020945   -0.035129   -0.028909  
      1.460912  2.061451  2.427956    -0.000349    0.000375    0.107271  
      2.232266  3.678707  4.899183     0.020932   -0.035044   -0.028838  
      4.677388  5.138767  4.899076    -0.000150    0.000475    0.107233  
      6.470175  5.053106  2.427944    -0.004188    0.007048   -0.018245  
     -0.331894  2.147145  4.899065    -0.004209    0.007024   -0.018249  
      2.915417  5.188929  3.711964    -0.033481   -0.037867    0.084509  
      2.252268  3.636511  1.240844     0.049187    0.011519    0.084472  
      5.673260  3.609352  3.667979     0.024653   -0.038387    0.004912  
      3.222907  2.011347  3.615035    -0.033581   -0.037958    0.084642  
      2.335202  0.459424  1.196858     0.022034   -0.039820    0.005006  
      4.904063  1.858996  1.143914     0.049296    0.011576    0.084614  
 
  26 f  =    6.985924 THz    43.893852 2PiTHz  233.025326 cm-1    28.891445 meV
             X         Y         Z           dx          dy          dz
      3.905845  3.521830  2.428063     0.019582    0.011676   -0.000005  
      1.460912  2.061451  2.427956    -0.021134   -0.012437    0.000177  
      2.232266  3.678707  4.899183     0.019503    0.011806    0.000021  
      4.677388  5.138767  4.899076    -0.021103   -0.012481    0.000179  
      6.470175  5.053106  2.427944    -0.012667   -0.007536   -0.000018  
     -0.331894  2.147145  4.899065    -0.012661   -0.007550    0.000035  
      2.915417  5.188929  3.711964     0.038783    0.048214   -0.035721  
      2.252268  3.636511  1.240844     0.060902    0.011258    0.035671  
      5.673260  3.609352  3.667979    -0.001111    0.097266    0.093003  
      3.222907  2.011347  3.615035     0.038874    0.048308   -0.035874  
      2.335202  0.459424  1.196858     0.085265   -0.047500   -0.093232  
      4.904063  1.858996  1.143914     0.061025    0.011287    0.035824  
 
  27 f  =    6.925867 THz    43.516503 2PiTHz  231.022041 cm-1    28.643070 meV
             X         Y         Z           dx          dy          dz
      3.905845  3.521830  2.428063    -0.020359    0.034035    0.006488  
      1.460912  2.061451  2.427956    -0.040863    0.068592    0.085116  
      2.232266  3.678707  4.899183    -0.020305    0.033945    0.006384  
      4.677388  5.138767  4.899076    -0.040923    0.068556    0.085103  
      6.470175  5.053106  2.427944    -0.004380    0.007368    0.011075  
     -0.331894  2.147145  4.899065    -0.004377    0.007389    0.011089  
      2.915417  5.188929  3.711964     0.007554   -0.010628   -0.037941  
      2.252268  3.636511  1.240844     0.005576   -0.011724   -0.038038  
      5.673260  3.609352  3.667979     0.068687   -0.093024   -0.082382  
      3.222907  2.011347  3.615035     0.007581   -0.010598   -0.037959  
      2.335202  0.459424  1.196858     0.049054   -0.104451   -0.082087  
      4.904063  1.858996  1.143914     0.005538   -0.011748   -0.038090  
 
  28 f  =    6.850079 THz    43.040316 2PiTHz  228.494042 cm-1    28.329638 meV
             X         Y         Z           dx          dy          dz
      3.905845  3.521830  2.428063    -0.089257    0.149570    0.148659  
      1.460912  2.061451  2.427956     0.009676   -0.016105   -0.035189  
      2.232266  3.678707  4.899183     0.089359   -0.149530   -0.148648  
      4.677388  5.138767  4.899076    -0.009549    0.016109    0.035197  
      6.470175  5.053106  2.427944     0.013348   -0.022367   -0.014317  
     -0.331894  2.147145  4.899065    -0.013353    0.022362    0.014299  
      2.915417  5.188929  3.711964     0.005487   -0.017541   -0.014302  
      2.252268  3.636511  1.240844    -0.012842    0.013149    0.014349  
      5.673260  3.609352  3.667979    -0.000014    0.000046    0.000051  
      3.222907  2.011347  3.615035    -0.005509    0.017546    0.014356  
      2.335202  0.459424  1.196858     0.000002    0.000006    0.000019  
      4.904063  1.858996  1.143914     0.012868   -0.013147   -0.014285  
 
  29 f  =    5.764307 THz    36.218207 2PiTHz  192.276572 cm-1    23.839246 meV
             X         Y         Z           dx          dy          dz
      3.905845  3.521830  2.428063    -0.009762    0.016326   -0.032915  
      1.460912  2.061451  2.427956     0.025542   -0.042657    0.094567  
      2.232266  3.678707  4.899183    -0.009690    0.016269   -0.032908  
      4.677388  5.138767  4.899076     0.025457   -0.042699    0.094739  
      6.470175  5.053106  2.427944    -0.000800    0.001309   -0.007137  
     -0.331894  2.147145  4.899065    -0.000767    0.001322   -0.007207  
      2.915417  5.188929  3.711964     0.025680    0.036351   -0.020806  
      2.252268  3.636511  1.240844    -0.044238   -0.005356   -0.020828  
      5.673260  3.609352  3.667979     0.105052    0.014136    0.098648  
      3.222907  2.011347  3.615035     0.025718    0.036421   -0.020882  
      2.335202  0.459424  1.196858    -0.062279   -0.085792    0.098663  
      4.904063  1.858996  1.143914    -0.044244   -0.005401   -0.020876  
 
  30 f  =    5.732085 THz    36.015753 2PiTHz  191.201777 cm-1    23.705988 meV
             X         Y         Z           dx          dy          dz
      3.905845  3.521830  2.428063    -0.036954    0.061889    0.002289  
      1.460912  2.061451  2.427956     0.001823   -0.003115   -0.113578  
      2.232266  3.678707  4.899183     0.036984   -0.061888   -0.002226  
      4.677388  5.138767  4.899076    -0.001905    0.003170    0.113452  
      6.470175  5.053106  2.427944    -0.000007   -0.000005    0.044876  
     -0.331894  2.147145  4.899065    -0.000003   -0.000002   -0.044866  
      2.915417  5.188929  3.711964     0.000738   -0.030017    0.009547  
      2.252268  3.636511  1.240844    -0.026016    0.014882   -0.009519  
      5.673260  3.609352  3.667979    -0.000074    0.000012   -0.000049  
      3.222907  2.011347  3.615035    -0.000745    0.029989   -0.009542  
      2.335202  0.459424  1.196858     0.000079    0.000039   -0.000112  
      4.904063  1.858996  1.143914     0.026132   -0.014866    0.009585  
 
  31 f  =    5.413926 THz    34.016699 2PiTHz  180.589126 cm-1    22.390188 meV
             X         Y         Z           dx          dy          dz
      3.905845  3.521830  2.428063    -0.062559   -0.037412   -0.000017  
      1.460912  2.061451  2.427956    -0.043198   -0.025781   -0.000038  
      2.232266  3.678707  4.899183     0.062590    0.037380    0.000000  
      4.677388  5.138767  4.899076     0.043186    0.025804   -0.000049  
      6.470175  5.053106  2.427944    -0.043033   -0.025695   -0.000002  
     -0.331894  2.147145  4.899065     0.043033    0.025695    0.000002  
      2.915417  5.188929  3.711964    -0.001842    0.007258   -0.009054  
      2.252268  3.636511  1.240844    -0.005514    0.005063   -0.009058  
      5.673260  3.609352  3.667979    -0.000020   -0.000002   -0.000016  
      3.222907  2.011347  3.615035     0.001811   -0.007291    0.009094  
      2.335202  0.459424  1.196858     0.000015    0.000015   -0.000018  
      4.904063  1.858996  1.143914     0.005564   -0.005048    0.009100  
 
  32 f  =    3.907521 THz    24.551677 2PiTHz  130.340860 cm-1    16.160200 meV
             X         Y         Z           dx          dy          dz
      3.905845  3.521830  2.428063    -0.093561    0.156746    0.198000  
      1.460912  2.061451  2.427956     0.000515   -0.000797    0.029090  
      2.232266  3.678707  4.899183    -0.093602    0.156736    0.197998  
      4.677388  5.138767  4.899076     0.000492   -0.000828    0.029084  
      6.470175  5.053106  2.427944     0.000940   -0.001583   -0.010461  
     -0.331894  2.147145  4.899065     0.000957   -0.001589   -0.010458  
      2.915417  5.188929  3.711964     0.013822   -0.027142    0.007066  
      2.252268  3.636511  1.240844     0.017335   -0.025046    0.007068  
      5.673260  3.609352  3.667979    -0.008982    0.009467    0.016770  
      3.222907  2.011347  3.615035     0.013847   -0.027129    0.007038  
      2.335202  0.459424  1.196858    -0.004099    0.012387    0.016789  
      4.904063  1.858996  1.143914     0.017316   -0.025053    0.007037  
 
  33 f  =    2.963437 THz    18.619823 2PiTHz   98.849616 cm-1    12.255785 meV
             X         Y         Z           dx          dy          dz
      3.905845  3.521830  2.428063    -0.045926    0.076941    0.083965  
      1.460912  2.061451  2.427956    -0.028485    0.047748   -0.028065  
      2.232266  3.678707  4.899183     0.045972   -0.076964   -0.084008  
      4.677388  5.138767  4.899076     0.028523   -0.047722    0.028056  
      6.470175  5.053106  2.427944    -0.022893    0.038353   -0.008683  
     -0.331894  2.147145  4.899065     0.022908   -0.038344    0.008685  
      2.915417  5.188929  3.711964     0.003597   -0.016715   -0.014802  
      2.252268  3.636511  1.240844    -0.013013    0.011094    0.014802  
      5.673260  3.609352  3.667979     0.000012   -0.000007   -0.000009  
      3.222907  2.011347  3.615035    -0.003602    0.016715    0.014813  
      2.335202  0.459424  1.196858     0.000003    0.000011    0.000003  
      4.904063  1.858996  1.143914     0.013014   -0.011086   -0.014808  
 
  34 fi =    0.001561 THz     0.009808 2PiTHz    0.052071 cm-1     0.006456 meV
             X         Y         Z           dx          dy          dz
      3.905845  3.521830  2.428063     0.041420    0.018812    0.005271  
      1.460912  2.061451  2.427956     0.041409    0.018819    0.005289  
      2.232266  3.678707  4.899183     0.041401    0.018843    0.005305  
      4.677388  5.138767  4.899076     0.041399    0.018833    0.005283  
      6.470175  5.053106  2.427944     0.041404    0.018819    0.005290  
     -0.331894  2.147145  4.899065     0.041397    0.018830    0.005286  
      2.915417  5.188929  3.711964     0.041399    0.018822    0.005302  
      2.252268  3.636511  1.240844     0.041401    0.018824    0.005276  
      5.673260  3.609352  3.667979     0.041380    0.018826    0.005283  
      3.222907  2.011347  3.615035     0.041398    0.018824    0.005275  
      2.335202  0.459424  1.196858     0.041394    0.018814    0.005287  
      4.904063  1.858996  1.143914     0.041404    0.018826    0.005302  
 
  35 fi =    0.002080 THz     0.013072 2PiTHz    0.069397 cm-1     0.008604 meV
             X         Y         Z           dx          dy          dz
      3.905845  3.521830  2.428063     0.010818   -0.032372    0.030548  
      1.460912  2.061451  2.427956     0.010818   -0.032371    0.030532  
      2.232266  3.678707  4.899183     0.010820   -0.032376    0.030544  
      4.677388  5.138767  4.899076     0.010820   -0.032372    0.030532  
      6.470175  5.053106  2.427944     0.010815   -0.032360    0.030532  
     -0.331894  2.147145  4.899065     0.010815   -0.032362    0.030532  
      2.915417  5.188929  3.711964     0.010812   -0.032364    0.030534  
      2.252268  3.636511  1.240844     0.010818   -0.032361    0.030537  
      5.673260  3.609352  3.667979     0.010781   -0.032350    0.030507  
      3.222907  2.011347  3.615035     0.010802   -0.032368    0.030539  
      2.335202  0.459424  1.196858     0.010827   -0.032321    0.030504  
      4.904063  1.858996  1.143914     0.010826   -0.032354    0.030534  
 
  36 fi =    0.004816 THz     0.030260 2PiTHz    0.160646 cm-1     0.019918 meV
             X         Y         Z           dx          dy          dz
      3.905845  3.521830  2.428063     0.016376   -0.026504   -0.033884  
      1.460912  2.061451  2.427956     0.016317   -0.026396   -0.033773  
      2.232266  3.678707  4.899183     0.016374   -0.026504   -0.033884  
      4.677388  5.138767  4.899076     0.016309   -0.026401   -0.033774  
      6.470175  5.053106  2.427944     0.016291   -0.026359   -0.033704  
     -0.331894  2.147145  4.899065     0.016291   -0.026359   -0.033704  
      2.915417  5.188929  3.711964     0.016273   -0.026332   -0.033694  
      2.252268  3.636511  1.240844     0.016274   -0.026332   -0.033694  
      5.673260  3.609352  3.667979     0.016278   -0.026320   -0.033670  
      3.222907  2.011347  3.615035     0.016283   -0.026322   -0.033702  
      2.335202  0.459424  1.196858     0.016265   -0.026330   -0.033672  
      4.904063  1.858996  1.143914     0.016261   -0.026336   -0.033702  
 
