 Eigenvectors and eigenvalues of the dynamical matrix
 ----------------------------------------------------
 
 
   1 f  =   20.002059 THz   125.676641 2PiTHz  667.196862 cm-1    82.721831 meV
             X         Y         Z           dx          dy          dz
     -1.422906  3.919473  0.002999     0.009461   -0.005475   -0.000002  
      4.108040  0.714799  0.002999     0.009472   -0.005485    0.000000  
      1.342567  2.317136  0.002999    -0.030599    0.017716   -0.000002  
      0.453941  0.783457  2.430161    -0.005365    0.003117   -0.000001  
      3.135205  2.324942  2.433160     0.001208   -0.000701    0.000000  
      0.457812  3.876245  2.433160     0.001210   -0.000701   -0.000000  
      2.312860  0.790186  1.291271    -0.004869    0.101843   -0.014421  
      1.280157  5.411000  3.575049    -0.004872    0.101846   -0.014423  
     -0.464711  2.399533  1.291271    -0.090783   -0.046421    0.014426  
      1.401574  2.418976  3.608180     0.085362   -0.049456   -0.000005  
      4.057728  3.801653  3.575049    -0.090778   -0.046425    0.014419  
      2.191443  3.782211  1.258140     0.085361   -0.049461    0.000004  
 
   2 f  =   18.891857 THz   118.701039 2PiTHz  630.164521 cm-1    78.130408 meV
             X         Y         Z           dx          dy          dz
     -1.422906  3.919473  0.002999    -0.007758    0.004493   -0.000001  
      4.108040  0.714799  0.002999     0.007758   -0.004493   -0.000002  
      1.342567  2.317136  0.002999     0.000000   -0.000001   -0.000002  
      0.453941  0.783457  2.430161     0.000000    0.000000    0.000001  
      3.135205  2.324942  2.433160     0.000202   -0.000117    0.000000  
      0.457812  3.876245  2.433160    -0.000202    0.000117    0.000000  
      2.312860  0.790186  1.291271     0.048805   -0.005759    0.089767  
      1.280157  5.411000  3.575049    -0.048804    0.005750   -0.089765  
     -0.464711  2.399533  1.291271    -0.029261    0.039480    0.089764  
      1.401574  2.418976  3.608180     0.021944    0.037882   -0.091416  
      4.057728  3.801653  3.575049     0.029267   -0.039478   -0.089769  
      2.191443  3.782211  1.258140    -0.021951   -0.037877    0.091415  
 
   3 f  =   16.781025 THz   105.438288 2PiTHz  559.754731 cm-1    69.400710 meV
             X         Y         Z           dx          dy          dz
     -1.422906  3.919473  0.002999     0.002227    0.003846   -0.146569  
      4.108040  0.714799  0.002999     0.002243    0.003870   -0.146593  
      1.342567  2.317136  0.002999    -0.010760   -0.018573   -0.183937  
      0.453941  0.783457  2.430161    -0.006038   -0.010424    0.129927  
      3.135205  2.324942  2.433160     0.000205    0.000354    0.017524  
      0.457812  3.876245  2.433160     0.000203    0.000350    0.017524  
      2.312860  0.790186  1.291271    -0.039250    0.012356   -0.054427  
      1.280157  5.411000  3.575049    -0.039237    0.012325   -0.054383  
     -0.464711  2.399533  1.291271     0.030210   -0.027913   -0.054387  
      1.401574  2.418976  3.608180     0.009095    0.015627   -0.021443  
      4.057728  3.801653  3.575049     0.030237   -0.027908   -0.054422  
      2.191443  3.782211  1.258140     0.009031    0.015661   -0.021441  
 
   4 f  =   16.143566 THz   101.433020 2PiTHz  538.491415 cm-1    66.764396 meV
             X         Y         Z           dx          dy          dz
     -1.422906  3.919473  0.002999     0.034668    0.059837    0.010958  
      4.108040  0.714799  0.002999    -0.034674   -0.059842   -0.010999  
      1.342567  2.317136  0.002999     0.000008   -0.000001   -0.000050  
      0.453941  0.783457  2.430161    -0.000005   -0.000027    0.000020  
      3.135205  2.324942  2.433160    -0.004329   -0.007470   -0.000016  
      0.457812  3.876245  2.433160     0.004329    0.007472    0.000021  
      2.312860  0.790186  1.291271     0.061825    0.025836    0.093595  
      1.280157  5.411000  3.575049    -0.061841   -0.025804   -0.093601  
     -0.464711  2.399533  1.291271     0.008369   -0.066492   -0.093616  
      1.401574  2.418976  3.608180    -0.039405    0.022816    0.000002  
      4.057728  3.801653  3.575049    -0.008333    0.066479    0.093583  
      2.191443  3.782211  1.258140     0.039392   -0.022841    0.000004  
 
   5 f  =   15.848916 THz    99.581676 2PiTHz  528.662930 cm-1    65.545820 meV
             X         Y         Z           dx          dy          dz
     -1.422906  3.919473  0.002999     0.059992   -0.034734   -0.000034  
      4.108040  0.714799  0.002999    -0.059956    0.034761   -0.000035  
      1.342567  2.317136  0.002999    -0.000028   -0.000020    0.000004  
      0.453941  0.783457  2.430161     0.000014    0.000038    0.000005  
      3.135205  2.324942  2.433160     0.007886   -0.004571    0.000002  
      0.457812  3.876245  2.433160    -0.007885    0.004567    0.000002  
      2.312860  0.790186  1.291271     0.026438   -0.036186    0.057241  
      1.280157  5.411000  3.575049    -0.026419    0.036145   -0.057251  
     -0.464711  2.399533  1.291271    -0.044550    0.004949    0.057265  
      1.401574  2.418976  3.608180    -0.044445   -0.076706    0.100411  
      4.057728  3.801653  3.575049     0.044491   -0.004933   -0.057224  
      2.191443  3.782211  1.258140     0.044466    0.076750   -0.100457  
 
   6 f  =   15.676095 THz    98.495809 2PiTHz  522.898240 cm-1    64.831090 meV
             X         Y         Z           dx          dy          dz
     -1.422906  3.919473  0.002999     0.027476    0.047470   -0.094368  
      4.108040  0.714799  0.002999     0.027503    0.047406   -0.094382  
      1.342567  2.317136  0.002999    -0.037058   -0.063933    0.036637  
      0.453941  0.783457  2.430161     0.057260    0.098940    0.009498  
      3.135205  2.324942  2.433160    -0.001510   -0.002602    0.003907  
      0.457812  3.876245  2.433160    -0.001502   -0.002601    0.003908  
      2.312860  0.790186  1.291271     0.046239   -0.065374    0.022179  
      1.280157  5.411000  3.575049     0.046241   -0.065440    0.022205  
     -0.464711  2.399533  1.291271    -0.079748    0.007624    0.022179  
      1.401574  2.418976  3.608180     0.036177    0.062366   -0.061163  
      4.057728  3.801653  3.575049    -0.079719    0.007683    0.022242  
      2.191443  3.782211  1.258140     0.036131    0.062323   -0.061088  
 
   7 f  =   15.357680 THz    96.495150 2PiTHz  512.277068 cm-1    63.514233 meV
             X         Y         Z           dx          dy          dz
     -1.422906  3.919473  0.002999     0.011038   -0.006420    0.000049  
      4.108040  0.714799  0.002999     0.011265   -0.006561    0.000012  
      1.342567  2.317136  0.002999    -0.053147    0.030837   -0.000003  
      0.453941  0.783457  2.430161    -0.105222    0.060950    0.000001  
      3.135205  2.324942  2.433160     0.002811   -0.001627   -0.000002  
      0.457812  3.876245  2.433160     0.002818   -0.001631   -0.000001  
      2.312860  0.790186  1.291271    -0.076994   -0.050980   -0.049555  
      1.280157  5.411000  3.575049    -0.076958   -0.050112   -0.049350  
     -0.464711  2.399533  1.291271     0.005203    0.091637    0.049318  
      1.401574  2.418976  3.608180     0.065548   -0.037946   -0.000112  
      4.057728  3.801653  3.575049     0.006034    0.092178    0.049531  
      2.191443  3.782211  1.258140     0.065456   -0.038008    0.000176  
 
   8 f  =   15.349051 THz    96.440930 2PiTHz  511.989219 cm-1    63.478544 meV
             X         Y         Z           dx          dy          dz
     -1.422906  3.919473  0.002999     0.027531   -0.015948   -0.000009  
      4.108040  0.714799  0.002999    -0.027431    0.015898   -0.000010  
      1.342567  2.317136  0.002999    -0.000217    0.000121    0.000006  
      0.453941  0.783457  2.430161    -0.000410    0.000252    0.000000  
      3.135205  2.324942  2.433160     0.000674   -0.000391    0.000000  
      0.457812  3.876245  2.433160    -0.000651    0.000377    0.000000  
      2.312860  0.790186  1.291271     0.005215    0.118508    0.025316  
      1.280157  5.411000  3.575049    -0.005813   -0.118912   -0.025715  
     -0.464711  2.399533  1.291271     0.100259    0.064180    0.025716  
      1.401574  2.418976  3.608180    -0.005436   -0.009969    0.034463  
      4.057728  3.801653  3.575049    -0.100235   -0.063461   -0.025313  
      2.191443  3.782211  1.258140     0.005949    0.009685   -0.034466  
 
   9 f  =   15.083045 THz    94.769565 2PiTHz  503.116216 cm-1    62.378433 meV
             X         Y         Z           dx          dy          dz
     -1.422906  3.919473  0.002999    -0.003789   -0.006544    0.079098  
      4.108040  0.714799  0.002999     0.003791    0.006538   -0.078977  
      1.342567  2.317136  0.002999    -0.000000   -0.000004    0.000015  
      0.453941  0.783457  2.430161     0.000009   -0.000030   -0.000040  
      3.135205  2.324942  2.433160    -0.000115   -0.000198   -0.000763  
      0.457812  3.876245  2.433160     0.000114    0.000197    0.000755  
      2.312860  0.790186  1.291271     0.015169    0.071370    0.002361  
      1.280157  5.411000  3.575049    -0.015121   -0.071299   -0.002326  
     -0.464711  2.399533  1.291271    -0.054343   -0.048633   -0.002337  
      1.401574  2.418976  3.608180     0.116777   -0.067686   -0.000002  
      4.057728  3.801653  3.575049     0.054367    0.048600    0.002353  
      2.191443  3.782211  1.258140    -0.116849    0.067677    0.000001  
 
  10 f  =   14.406281 THz    90.517333 2PiTHz  480.541810 cm-1    59.579564 meV
             X         Y         Z           dx          dy          dz
     -1.422906  3.919473  0.002999     0.029488    0.050891    0.035603  
      4.108040  0.714799  0.002999     0.029390    0.050713    0.035816  
      1.342567  2.317136  0.002999    -0.092757   -0.160067   -0.189791  
      0.453941  0.783457  2.430161    -0.022139   -0.038254   -0.049135  
      3.135205  2.324942  2.433160    -0.002493   -0.004304    0.000814  
      0.457812  3.876245  2.433160    -0.002492   -0.004302    0.000829  
      2.312860  0.790186  1.291271     0.021631    0.048860    0.044860  
      1.280157  5.411000  3.575049     0.021760    0.048553    0.044975  
     -0.464711  2.399533  1.291271     0.031311    0.043047    0.045005  
      1.401574  2.418976  3.608180    -0.014971   -0.025539   -0.067557  
      4.057728  3.801653  3.575049     0.031628    0.043083    0.044893  
      2.191443  3.782211  1.258140    -0.014710   -0.025693   -0.067553  
 
  11 f  =   14.286474 THz    89.764563 2PiTHz  476.545475 cm-1    59.084082 meV
             X         Y         Z           dx          dy          dz
     -1.422906  3.919473  0.002999    -0.027926   -0.048200    0.048703  
      4.108040  0.714799  0.002999     0.028029    0.048379   -0.048608  
      1.342567  2.317136  0.002999    -0.000164   -0.000277   -0.000332  
      0.453941  0.783457  2.430161    -0.000051   -0.000066   -0.000076  
      3.135205  2.324942  2.433160    -0.000086   -0.000148    0.004593  
      0.457812  3.876245  2.433160     0.000078    0.000135   -0.004589  
      2.312860  0.790186  1.291271     0.034183   -0.095570    0.030143  
      1.280157  5.411000  3.575049    -0.034113    0.095698   -0.029988  
     -0.464711  2.399533  1.291271     0.099991    0.018015   -0.029984  
      1.401574  2.418976  3.608180     0.069868   -0.040527   -0.000125  
      4.057728  3.801653  3.575049    -0.099910   -0.017853    0.030146  
      2.191443  3.782211  1.258140    -0.069886    0.040448   -0.000125  
 
  12 f  =   13.645442 THz    85.736842 2PiTHz  455.162957 cm-1    56.432989 meV
             X         Y         Z           dx          dy          dz
     -1.422906  3.919473  0.002999    -0.043936    0.025462    0.000017  
      4.108040  0.714799  0.002999    -0.043943    0.025465    0.000008  
      1.342567  2.317136  0.002999     0.072181   -0.041859   -0.000035  
      0.453941  0.783457  2.430161    -0.052799    0.030652   -0.000012  
      3.135205  2.324942  2.433160    -0.007150    0.004141   -0.000001  
      0.457812  3.876245  2.433160    -0.007150    0.004142   -0.000000  
      2.312860  0.790186  1.291271    -0.003162   -0.024891    0.096357  
      1.280157  5.411000  3.575049    -0.003170   -0.024917    0.096355  
     -0.464711  2.399533  1.291271     0.020044    0.015151   -0.096347  
      1.401574  2.418976  3.608180     0.075822   -0.043949    0.000028  
      4.057728  3.801653  3.575049     0.020062    0.015140   -0.096369  
      2.191443  3.782211  1.258140     0.075809   -0.043927   -0.000005  
 
  13 f  =   12.362006 THz    77.672776 2PiTHz  412.352140 cm-1    51.125127 meV
             X         Y         Z           dx          dy          dz
     -1.422906  3.919473  0.002999    -0.055551   -0.095862    0.227271  
      4.108040  0.714799  0.002999     0.055593    0.095946   -0.227330  
      1.342567  2.317136  0.002999    -0.000085   -0.000159   -0.000150  
      0.453941  0.783457  2.430161     0.000112    0.000164   -0.000067  
      3.135205  2.324942  2.433160     0.005854    0.010104   -0.004918  
      0.457812  3.876245  2.433160    -0.005856   -0.010106    0.004907  
      2.312860  0.790186  1.291271     0.019344    0.007698   -0.014182  
      1.280157  5.411000  3.575049    -0.019278   -0.007712    0.014154  
     -0.464711  2.399533  1.291271     0.002895   -0.020560    0.014153  
      1.401574  2.418976  3.608180    -0.055761    0.032280    0.000141  
      4.057728  3.801653  3.575049    -0.002942    0.020608   -0.014182  
      2.191443  3.782211  1.258140     0.055740   -0.032322    0.000139  
 
  14 f  =   12.331842 THz    77.483251 2PiTHz  411.345986 cm-1    51.000379 meV
             X         Y         Z           dx          dy          dz
     -1.422906  3.919473  0.002999    -0.020129   -0.034695    0.047439  
      4.108040  0.714799  0.002999    -0.020003   -0.034481    0.046921  
      1.342567  2.317136  0.002999     0.064451    0.111207    0.117821  
      0.453941  0.783457  2.430161    -0.077503   -0.133907    0.056029  
      3.135205  2.324942  2.433160     0.000131    0.000234    0.004828  
      0.457812  3.876245  2.433160     0.000117    0.000211    0.004840  
      2.312860  0.790186  1.291271    -0.029019    0.008925    0.010555  
      1.280157  5.411000  3.575049    -0.029066    0.008904    0.010590  
     -0.464711  2.399533  1.291271     0.022200   -0.020771    0.010581  
      1.401574  2.418976  3.608180     0.015344    0.026582   -0.125438  
      4.057728  3.801653  3.575049     0.022189   -0.020724    0.010544  
      2.191443  3.782211  1.258140     0.015489    0.026501   -0.125439  
 
  15 f  =   11.833045 THz    74.349216 2PiTHz  394.707905 cm-1    48.937521 meV
             X         Y         Z           dx          dy          dz
     -1.422906  3.919473  0.002999    -0.152370    0.088283   -0.000003  
      4.108040  0.714799  0.002999     0.152447   -0.088330    0.000003  
      1.342567  2.317136  0.002999    -0.000037    0.000022    0.000001  
      0.453941  0.783457  2.430161    -0.000209    0.000122    0.000001  
      3.135205  2.324942  2.433160    -0.004877    0.002826    0.000000  
      0.457812  3.876245  2.433160     0.004892   -0.002835   -0.000000  
      2.312860  0.790186  1.291271     0.084903    0.003490   -0.025570  
      1.280157  5.411000  3.575049    -0.084900   -0.003454    0.025601  
     -0.464711  2.399533  1.291271    -0.039225    0.075377   -0.025603  
      1.401574  2.418976  3.608180     0.009763    0.016938    0.055663  
      4.057728  3.801653  3.575049     0.039196   -0.075394    0.025571  
      2.191443  3.782211  1.258140    -0.009841   -0.016891   -0.055661  
 
  16 f  =   11.749642 THz    73.825179 2PiTHz  391.925876 cm-1    48.592594 meV
             X         Y         Z           dx          dy          dz
     -1.422906  3.919473  0.002999     0.047634   -0.027795    0.000353  
      4.108040  0.714799  0.002999     0.047413   -0.027663    0.000342  
      1.342567  2.317136  0.002999    -0.044739    0.025789   -0.000365  
      0.453941  0.783457  2.430161    -0.300822    0.174132    0.000023  
      3.135205  2.324942  2.433160     0.010132   -0.005848    0.000001  
      0.457812  3.876245  2.433160     0.010125   -0.005844    0.000001  
      2.312860  0.790186  1.291271     0.001157    0.024024    0.025378  
      1.280157  5.411000  3.575049     0.001269    0.024038    0.025350  
     -0.464711  2.399533  1.291271    -0.020368   -0.013212   -0.025403  
      1.401574  2.418976  3.608180    -0.046695    0.027167   -0.000067  
      4.057728  3.801653  3.575049    -0.020430   -0.013101   -0.025437  
      2.191443  3.782211  1.258140    -0.046669    0.027182    0.000018  
 
  17 f  =   11.636416 THz    73.113757 2PiTHz  388.149052 cm-1    48.124327 meV
             X         Y         Z           dx          dy          dz
     -1.422906  3.919473  0.002999     0.040987    0.070508   -0.169587  
      4.108040  0.714799  0.002999     0.041000    0.070532   -0.169632  
      1.342567  2.317136  0.002999     0.034072    0.059031    0.185731  
      0.453941  0.783457  2.430161     0.008709    0.016412   -0.006113  
      3.135205  2.324942  2.433160    -0.004548   -0.007898   -0.000194  
      0.457812  3.876245  2.433160    -0.004548   -0.007898   -0.000194  
      2.312860  0.790186  1.291271     0.013922    0.054064    0.016971  
      1.280157  5.411000  3.575049     0.013920    0.054075    0.016978  
     -0.464711  2.399533  1.291271     0.039906    0.038922    0.016872  
      1.401574  2.418976  3.608180    -0.026517   -0.045547   -0.001750  
      4.057728  3.801653  3.575049     0.039896    0.038921    0.016864  
      2.191443  3.782211  1.258140    -0.026514   -0.045549   -0.001748  
 
  18 f  =   11.094872 THz    69.711134 2PiTHz  370.085081 cm-1    45.884681 meV
             X         Y         Z           dx          dy          dz
     -1.422906  3.919473  0.002999    -0.009219   -0.015955    0.080158  
      4.108040  0.714799  0.002999    -0.009223   -0.015972    0.080214  
      1.342567  2.317136  0.002999    -0.023728   -0.040926    0.073043  
      0.453941  0.783457  2.430161     0.140563    0.242649   -0.013534  
      3.135205  2.324942  2.433160    -0.006860   -0.011847    0.003341  
      0.457812  3.876245  2.433160    -0.006859   -0.011846    0.003339  
      2.312860  0.790186  1.291271    -0.019759    0.049861   -0.027306  
      1.280157  5.411000  3.575049    -0.019768    0.049874   -0.027316  
     -0.464711  2.399533  1.291271     0.053081    0.007651   -0.027314  
      1.401574  2.418976  3.608180     0.024701    0.042675   -0.023986  
      4.057728  3.801653  3.575049     0.053061    0.007656   -0.027306  
      2.191443  3.782211  1.258140     0.024695    0.042685   -0.023983  
 
  19 f  =    9.850335 THz    61.891481 2PiTHz  328.571812 cm-1    40.737694 meV
             X         Y         Z           dx          dy          dz
     -1.422906  3.919473  0.002999     0.156879   -0.090893    0.000006  
      4.108040  0.714799  0.002999    -0.156878    0.090890   -0.000003  
      1.342567  2.317136  0.002999    -0.000010    0.000004    0.000003  
      0.453941  0.783457  2.430161     0.000005   -0.000000   -0.000001  
      3.135205  2.324942  2.433160     0.011719   -0.006791    0.000000  
      0.457812  3.876245  2.433160    -0.011720    0.006790    0.000000  
      2.312860  0.790186  1.291271     0.044860   -0.005458   -0.029069  
      1.280157  5.411000  3.575049    -0.044858    0.005462    0.029063  
     -0.464711  2.399533  1.291271    -0.027046    0.036205   -0.029063  
      1.401574  2.418976  3.608180     0.050086    0.086439    0.033043  
      4.057728  3.801653  3.575049     0.027047   -0.036202    0.029067  
      2.191443  3.782211  1.258140    -0.050078   -0.086436   -0.033046  
 
  20 f  =    8.913509 THz    56.005231 2PiTHz  297.322669 cm-1    36.863296 meV
             X         Y         Z           dx          dy          dz
     -1.422906  3.919473  0.002999     0.056690    0.097874    0.038958  
      4.108040  0.714799  0.002999     0.056703    0.097888    0.038988  
      1.342567  2.317136  0.002999    -0.061529   -0.106246    0.112059  
      0.453941  0.783457  2.430161    -0.040010   -0.069025   -0.184806  
      3.135205  2.324942  2.433160     0.002725    0.004707    0.013636  
      0.457812  3.876245  2.433160     0.002723    0.004703    0.013636  
      2.312860  0.790186  1.291271    -0.004406   -0.017886   -0.065660  
      1.280157  5.411000  3.575049    -0.004408   -0.017885   -0.065666  
     -0.464711  2.399533  1.291271    -0.013310   -0.012729   -0.065652  
      1.401574  2.418976  3.608180    -0.014874   -0.025682   -0.021766  
      4.057728  3.801653  3.575049    -0.013313   -0.012725   -0.065649  
      2.191443  3.782211  1.258140    -0.014874   -0.025686   -0.021770  
 
  21 f  =    8.033258 THz    50.474449 2PiTHz  267.960646 cm-1    33.222871 meV
             X         Y         Z           dx          dy          dz
     -1.422906  3.919473  0.002999    -0.117114    0.067847   -0.000017  
      4.108040  0.714799  0.002999    -0.117106    0.067837   -0.000014  
      1.342567  2.317136  0.002999     0.280239   -0.162467    0.000051  
      0.453941  0.783457  2.430161    -0.077054    0.044464    0.000029  
      3.135205  2.324942  2.433160     0.003574   -0.002084   -0.000004  
      0.457812  3.876245  2.433160     0.003573   -0.002083   -0.000005  
      2.312860  0.790186  1.291271    -0.007626    0.013506   -0.034052  
      1.280157  5.411000  3.575049    -0.007625    0.013507   -0.034057  
     -0.464711  2.399533  1.291271    -0.015467   -0.000040    0.034053  
      1.401574  2.418976  3.608180    -0.010993    0.006492    0.000054  
      4.057728  3.801653  3.575049    -0.015469   -0.000031    0.034045  
      2.191443  3.782211  1.258140    -0.011007    0.006475    0.000037  
 
  22 f  =    7.756500 THz    48.735525 2PiTHz  258.728982 cm-1    32.078291 meV
             X         Y         Z           dx          dy          dz
     -1.422906  3.919473  0.002999     0.001439    0.003648   -0.009852  
      4.108040  0.714799  0.002999     0.001470    0.003684   -0.009781  
      1.342567  2.317136  0.002999    -0.051847   -0.086525    0.057119  
      0.453941  0.783457  2.430161    -0.102471   -0.170369    0.013241  
      3.135205  2.324942  2.433160    -0.006665   -0.010604   -0.004035  
      0.457812  3.876245  2.433160    -0.006669   -0.010614   -0.004031  
      2.312860  0.790186  1.291271     0.023768    0.034014   -0.010787  
      1.280157  5.411000  3.575049     0.023756    0.034004   -0.010797  
     -0.464711  2.399533  1.291271     0.021260    0.034219   -0.008634  
      1.401574  2.418976  3.608180     0.057753    0.096924    0.054970  
      4.057728  3.801653  3.575049     0.021257    0.034247   -0.008634  
      2.191443  3.782211  1.258140     0.057746    0.096922    0.054965  
 
  23 f  =    7.741956 THz    48.644143 2PiTHz  258.243851 cm-1    32.018142 meV
             X         Y         Z           dx          dy          dz
     -1.422906  3.919473  0.002999     0.022975   -0.013141   -0.000237  
      4.108040  0.714799  0.002999     0.023003   -0.013229   -0.000268  
      1.342567  2.317136  0.002999     0.039321   -0.025802    0.001477  
      0.453941  0.783457  2.430161     0.109768   -0.069571    0.000324  
      3.135205  2.324942  2.433160     0.014761   -0.008927   -0.000101  
      0.457812  3.876245  2.433160     0.014771   -0.008923   -0.000106  
      2.312860  0.790186  1.291271    -0.089092    0.028600    0.042716  
      1.280157  5.411000  3.575049    -0.089043    0.028616    0.042687  
     -0.464711  2.399533  1.291271    -0.068102    0.064843   -0.043169  
      1.401574  2.418976  3.608180    -0.044071    0.028965    0.001466  
      4.057728  3.801653  3.575049    -0.068134    0.064913   -0.043243  
      2.191443  3.782211  1.258140    -0.044134    0.028865    0.001371  
 
  24 f  =    7.662410 THz    48.144343 2PiTHz  255.590493 cm-1    31.689168 meV
             X         Y         Z           dx          dy          dz
     -1.422906  3.919473  0.002999    -0.067382    0.039025   -0.000008  
      4.108040  0.714799  0.002999     0.067365   -0.039025    0.000006  
      1.342567  2.317136  0.002999    -0.000046    0.000038   -0.000006  
      0.453941  0.783457  2.430161    -0.000054    0.000048   -0.000000  
      3.135205  2.324942  2.433160    -0.001763    0.001022   -0.000000  
      0.457812  3.876245  2.433160     0.001747   -0.001012    0.000001  
      2.312860  0.790186  1.291271    -0.056463   -0.010538    0.046026  
      1.280157  5.411000  3.575049     0.056563    0.010503   -0.046067  
     -0.464711  2.399533  1.291271     0.019016   -0.054300    0.046068  
      1.401574  2.418976  3.608180     0.052505    0.090561    0.084355  
      4.057728  3.801653  3.575049    -0.018939    0.054227   -0.046022  
      2.191443  3.782211  1.258140    -0.052461   -0.090599   -0.084362  
 
  25 f  =    7.418382 THz    46.611067 2PiTHz  247.450577 cm-1    30.679948 meV
             X         Y         Z           dx          dy          dz
     -1.422906  3.919473  0.002999     0.102154    0.176329    0.127830  
      4.108040  0.714799  0.002999    -0.102170   -0.176334   -0.127824  
      1.342567  2.317136  0.002999    -0.000021   -0.000010    0.000016  
      0.453941  0.783457  2.430161    -0.000033   -0.000021   -0.000014  
      3.135205  2.324942  2.433160    -0.009188   -0.015848    0.015320  
      0.457812  3.876245  2.433160     0.009181    0.015848   -0.015318  
      2.312860  0.790186  1.291271    -0.001523   -0.018362   -0.035013  
      1.280157  5.411000  3.575049     0.001566    0.018361    0.034975  
     -0.464711  2.399533  1.291271     0.015178    0.010465    0.034997  
      1.401574  2.418976  3.608180    -0.001941    0.001146    0.000012  
      4.057728  3.801653  3.575049    -0.015149   -0.010468   -0.035003  
      2.191443  3.782211  1.258140     0.001971   -0.001127    0.000005  
 
  26 f  =    6.539824 THz    41.090924 2PiTHz  218.145038 cm-1    27.046525 meV
             X         Y         Z           dx          dy          dz
     -1.422906  3.919473  0.002999     0.039907    0.068828   -0.036169  
      4.108040  0.714799  0.002999     0.039781    0.068579   -0.036273  
      1.342567  2.317136  0.002999    -0.039807   -0.068753    0.025272  
      0.453941  0.783457  2.430161     0.006158    0.010666   -0.074370  
      3.135205  2.324942  2.433160     0.002984    0.005145   -0.008657  
      0.457812  3.876245  2.433160     0.002924    0.005060   -0.008685  
      2.312860  0.790186  1.291271    -0.094967   -0.012621    0.049428  
      1.280157  5.411000  3.575049    -0.094842   -0.012608    0.049322  
     -0.464711  2.399533  1.291271     0.036242   -0.088561    0.049328  
      1.401574  2.418976  3.608180     0.017014    0.029330    0.020593  
      4.057728  3.801653  3.575049     0.036290   -0.088673    0.049435  
      2.191443  3.782211  1.258140     0.016989    0.029341    0.020595  
 
  27 f  =    6.470797 THz    40.657218 2PiTHz  215.842564 cm-1    26.761055 meV
             X         Y         Z           dx          dy          dz
     -1.422906  3.919473  0.002999     0.049264    0.084968    0.031399  
      4.108040  0.714799  0.002999    -0.049353   -0.085137   -0.031307  
      1.342567  2.317136  0.002999     0.000062    0.000093   -0.000041  
      0.453941  0.783457  2.430161    -0.000005   -0.000010    0.000103  
      3.135205  2.324942  2.433160     0.020805    0.035937    0.010969  
      0.457812  3.876245  2.433160    -0.020812   -0.035953   -0.010946  
      2.312860  0.790186  1.291271    -0.042192   -0.004297    0.038400  
      1.280157  5.411000  3.575049     0.042431    0.004337   -0.038520  
     -0.464711  2.399533  1.291271    -0.017355    0.038978   -0.038521  
      1.401574  2.418976  3.608180     0.008073   -0.004726   -0.000024  
      4.057728  3.801653  3.575049     0.017251   -0.038735    0.038390  
      2.191443  3.782211  1.258140    -0.008122    0.004653   -0.000036  
 
  28 f  =    6.402530 THz    40.228283 2PiTHz  213.565418 cm-1    26.478725 meV
             X         Y         Z           dx          dy          dz
     -1.422906  3.919473  0.002999    -0.073771    0.042777    0.000018  
      4.108040  0.714799  0.002999     0.073758   -0.042787   -0.000012  
      1.342567  2.317136  0.002999    -0.000001    0.000010   -0.000003  
      0.453941  0.783457  2.430161     0.000005   -0.000006    0.000004  
      3.135205  2.324942  2.433160     0.043253   -0.025048    0.000005  
      0.457812  3.876245  2.433160    -0.043252    0.025045   -0.000003  
      2.312860  0.790186  1.291271    -0.010004    0.006250   -0.004381  
      1.280157  5.411000  3.575049     0.010011   -0.006242    0.004379  
     -0.464711  2.399533  1.291271     0.010376   -0.005535   -0.004413  
      1.401574  2.418976  3.608180    -0.002244   -0.003876   -0.017661  
      4.057728  3.801653  3.575049    -0.010391    0.005559    0.004396  
      2.191443  3.782211  1.258140     0.002239    0.003873    0.017657  
 
  29 f  =    6.166814 THz    38.747237 2PiTHz  205.702783 cm-1    25.503883 meV
             X         Y         Z           dx          dy          dz
     -1.422906  3.919473  0.002999    -0.025676   -0.044383    0.069787  
      4.108040  0.714799  0.002999     0.025713    0.044314   -0.069807  
      1.342567  2.317136  0.002999     0.000033   -0.000010   -0.000008  
      0.453941  0.783457  2.430161    -0.000010   -0.000010   -0.000044  
      3.135205  2.324942  2.433160    -0.011377   -0.019633   -0.003175  
      0.457812  3.876245  2.433160     0.011374    0.019629    0.003180  
      2.312860  0.790186  1.291271    -0.090724   -0.001928    0.055195  
      1.280157  5.411000  3.575049     0.090727    0.001945   -0.055209  
     -0.464711  2.399533  1.291271    -0.043441    0.079686   -0.055209  
      1.401574  2.418976  3.608180     0.002965   -0.001697   -0.000001  
      4.057728  3.801653  3.575049     0.043439   -0.079659    0.055193  
      2.191443  3.782211  1.258140    -0.002950    0.001729   -0.000002  
 
  30 f  =    6.054507 THz    38.041589 2PiTHz  201.956614 cm-1    25.039418 meV
             X         Y         Z           dx          dy          dz
     -1.422906  3.919473  0.002999    -0.204972    0.118761    0.000001  
      4.108040  0.714799  0.002999    -0.204969    0.118776   -0.000017  
      1.342567  2.317136  0.002999    -0.178090    0.103183   -0.000004  
      0.453941  0.783457  2.430161    -0.000297    0.000187   -0.000034  
      3.135205  2.324942  2.433160     0.011368   -0.006590   -0.000001  
      0.457812  3.876245  2.433160     0.011373   -0.006587    0.000000  
      2.312860  0.790186  1.291271    -0.001482    0.003865    0.006154  
      1.280157  5.411000  3.575049    -0.001461    0.003866    0.006137  
     -0.464711  2.399533  1.291271    -0.004081   -0.000656   -0.006143  
      1.401574  2.418976  3.608180    -0.010733    0.006221    0.000002  
      4.057728  3.801653  3.575049    -0.004069   -0.000683   -0.006124  
      2.191443  3.782211  1.258140    -0.010729    0.006227    0.000003  
 
  31 f  =    5.095406 THz    32.015380 2PiTHz  169.964450 cm-1    21.072897 meV
             X         Y         Z           dx          dy          dz
     -1.422906  3.919473  0.002999    -0.043084   -0.074389   -0.063966  
      4.108040  0.714799  0.002999    -0.043089   -0.074395   -0.063946  
      1.342567  2.317136  0.002999     0.070005    0.120786   -0.099312  
      0.453941  0.783457  2.430161     0.000591    0.001018   -0.318139  
      3.135205  2.324942  2.433160    -0.002081   -0.003589    0.008318  
      0.457812  3.876245  2.433160    -0.002085   -0.003597    0.008321  
      2.312860  0.790186  1.291271     0.003377    0.008572    0.006685  
      1.280157  5.411000  3.575049     0.003347    0.008571    0.006703  
     -0.464711  2.399533  1.291271     0.005768    0.007168    0.006704  
      1.401574  2.418976  3.608180     0.017026    0.029385   -0.003786  
      4.057728  3.801653  3.575049     0.005755    0.007191    0.006687  
      2.191443  3.782211  1.258140     0.017029    0.029386   -0.003785  
 
  32 f  =    4.450791 THz    27.965144 2PiTHz  148.462403 cm-1    18.406984 meV
             X         Y         Z           dx          dy          dz
     -1.422906  3.919473  0.002999     0.099592    0.171893    0.070171  
      4.108040  0.714799  0.002999     0.099590    0.171890    0.070166  
      1.342567  2.317136  0.002999     0.111617    0.192618   -0.113685  
      0.453941  0.783457  2.430161     0.001724    0.002979    0.018539  
      3.135205  2.324942  2.433160    -0.006377   -0.011006   -0.000977  
      0.457812  3.876245  2.433160    -0.006375   -0.011002   -0.000975  
      2.312860  0.790186  1.291271     0.004519   -0.003246   -0.004821  
      1.280157  5.411000  3.575049     0.004520   -0.003245   -0.004819  
     -0.464711  2.399533  1.291271    -0.005063    0.002306   -0.004816  
      1.401574  2.418976  3.608180     0.013105    0.022619    0.012003  
      4.057728  3.801653  3.575049    -0.005065    0.002305   -0.004818  
      2.191443  3.782211  1.258140     0.013106    0.022618    0.012003  
 
  33 f  =    2.044204 THz    12.844111 2PiTHz   68.187298 cm-1     8.454144 meV
             X         Y         Z           dx          dy          dz
     -1.422906  3.919473  0.002999    -0.047725   -0.082373   -0.023040  
      4.108040  0.714799  0.002999     0.047725    0.082373    0.023037  
      1.342567  2.317136  0.002999     0.000003    0.000009   -0.000006  
      0.453941  0.783457  2.430161    -0.000001   -0.000002   -0.000010  
      3.135205  2.324942  2.433160    -0.001936   -0.003341    0.048894  
      0.457812  3.876245  2.433160     0.001936    0.003341   -0.048894  
      2.312860  0.790186  1.291271     0.003061    0.017465    0.001761  
      1.280157  5.411000  3.575049    -0.003063   -0.017467   -0.001756  
     -0.464711  2.399533  1.291271    -0.013630   -0.011345   -0.001758  
      1.401574  2.418976  3.608180    -0.011373    0.006591    0.000000  
      4.057728  3.801653  3.575049     0.013631    0.011340    0.001760  
      2.191443  3.782211  1.258140     0.011372   -0.006588    0.000000  
 
  34 fi =    0.002377 THz     0.014937 2PiTHz    0.079299 cm-1     0.009832 meV
             X         Y         Z           dx          dy          dz
     -1.422906  3.919473  0.002999    -0.039129    0.023562   -0.002845  
      4.108040  0.714799  0.002999    -0.039128    0.023561   -0.002845  
      1.342567  2.317136  0.002999    -0.039157    0.023576   -0.002843  
      0.453941  0.783457  2.430161    -0.039133    0.023566   -0.002842  
      3.135205  2.324942  2.433160    -0.039144    0.023574   -0.002846  
      0.457812  3.876245  2.433160    -0.039144    0.023574   -0.002846  
      2.312860  0.790186  1.291271    -0.039155    0.023579   -0.002821  
      1.280157  5.411000  3.575049    -0.039155    0.023580   -0.002821  
     -0.464711  2.399533  1.291271    -0.039155    0.023581   -0.002871  
      1.401574  2.418976  3.608180    -0.039151    0.023577   -0.002848  
      4.057728  3.801653  3.575049    -0.039155    0.023581   -0.002871  
      2.191443  3.782211  1.258140    -0.039151    0.023577   -0.002848  
 
  35 fi =    0.003017 THz     0.018957 2PiTHz    0.100637 cm-1     0.012477 meV
             X         Y         Z           dx          dy          dz
     -1.422906  3.919473  0.002999    -0.011890   -0.024206   -0.036924  
      4.108040  0.714799  0.002999    -0.011890   -0.024206   -0.036925  
      1.342567  2.317136  0.002999    -0.011884   -0.024195   -0.036989  
      0.453941  0.783457  2.430161    -0.011917   -0.024254   -0.036904  
      3.135205  2.324942  2.433160    -0.011915   -0.024248   -0.036964  
      0.457812  3.876245  2.433160    -0.011915   -0.024248   -0.036964  
      2.312860  0.790186  1.291271    -0.011878   -0.024256   -0.036987  
      1.280157  5.411000  3.575049    -0.011878   -0.024256   -0.036987  
     -0.464711  2.399533  1.291271    -0.011941   -0.024218   -0.036987  
      1.401574  2.418976  3.608180    -0.011916   -0.024251   -0.036965  
      4.057728  3.801653  3.575049    -0.011941   -0.024219   -0.036987  
      2.191443  3.782211  1.258140    -0.011916   -0.024251   -0.036965  
 
  36 fi =    0.003675 THz     0.023092 2PiTHz    0.122593 cm-1     0.015200 meV
             X         Y         Z           dx          dy          dz
     -1.422906  3.919473  0.002999     0.020485    0.030775   -0.026869  
      4.108040  0.714799  0.002999     0.020485    0.030775   -0.026869  
      1.342567  2.317136  0.002999     0.020483    0.030765   -0.026801  
      0.453941  0.783457  2.430161     0.020515    0.030826   -0.026828  
      3.135205  2.324942  2.433160     0.020542    0.030867   -0.026864  
      0.457812  3.876245  2.433160     0.020542    0.030867   -0.026864  
      2.312860  0.790186  1.291271     0.020554    0.030869   -0.026867  
      1.280157  5.411000  3.575049     0.020555    0.030869   -0.026868  
     -0.464711  2.399533  1.291271     0.020540    0.030876   -0.026863  
      1.401574  2.418976  3.608180     0.020552    0.030885   -0.026883  
      4.057728  3.801653  3.575049     0.020540    0.030875   -0.026863  
      2.191443  3.782211  1.258140     0.020553    0.030885   -0.026883  
 
