 Eigenvectors and eigenvalues of the dynamical matrix
 ----------------------------------------------------
 
 
   1 f  =   21.710428 THz   136.410640 2PiTHz  724.181915 cm-1    89.787074 meV
             X         Y         Z           dx          dy          dz
      7.484456  3.084688  3.586251     0.022807    0.009403    0.020957  
      6.418488  2.645354  0.761679    -0.008118   -0.003347   -0.021361  
      0.861664  0.355131  2.739498     0.000001   -0.000002   -0.000000  
      4.241632  1.748172  4.711122     0.008121    0.003343    0.021361  
      3.175665  1.308837  1.886550    -0.022805   -0.009407   -0.020957  
      0.000000  0.000000  0.000000    -0.000001    0.000001    0.000000  
      9.035695  3.724025  4.508728    -0.087541   -0.036079   -0.060221  
      8.066854  3.324721  1.757030    -0.055633   -0.022931    0.119768  
      4.468396  1.841631 -0.003097     0.000001   -0.000003   -0.000000  
      2.593267  1.068804  3.715772     0.055634    0.022927   -0.119769  
      1.624426  0.669501  0.964073     0.087542    0.036081    0.060221  
 
   2 f  =   18.539657 THz   116.488100 2PiTHz  618.416391 cm-1    76.673826 meV
             X         Y         Z           dx          dy          dz
      7.484456  3.084688  3.586251    -0.021712   -0.008942   -0.030449  
      6.418488  2.645354  0.761679    -0.010994   -0.004532    0.076935  
      0.861664  0.355131  2.739498     0.053775    0.022163   -0.123312  
      4.241632  1.748172  4.711122    -0.010995   -0.004532    0.076935  
      3.175665  1.308837  1.886550    -0.021712   -0.008941   -0.030449  
      0.000000  0.000000  0.000000     0.023390    0.009640    0.022634  
      9.035695  3.724025  4.508728    -0.104105   -0.042910   -0.076690  
      8.066854  3.324721  1.757030     0.030149    0.012425    0.025276  
      4.468396  1.841631 -0.003097     0.018559    0.007649   -0.014005  
      2.593267  1.068804  3.715772     0.030147    0.012425    0.025276  
      1.624426  0.669501  0.964073    -0.104106   -0.042904   -0.076688  
 
   3 f  =   17.342743 THz   108.967671 2PiTHz  578.491652 cm-1    71.723791 meV
             X         Y         Z           dx          dy          dz
      7.484456  3.084688  3.586251     0.028618    0.011804    0.017707  
      6.418488  2.645354  0.761679    -0.006961   -0.002865    0.037968  
      0.861664  0.355131  2.739498    -0.000005    0.000002    0.000003  
      4.241632  1.748172  4.711122     0.006965    0.002873   -0.037972  
      3.175665  1.308837  1.886550    -0.028615   -0.011797   -0.017709  
      0.000000  0.000000  0.000000    -0.000000   -0.000003    0.000001  
      9.035695  3.724025  4.508728    -0.118808   -0.048976   -0.037581  
      8.066854  3.324721  1.757030     0.032353    0.013334   -0.104334  
      4.468396  1.841631 -0.003097    -0.000008    0.000022   -0.000001  
      2.593267  1.068804  3.715772    -0.032352   -0.013334    0.104334  
      1.624426  0.669501  0.964073     0.118814    0.048961    0.037580  
 
   4 f  =   17.042679 THz   107.082311 2PiTHz  568.482584 cm-1    70.482826 meV
             X         Y         Z           dx          dy          dz
      7.484456  3.084688  3.586251    -0.001928    0.004674   -0.000001  
      6.418488  2.645354  0.761679    -0.003579    0.008674    0.000007  
      0.861664  0.355131  2.739498     0.006381   -0.015484   -0.000000  
      4.241632  1.748172  4.711122    -0.003575    0.008679   -0.000006  
      3.175665  1.308837  1.886550    -0.001929    0.004675    0.000000  
      0.000000  0.000000  0.000000    -0.003367    0.008170   -0.000000  
      9.035695  3.724025  4.508728    -0.016653    0.040373   -0.000002  
      8.066854  3.324721  1.757030    -0.016940    0.041107   -0.000012  
      4.468396  1.841631 -0.003097     0.088598   -0.214970    0.000000  
      2.593267  1.068804  3.715772    -0.016941    0.041099    0.000013  
      1.624426  0.669501  0.964073    -0.016627    0.040377    0.000002  
 
   5 f  =   15.901426 THz    99.911609 2PiTHz  530.414491 cm-1    65.762986 meV
             X         Y         Z           dx          dy          dz
      7.484456  3.084688  3.586251    -0.097049   -0.040001   -0.059406  
      6.418488  2.645354  0.761679    -0.058901   -0.024278    0.020311  
      0.861664  0.355131  2.739498     0.092624    0.038173   -0.080152  
      4.241632  1.748172  4.711122    -0.058901   -0.024274    0.020307  
      3.175665  1.308837  1.886550    -0.097048   -0.040002   -0.059404  
      0.000000  0.000000  0.000000     0.019171    0.007901   -0.021693  
      9.035695  3.724025  4.508728     0.052845    0.021781    0.009168  
      8.066854  3.324721  1.757030    -0.049763   -0.020507    0.099738  
      4.468396  1.841631 -0.003097    -0.020325   -0.008375   -0.023856  
      2.593267  1.068804  3.715772    -0.049762   -0.020509    0.099741  
      1.624426  0.669501  0.964073     0.052852    0.021780    0.009166  
 
   6 f  =   15.706338 THz    98.685829 2PiTHz  523.907028 cm-1    64.956164 meV
             X         Y         Z           dx          dy          dz
      7.484456  3.084688  3.586251    -0.060547   -0.024958    0.008424  
      6.418488  2.645354  0.761679    -0.036217   -0.014920    0.035189  
      0.861664  0.355131  2.739498     0.035708    0.014718   -0.224111  
      4.241632  1.748172  4.711122    -0.036216   -0.014931    0.035192  
      3.175665  1.308837  1.886550    -0.060550   -0.024963    0.008416  
      0.000000  0.000000  0.000000     0.003813    0.001571    0.023511  
      9.035695  3.724025  4.508728     0.029241    0.012051    0.057627  
      8.066854  3.324721  1.757030     0.016979    0.007000   -0.096431  
      4.468396  1.841631 -0.003097    -0.045240   -0.018645    0.002443  
      2.593267  1.068804  3.715772     0.016976    0.006996   -0.096428  
      1.624426  0.669501  0.964073     0.029240    0.012051    0.057634  
 
   7 f  =   15.062138 THz    94.638207 2PiTHz  502.418856 cm-1    62.291971 meV
             X         Y         Z           dx          dy          dz
      7.484456  3.084688  3.586251     0.063754    0.026276    0.178606  
      6.418488  2.645354  0.761679     0.038471    0.015862   -0.106752  
      0.861664  0.355131  2.739498     0.000001   -0.000003    0.000009  
      4.241632  1.748172  4.711122    -0.038472   -0.015869    0.106753  
      3.175665  1.308837  1.886550    -0.063755   -0.026283   -0.178606  
      0.000000  0.000000  0.000000     0.000000    0.000001   -0.000001  
      9.035695  3.724025  4.508728     0.036082    0.014870   -0.067048  
      8.066854  3.324721  1.757030     0.054072    0.022286   -0.000392  
      4.468396  1.841631 -0.003097     0.000002   -0.000005    0.000001  
      2.593267  1.068804  3.715772    -0.054073   -0.022286    0.000398  
      1.624426  0.669501  0.964073    -0.036081   -0.014869    0.067043  
 
   8 f  =   14.580989 THz    91.615053 2PiTHz  486.369428 cm-1    60.302096 meV
             X         Y         Z           dx          dy          dz
      7.484456  3.084688  3.586251     0.000900    0.000369    0.177720  
      6.418488  2.645354  0.761679    -0.097596   -0.040234   -0.065615  
      0.861664  0.355131  2.739498     0.082827    0.034138    0.022227  
      4.241632  1.748172  4.711122    -0.097601   -0.040217   -0.065617  
      3.175665  1.308837  1.886550     0.000889    0.000382    0.177720  
      0.000000  0.000000  0.000000     0.026905    0.011089   -0.029001  
      9.035695  3.724025  4.508728    -0.036618   -0.015090    0.005839  
      8.066854  3.324721  1.757030     0.003525    0.001459   -0.002513  
      4.468396  1.841631 -0.003097    -0.040087   -0.016522    0.052170  
      2.593267  1.068804  3.715772     0.003531    0.001448   -0.002511  
      1.624426  0.669501  0.964073    -0.036611   -0.015092    0.005835  
 
   9 f  =   14.363854 THz    90.250758 2PiTHz  479.126607 cm-1    59.404102 meV
             X         Y         Z           dx          dy          dz
      7.484456  3.084688  3.586251     0.168244    0.069342    0.023547  
      6.418488  2.645354  0.761679    -0.021939   -0.009045   -0.047118  
      0.861664  0.355131  2.739498    -0.044510   -0.018343   -0.181840  
      4.241632  1.748172  4.711122    -0.021945   -0.009037   -0.047114  
      3.175665  1.308837  1.886550     0.168244    0.069345    0.023542  
      0.000000  0.000000  0.000000     0.001982    0.000817    0.011394  
      9.035695  3.724025  4.508728    -0.003152   -0.001294    0.013630  
      8.066854  3.324721  1.757030    -0.061204   -0.025224    0.031418  
      4.468396  1.841631 -0.003097     0.008572    0.003532   -0.055355  
      2.593267  1.068804  3.715772    -0.061204   -0.025230    0.031417  
      1.624426  0.669501  0.964073    -0.003152   -0.001301    0.013632  
 
  10 f  =   13.876814 THz    87.190595 2PiTHz  462.880698 cm-1    57.389866 meV
             X         Y         Z           dx          dy          dz
      7.484456  3.084688  3.586251     0.057634   -0.139856    0.000007  
      6.418488  2.645354  0.761679     0.078717   -0.190937   -0.000014  
      0.861664  0.355131  2.739498     0.000008    0.000003   -0.000010  
      4.241632  1.748172  4.711122    -0.078675    0.190953    0.000003  
      3.175665  1.308837  1.886550    -0.057651    0.139846   -0.000028  
      0.000000  0.000000  0.000000    -0.000003   -0.000001   -0.000000  
      9.035695  3.724025  4.508728    -0.012097    0.029326    0.000013  
      8.066854  3.324721  1.757030    -0.014914    0.036180   -0.000003  
      4.468396  1.841631 -0.003097     0.000005    0.000006    0.000003  
      2.593267  1.068804  3.715772     0.014919   -0.036179    0.000002  
      1.624426  0.669501  0.964073     0.012089   -0.029331    0.000004  
 
  11 f  =   13.655071 THz    85.797341 2PiTHz  455.484138 cm-1    56.472810 meV
             X         Y         Z           dx          dy          dz
      7.484456  3.084688  3.586251    -0.038687   -0.015919   -0.011342  
      6.418488  2.645354  0.761679     0.131512    0.054226   -0.110980  
      0.861664  0.355131  2.739498     0.092648    0.038186   -0.096036  
      4.241632  1.748172  4.711122     0.131526    0.054175   -0.110969  
      3.175665  1.308837  1.886550    -0.038679   -0.015952   -0.011354  
      0.000000  0.000000  0.000000    -0.013292   -0.005478   -0.015307  
      9.035695  3.724025  4.508728    -0.051316   -0.021146    0.068952  
      8.066854  3.324721  1.757030     0.007366    0.003033    0.027605  
      4.468396  1.841631 -0.003097     0.042330    0.017445    0.044039  
      2.593267  1.068804  3.715772     0.007367    0.003039    0.027606  
      1.624426  0.669501  0.964073    -0.051312   -0.021152    0.068944  
 
  12 f  =   13.340483 THz    83.820724 2PiTHz  444.990601 cm-1    55.171778 meV
             X         Y         Z           dx          dy          dz
      7.484456  3.084688  3.586251    -0.026540   -0.010953   -0.092999  
      6.418488  2.645354  0.761679    -0.053378   -0.022012    0.097315  
      0.861664  0.355131  2.739498     0.000003    0.000002   -0.000001  
      4.241632  1.748172  4.711122     0.053385    0.022017   -0.097329  
      3.175665  1.308837  1.886550     0.026536    0.010951    0.093002  
      0.000000  0.000000  0.000000    -0.000000   -0.000000   -0.000001  
      9.035695  3.724025  4.508728     0.036452    0.015025   -0.117033  
      8.066854  3.324721  1.757030     0.069145    0.028502    0.025373  
      4.468396  1.841631 -0.003097     0.000002   -0.000001    0.000002  
      2.593267  1.068804  3.715772    -0.069145   -0.028500   -0.025368  
      1.624426  0.669501  0.964073    -0.036454   -0.015032    0.117038  
 
  13 f  =   12.525160 THz    78.697900 2PiTHz  417.794360 cm-1    51.799876 meV
             X         Y         Z           dx          dy          dz
      7.484456  3.084688  3.586251     0.054293    0.022380   -0.152417  
      6.418488  2.645354  0.761679     0.166235    0.068513   -0.101008  
      0.861664  0.355131  2.739498    -0.000002    0.000004    0.000002  
      4.241632  1.748172  4.711122    -0.166244   -0.068499    0.101005  
      3.175665  1.308837  1.886550    -0.054297   -0.022372    0.152416  
      0.000000  0.000000  0.000000     0.000002   -0.000003   -0.000000  
      9.035695  3.724025  4.508728    -0.008639   -0.003570   -0.017109  
      8.066854  3.324721  1.757030     0.021624    0.008919    0.000029  
      4.468396  1.841631 -0.003097     0.000001   -0.000004   -0.000000  
      2.593267  1.068804  3.715772    -0.021625   -0.008914   -0.000028  
      1.624426  0.669501  0.964073     0.008644    0.003557    0.017109  
 
  14 f  =   11.944335 THz    75.048470 2PiTHz  398.420127 cm-1    49.397778 meV
             X         Y         Z           dx          dy          dz
      7.484456  3.084688  3.586251     0.216314    0.089105   -0.003294  
      6.418488  2.645354  0.761679    -0.004100   -0.001650    0.116706  
      0.861664  0.355131  2.739498    -0.000002   -0.000000    0.000000  
      4.241632  1.748172  4.711122     0.004102    0.001647   -0.116701  
      3.175665  1.308837  1.886550    -0.216311   -0.089101    0.003289  
      0.000000  0.000000  0.000000     0.000001   -0.000001   -0.000000  
      9.035695  3.724025  4.508728     0.017671    0.007290    0.026443  
      8.066854  3.324721  1.757030    -0.003783   -0.001551    0.014472  
      4.468396  1.841631 -0.003097     0.000002   -0.000001   -0.000001  
      2.593267  1.068804  3.715772     0.003783    0.001545   -0.014472  
      1.624426  0.669501  0.964073    -0.017673   -0.007287   -0.026441  
 
  15 f  =   11.293012 THz    70.956084 2PiTHz  376.694318 cm-1    46.704122 meV
             X         Y         Z           dx          dy          dz
      7.484456  3.084688  3.586251    -0.072718    0.176551    0.000011  
      6.418488  2.645354  0.761679     0.062596   -0.151849    0.000029  
      0.861664  0.355131  2.739498    -0.000000    0.000001   -0.000007  
      4.241632  1.748172  4.711122    -0.062577    0.151839   -0.000041  
      3.175665  1.308837  1.886550     0.072706   -0.176543    0.000000  
      0.000000  0.000000  0.000000    -0.000001   -0.000000    0.000001  
      9.035695  3.724025  4.508728     0.022140   -0.053690    0.000002  
      8.066854  3.324721  1.757030     0.003550   -0.008615    0.000005  
      4.468396  1.841631 -0.003097    -0.000001   -0.000002    0.000006  
      2.593267  1.068804  3.715772    -0.003551    0.008612   -0.000005  
      1.624426  0.669501  0.964073    -0.022138    0.053697   -0.000008  
 
  16 f  =   11.145258 THz    70.027721 2PiTHz  371.765790 cm-1    46.093063 meV
             X         Y         Z           dx          dy          dz
      7.484456  3.084688  3.586251     0.051587   -0.125159    0.000015  
      6.418488  2.645354  0.761679    -0.083370    0.202287    0.000009  
      0.861664  0.355131  2.739498     0.030826   -0.074754   -0.000004  
      4.241632  1.748172  4.711122    -0.083372    0.202299    0.000001  
      3.175665  1.308837  1.886550     0.051594   -0.125177    0.000004  
      0.000000  0.000000  0.000000     0.001152   -0.002804   -0.000002  
      9.035695  3.724025  4.508728     0.009406   -0.022822   -0.000002  
      8.066854  3.324721  1.757030    -0.005021    0.012178    0.000002  
      4.468396  1.841631 -0.003097    -0.001061    0.002603    0.000001  
      2.593267  1.068804  3.715772    -0.005011    0.012172    0.000001  
      1.624426  0.669501  0.964073     0.009402   -0.022822   -0.000001  
 
  17 f  =   10.801770 THz    67.869520 2PiTHz  360.308250 cm-1    44.672509 meV
             X         Y         Z           dx          dy          dz
      7.484456  3.084688  3.586251    -0.037024    0.089838   -0.000022  
      6.418488  2.645354  0.761679    -0.007621    0.018440    0.000005  
      0.861664  0.355131  2.739498     0.000000    0.000010    0.000029  
      4.241632  1.748172  4.711122     0.007598   -0.018465    0.000011  
      3.175665  1.308837  1.886550     0.037030   -0.089833   -0.000020  
      0.000000  0.000000  0.000000     0.000004    0.000001    0.000000  
      9.035695  3.724025  4.508728    -0.035674    0.086531    0.000014  
      8.066854  3.324721  1.757030    -0.051376    0.124655   -0.000007  
      4.468396  1.841631 -0.003097     0.000004    0.000008   -0.000015  
      2.593267  1.068804  3.715772     0.051376   -0.124658   -0.000007  
      1.624426  0.669501  0.964073     0.035655   -0.086539    0.000010  
 
  18 f  =   10.235174 THz    64.309493 2PiTHz  341.408644 cm-1    42.329258 meV
             X         Y         Z           dx          dy          dz
      7.484456  3.084688  3.586251    -0.021175   -0.008731    0.140987  
      6.418488  2.645354  0.761679     0.115625    0.047636    0.094934  
      0.861664  0.355131  2.739498     0.047672    0.019641   -0.064454  
      4.241632  1.748172  4.711122     0.115635    0.047627    0.094940  
      3.175665  1.308837  1.886550    -0.021172   -0.008750    0.140994  
      0.000000  0.000000  0.000000    -0.017538   -0.007228   -0.008656  
      9.035695  3.724025  4.508728     0.037480    0.015481   -0.064294  
      8.066854  3.324721  1.757030    -0.047995   -0.019769   -0.005789  
      4.468396  1.841631 -0.003097     0.018208    0.007508    0.011646  
      2.593267  1.068804  3.715772    -0.047991   -0.019782   -0.005789  
      1.624426  0.669501  0.964073     0.037499    0.015438   -0.064294  
 
  19 f  =    9.984735 THz    62.735943 2PiTHz  333.054924 cm-1    41.293529 meV
             X         Y         Z           dx          dy          dz
      7.484456  3.084688  3.586251     0.063548    0.026142   -0.077216  
      6.418488  2.645354  0.761679    -0.167163   -0.068934   -0.152402  
      0.861664  0.355131  2.739498     0.000019   -0.000051   -0.000001  
      4.241632  1.748172  4.711122     0.167181    0.068874    0.152400  
      3.175665  1.308837  1.886550    -0.063508   -0.026233    0.077209  
      0.000000  0.000000  0.000000    -0.000001    0.000003    0.000000  
      9.035695  3.724025  4.508728    -0.010886   -0.004476    0.023434  
      8.066854  3.324721  1.757030     0.034243    0.014130    0.003089  
      4.468396  1.841631 -0.003097    -0.000005    0.000012    0.000000  
      2.593267  1.068804  3.715772    -0.034248   -0.014106   -0.003089  
      1.624426  0.669501  0.964073     0.010869    0.004517   -0.023431  
 
  20 f  =    9.792082 THz    61.525465 2PiTHz  326.628694 cm-1    40.496779 meV
             X         Y         Z           dx          dy          dz
      7.484456  3.084688  3.586251     0.055995   -0.135893    0.000004  
      6.418488  2.645354  0.761679     0.043194   -0.104698    0.000039  
      0.861664  0.355131  2.739498     0.069732   -0.169185    0.000005  
      4.241632  1.748172  4.711122     0.043071   -0.104720   -0.000049  
      3.175665  1.308837  1.886550     0.056044   -0.135919   -0.000023  
      0.000000  0.000000  0.000000    -0.001133    0.002747   -0.000001  
      9.035695  3.724025  4.508728    -0.027752    0.067319    0.000001  
      8.066854  3.324721  1.757030    -0.018870    0.045777   -0.000003  
      4.468396  1.841631 -0.003097    -0.017475    0.042442   -0.000003  
      2.593267  1.068804  3.715772    -0.018887    0.045869    0.000004  
      1.624426  0.669501  0.964073    -0.027711    0.067211    0.000018  
 
  21 f  =    9.473241 THz    59.522128 2PiTHz  315.993302 cm-1    39.178159 meV
             X         Y         Z           dx          dy          dz
      7.484456  3.084688  3.586251    -0.019228    0.046727   -0.000014  
      6.418488  2.645354  0.761679     0.013702   -0.033324    0.000003  
      0.861664  0.355131  2.739498    -0.000036    0.000100    0.000007  
      4.241632  1.748172  4.711122    -0.013779    0.033391    0.000011  
      3.175665  1.308837  1.886550     0.019204   -0.046635   -0.000003  
      0.000000  0.000000  0.000000    -0.000000   -0.000002   -0.000002  
      9.035695  3.724025  4.508728    -0.051271    0.124387    0.000013  
      8.066854  3.324721  1.757030     0.040797   -0.098955    0.000001  
      4.468396  1.841631 -0.003097     0.000016   -0.000015   -0.000004  
      2.593267  1.068804  3.715772    -0.040770    0.098932   -0.000003  
      1.624426  0.669501  0.964073     0.051288   -0.124455    0.000004  
 
  22 f  =    9.290208 THz    58.372097 2PiTHz  309.887975 cm-1    38.421195 meV
             X         Y         Z           dx          dy          dz
      7.484456  3.084688  3.586251     0.059336   -0.143874   -0.000028  
      6.418488  2.645354  0.761679     0.017513   -0.042530    0.000069  
      0.861664  0.355131  2.739498    -0.112102    0.272215    0.000049  
      4.241632  1.748172  4.711122     0.017510   -0.042537    0.000066  
      3.175665  1.308837  1.886550     0.059331   -0.143865   -0.000027  
      0.000000  0.000000  0.000000    -0.003964    0.009627   -0.000014  
      9.035695  3.724025  4.508728     0.005064   -0.012352    0.000034  
      8.066854  3.324721  1.757030    -0.004992    0.012022   -0.000026  
      4.468396  1.841631 -0.003097     0.004476   -0.010747    0.000000  
      2.593267  1.068804  3.715772    -0.004982    0.012010   -0.000023  
      1.624426  0.669501  0.964073     0.005051   -0.012324    0.000036  
 
  23 f  =    9.153589 THz    57.513696 2PiTHz  305.330861 cm-1    37.856185 meV
             X         Y         Z           dx          dy          dz
      7.484456  3.084688  3.586251    -0.048641   -0.020142    0.047967  
      6.418488  2.645354  0.761679     0.008348    0.003416   -0.124293  
      0.861664  0.355131  2.739498    -0.114744   -0.047124   -0.089592  
      4.241632  1.748172  4.711122     0.008350    0.003408   -0.124296  
      3.175665  1.308837  1.886550    -0.048641   -0.020155    0.047965  
      0.000000  0.000000  0.000000    -0.013317   -0.005482    0.023384  
      9.035695  3.724025  4.508728     0.039679    0.016367   -0.061966  
      8.066854  3.324721  1.757030     0.066766    0.027544    0.050056  
      4.468396  1.841631 -0.003097    -0.050817   -0.020948   -0.004728  
      2.593267  1.068804  3.715772     0.066775    0.027524    0.050053  
      1.624426  0.669501  0.964073     0.039693    0.016330   -0.061970  
 
  24 f  =    7.956818 THz    49.994164 2PiTHz  265.410892 cm-1    32.906742 meV
             X         Y         Z           dx          dy          dz
      7.484456  3.084688  3.586251     0.052801    0.021790    0.004624  
      6.418488  2.645354  0.761679    -0.081844   -0.033728    0.068501  
      0.861664  0.355131  2.739498     0.047608    0.019615   -0.071864  
      4.241632  1.748172  4.711122    -0.081847   -0.033732    0.068498  
      3.175665  1.308837  1.886550     0.052804    0.021790    0.004622  
      0.000000  0.000000  0.000000    -0.046459   -0.019150   -0.027825  
      9.035695  3.724025  4.508728     0.020728    0.008543    0.008405  
      8.066854  3.324721  1.757030     0.073302    0.030200    0.030401  
      4.468396  1.841631 -0.003097     0.083852    0.034554    0.049580  
      2.593267  1.068804  3.715772     0.073308    0.030180    0.030400  
      1.624426  0.669501  0.964073     0.020722    0.008559    0.008404  
 
  25 f  =    7.363195 THz    46.264320 2PiTHz  245.609754 cm-1    30.451715 meV
             X         Y         Z           dx          dy          dz
      7.484456  3.084688  3.586251     0.031557    0.012989    0.024813  
      6.418488  2.645354  0.761679     0.018712    0.007749    0.001624  
      0.861664  0.355131  2.739498     0.186708    0.076983    0.066936  
      4.241632  1.748172  4.711122     0.018709    0.007753    0.001622  
      3.175665  1.308837  1.886550     0.031557    0.012991    0.024811  
      0.000000  0.000000  0.000000    -0.022350   -0.009214    0.011412  
      9.035695  3.724025  4.508728    -0.000062    0.000091    0.012330  
      8.066854  3.324721  1.757030     0.038407    0.015694    0.009706  
      4.468396  1.841631 -0.003097    -0.074256   -0.030610   -0.162022  
      2.593267  1.068804  3.715772     0.038400    0.015697    0.009703  
      1.624426  0.669501  0.964073    -0.000066    0.000103    0.012327  
 
  26 f  =    7.312141 THz    45.943537 2PiTHz  243.906770 cm-1    30.240572 meV
             X         Y         Z           dx          dy          dz
      7.484456  3.084688  3.586251    -0.008530    0.020782    0.000038  
      6.418488  2.645354  0.761679     0.015624   -0.037935    0.000003  
      0.861664  0.355131  2.739498     0.015199   -0.036377    0.000062  
      4.241632  1.748172  4.711122     0.015641   -0.037927    0.000008  
      3.175665  1.308837  1.886550    -0.008538    0.020776    0.000033  
      0.000000  0.000000  0.000000    -0.000743    0.001723    0.000010  
      9.035695  3.724025  4.508728     0.044906   -0.108944    0.000015  
      8.066854  3.324721  1.757030    -0.048239    0.117126    0.000009  
      4.468396  1.841631 -0.003097    -0.001867    0.004432   -0.000173  
      2.593267  1.068804  3.715772    -0.048218    0.117129    0.000009  
      1.624426  0.669501  0.964073     0.044893   -0.108942    0.000019  
 
  27 f  =    6.933860 THz    43.566729 2PiTHz  231.288685 cm-1    28.676129 meV
             X         Y         Z           dx          dy          dz
      7.484456  3.084688  3.586251    -0.033089   -0.013645    0.028670  
      6.418488  2.645354  0.761679     0.030435    0.012544    0.038888  
      0.861664  0.355131  2.739498    -0.000009   -0.000003    0.000004  
      4.241632  1.748172  4.711122    -0.030455   -0.012554   -0.038907  
      3.175665  1.308837  1.886550     0.033056    0.013625   -0.028646  
      0.000000  0.000000  0.000000     0.000001   -0.000000    0.000004  
      9.035695  3.724025  4.508728    -0.042383   -0.017477    0.080487  
      8.066854  3.324721  1.757030     0.114929    0.047378    0.071808  
      4.468396  1.841631 -0.003097     0.000035    0.000014   -0.000021  
      2.593267  1.068804  3.715772    -0.114946   -0.047367   -0.071818  
      1.624426  0.669501  0.964073     0.042388    0.017464   -0.080483  
 
  28 f  =    6.816749 THz    42.830896 2PiTHz  227.382265 cm-1    28.191795 meV
             X         Y         Z           dx          dy          dz
      7.484456  3.084688  3.586251    -0.080400   -0.033131    0.063428  
      6.418488  2.645354  0.761679    -0.049674   -0.020466   -0.045476  
      0.861664  0.355131  2.739498    -0.030793   -0.012687    0.022429  
      4.241632  1.748172  4.711122    -0.049661   -0.020458   -0.045459  
      3.175665  1.308837  1.886550    -0.080416   -0.033130    0.063439  
      0.000000  0.000000  0.000000    -0.000119   -0.000050    0.017226  
      9.035695  3.724025  4.508728    -0.002275   -0.000931    0.010911  
      8.066854  3.324721  1.757030    -0.014605   -0.006053   -0.015050  
      4.468396  1.841631 -0.003097     0.162495    0.066966   -0.116206  
      2.593267  1.068804  3.715772    -0.014558   -0.006028   -0.015020  
      1.624426  0.669501  0.964073    -0.002299   -0.000924    0.010944  
 
  29 f  =    5.055622 THz    31.765413 2PiTHz  168.637413 cm-1    20.908365 meV
             X         Y         Z           dx          dy          dz
      7.484456  3.084688  3.586251     0.020179    0.008319   -0.053557  
      6.418488  2.645354  0.761679    -0.040907   -0.016860   -0.094157  
      0.861664  0.355131  2.739498     0.184751    0.076136    0.029431  
      4.241632  1.748172  4.711122    -0.040904   -0.016863   -0.094157  
      3.175665  1.308837  1.886550     0.020174    0.008321   -0.053556  
      0.000000  0.000000  0.000000    -0.013634   -0.005621    0.038453  
      9.035695  3.724025  4.508728     0.026445    0.010902   -0.061980  
      8.066854  3.324721  1.757030    -0.035745   -0.014730   -0.031430  
      4.468396  1.841631 -0.003097     0.034319    0.014143    0.082444  
      2.593267  1.068804  3.715772    -0.035742   -0.014732   -0.031429  
      1.624426  0.669501  0.964073     0.026447    0.010893   -0.061980  
 
  30 f  =    0.013224 THz     0.083090 2PiTHz    0.441112 cm-1     0.054691 meV
             X         Y         Z           dx          dy          dz
      7.484456  3.084688  3.586251     0.027640   -0.062542   -0.000048  
      6.418488  2.645354  0.761679     0.027637   -0.062529   -0.000050  
      0.861664  0.355131  2.739498     0.027167   -0.061401   -0.000051  
      4.241632  1.748172  4.711122     0.027645   -0.062526   -0.000050  
      3.175665  1.308837  1.886550     0.027648   -0.062539   -0.000054  
      0.000000  0.000000  0.000000     0.028740   -0.065203   -0.000051  
      9.035695  3.724025  4.508728     0.027470   -0.062129   -0.000049  
      8.066854  3.324721  1.757030     0.027428   -0.062027   -0.000050  
      4.468396  1.841631 -0.003097     0.027727   -0.062775   -0.000048  
      2.593267  1.068804  3.715772     0.027431   -0.062026   -0.000048  
      1.624426  0.669501  0.964073     0.027469   -0.062129   -0.000051  
 
  31 fi =    0.005326 THz     0.033465 2PiTHz    0.177662 cm-1     0.022027 meV
             X         Y         Z           dx          dy          dz
      7.484456  3.084688  3.586251    -0.042283   -0.018705    0.051905  
      6.418488  2.645354  0.761679    -0.042306   -0.018712    0.051893  
      0.861664  0.355131  2.739498    -0.042331   -0.018720    0.051867  
      4.241632  1.748172  4.711122    -0.042306   -0.018713    0.051893  
      3.175665  1.308837  1.886550    -0.042283   -0.018704    0.051905  
      0.000000  0.000000  0.000000    -0.042252   -0.018698    0.051908  
      9.035695  3.724025  4.508728    -0.042244   -0.018687    0.051925  
      8.066854  3.324721  1.757030    -0.042230   -0.018685    0.051953  
      4.468396  1.841631 -0.003097    -0.042156   -0.018654    0.051937  
      2.593267  1.068804  3.715772    -0.042229   -0.018687    0.051953  
      1.624426  0.669501  0.964073    -0.042244   -0.018687    0.051925  
 
  32 fi =    0.006275 THz     0.039426 2PiTHz    0.209305 cm-1     0.025950 meV
             X         Y         Z           dx          dy          dz
      7.484456  3.084688  3.586251    -0.047555   -0.020957   -0.046151  
      6.418488  2.645354  0.761679    -0.047553   -0.020954   -0.046189  
      0.861664  0.355131  2.739498    -0.047486   -0.020928   -0.046147  
      4.241632  1.748172  4.711122    -0.047552   -0.020955   -0.046189  
      3.175665  1.308837  1.886550    -0.047556   -0.020957   -0.046151  
      0.000000  0.000000  0.000000    -0.047507   -0.020936   -0.046181  
      9.035695  3.724025  4.508728    -0.047510   -0.020939   -0.046219  
      8.066854  3.324721  1.757030    -0.047539   -0.020957   -0.046247  
      4.468396  1.841631 -0.003097    -0.047374   -0.020884   -0.046237  
      2.593267  1.068804  3.715772    -0.047539   -0.020956   -0.046247  
      1.624426  0.669501  0.964073    -0.047510   -0.020939   -0.046219  
 
  33 fi =    0.651938 THz     4.096244 2PiTHz   21.746295 cm-1     2.696196 meV
             X         Y         Z           dx          dy          dz
      7.484456  3.084688  3.586251    -0.016929    0.040967    0.000004  
      6.418488  2.645354  0.761679    -0.017376    0.042029   -0.000005  
      0.861664  0.355131  2.739498    -0.037408    0.090657   -0.000002  
      4.241632  1.748172  4.711122    -0.017361    0.042035    0.000003  
      3.175665  1.308837  1.886550    -0.016932    0.040970   -0.000005  
      0.000000  0.000000  0.000000     0.028438   -0.069105   -0.000002  
      9.035695  3.724025  4.508728    -0.026332    0.063793   -0.000003  
      8.066854  3.324721  1.757030    -0.029134    0.070581    0.000002  
      4.468396  1.841631 -0.003097    -0.014570    0.035261   -0.000004  
      2.593267  1.068804  3.715772    -0.029130    0.070580   -0.000006  
      1.624426  0.669501  0.964073    -0.026337    0.063796    0.000000  
 
