 Eigenvectors and eigenvalues of the dynamical matrix
 ----------------------------------------------------
 
 
   1 f  =   21.788963 THz   136.904093 2PiTHz  726.801575 cm-1    90.111870 meV
             X         Y         Z           dx          dy          dz
      7.773928  2.080707  0.779252    -0.121363    0.000006    0.004876  
      6.053726  0.000000  1.306615    -0.121373   -0.000005    0.004873  
      3.062890  0.000000  1.131751     0.121363   -0.000005   -0.004876  
      1.342687  2.080707  1.659113     0.121374    0.000006   -0.004900  
      0.000000  0.000000  0.000000     0.000002   -0.000000    0.000000  
      4.711038  2.080707 -0.352498    -0.000002    0.000000   -0.000000  
      5.918929  2.080707  1.358752     0.100272   -0.000002   -0.005246  
      0.000000  2.080707  0.000000    -0.000008   -0.000001    0.000001  
      7.908724  0.000000  0.727114     0.100235    0.000002   -0.005246  
      1.207891  0.000000  1.711251    -0.100272    0.000001    0.005247  
      4.711038  0.000000 -0.352498     0.000008   -0.000001   -0.000001  
      3.197686  2.080707  1.079613    -0.100236   -0.000001    0.005247  
 
   2 f  =   19.256954 THz   120.995008 2PiTHz  642.342829 cm-1    79.640325 meV
             X         Y         Z           dx          dy          dz
      7.773928  2.080707  0.779252    -0.000886    0.000001   -0.011723  
      6.053726  0.000000  1.306615     0.000887   -0.000003    0.011718  
      3.062890  0.000000  1.131751    -0.000883   -0.000003   -0.011723  
      1.342687  2.080707  1.659113     0.000888    0.000001    0.011712  
      0.000000  0.000000  0.000000    -0.000000    0.000000    0.000000  
      4.711038  2.080707 -0.352498     0.000000   -0.000000    0.000000  
      5.918929  2.080707  1.358752    -0.124324    0.000001    0.010810  
      0.000000  2.080707  0.000000    -0.000000   -0.000014    0.000000  
      7.908724  0.000000  0.727114     0.124324    0.000006   -0.010812  
      1.207891  0.000000  1.711251    -0.124323    0.000004    0.010810  
      4.711038  0.000000 -0.352498    -0.000001    0.000002   -0.000001  
      3.197686  2.080707  1.079613     0.124320    0.000000   -0.010811  
 
   3 f  =   18.492778 THz   116.193552 2PiTHz  616.852681 cm-1    76.479951 meV
             X         Y         Z           dx          dy          dz
      7.773928  2.080707  0.779252    -0.052544   -0.000000   -0.012861  
      6.053726  0.000000  1.306615     0.052513   -0.000003    0.012867  
      3.062890  0.000000  1.131751     0.052544   -0.000004    0.012861  
      1.342687  2.080707  1.659113    -0.052514   -0.000002   -0.012853  
      0.000000  0.000000  0.000000    -0.017320   -0.000000   -0.001005  
      4.711038  2.080707 -0.352498     0.017320   -0.000000    0.001005  
      5.918929  2.080707  1.358752    -0.108696   -0.000011    0.000877  
      0.000000  2.080707  0.000000     0.044547    0.000002    0.008291  
      7.908724  0.000000  0.727114     0.108732   -0.000008   -0.000887  
      1.207891  0.000000  1.711251     0.108700    0.000006   -0.000878  
      4.711038  0.000000 -0.352498    -0.044548    0.000011   -0.008292  
      3.197686  2.080707  1.079613    -0.108735    0.000006    0.000888  
 
   4 f  =   17.333516 THz   108.909692 2PiTHz  578.183851 cm-1    71.685629 meV
             X         Y         Z           dx          dy          dz
      7.773928  2.080707  0.779252    -0.000014    0.069787    0.000000  
      6.053726  0.000000  1.306615    -0.000019   -0.069786   -0.000002  
      3.062890  0.000000  1.131751     0.000016   -0.069785    0.000001  
      1.342687  2.080707  1.659113     0.000020    0.069788    0.000000  
      0.000000  0.000000  0.000000     0.000001    0.003069    0.000000  
      4.711038  2.080707 -0.352498    -0.000000   -0.003069   -0.000000  
      5.918929  2.080707  1.358752    -0.000003   -0.048453   -0.000004  
      0.000000  2.080707  0.000000    -0.000001   -0.150958   -0.000000  
      7.908724  0.000000  0.727114    -0.000021    0.048458   -0.000003  
      1.207891  0.000000  1.711251     0.000012    0.048455    0.000003  
      4.711038  0.000000 -0.352498     0.000002    0.150952    0.000000  
      3.197686  2.080707  1.079613     0.000004   -0.048456    0.000005  
 
   5 f  =   16.921049 THz   106.318084 2PiTHz  564.425425 cm-1    69.979802 meV
             X         Y         Z           dx          dy          dz
      7.773928  2.080707  0.779252    -0.000000   -0.044061   -0.000001  
      6.053726  0.000000  1.306615     0.000003   -0.044064   -0.000001  
      3.062890  0.000000  1.131751    -0.000002   -0.044064   -0.000002  
      1.342687  2.080707  1.659113     0.000015   -0.044061   -0.000000  
      0.000000  0.000000  0.000000     0.000001   -0.004297    0.000000  
      4.711038  2.080707 -0.352498    -0.000000   -0.004297   -0.000000  
      5.918929  2.080707  1.358752    -0.000010   -0.040577    0.000000  
      0.000000  2.080707  0.000000    -0.000001    0.162144   -0.000001  
      7.908724  0.000000  0.727114    -0.000008   -0.040575    0.000000  
      1.207891  0.000000  1.711251    -0.000017   -0.040575    0.000001  
      4.711038  0.000000 -0.352498     0.000003    0.162149    0.000000  
      3.197686  2.080707  1.079613    -0.000000   -0.040577    0.000001  
 
   6 f  =   15.276359 THz    95.984194 2PiTHz  509.564483 cm-1    63.177915 meV
             X         Y         Z           dx          dy          dz
      7.773928  2.080707  0.779252    -0.174249    0.000005   -0.002625  
      6.053726  0.000000  1.306615     0.174255    0.000006    0.002624  
      3.062890  0.000000  1.131751    -0.174248    0.000006   -0.002625  
      1.342687  2.080707  1.659113     0.174255    0.000006    0.002633  
      0.000000  0.000000  0.000000     0.000000   -0.000000   -0.000000  
      4.711038  2.080707 -0.352498     0.000000   -0.000000   -0.000000  
      5.918929  2.080707  1.358752    -0.005065    0.000003   -0.064669  
      0.000000  2.080707  0.000000     0.000001   -0.000002    0.000002  
      7.908724  0.000000  0.727114     0.005062    0.000003    0.064666  
      1.207891  0.000000  1.711251    -0.005065    0.000003   -0.064669  
      4.711038  0.000000 -0.352498     0.000001   -0.000002    0.000002  
      3.197686  2.080707  1.079613     0.005062    0.000003    0.064668  
 
   7 f  =   14.549925 THz    91.419873 2PiTHz  485.333244 cm-1    60.173626 meV
             X         Y         Z           dx          dy          dz
      7.773928  2.080707  0.779252    -0.011688   -0.000026    0.038199  
      6.053726  0.000000  1.306615    -0.011714    0.000026    0.038202  
      3.062890  0.000000  1.131751     0.011690    0.000025   -0.038202  
      1.342687  2.080707  1.659113     0.011714   -0.000025   -0.038214  
      0.000000  0.000000  0.000000     0.000000   -0.000000   -0.000000  
      4.711038  2.080707 -0.352498    -0.000000    0.000000    0.000000  
      5.918929  2.080707  1.358752    -0.012405   -0.000005   -0.121946  
      0.000000  2.080707  0.000000    -0.000004    0.000003   -0.000008  
      7.908724  0.000000  0.727114    -0.012407    0.000005   -0.121941  
      1.207891  0.000000  1.711251     0.012406    0.000005    0.121951  
      4.711038  0.000000 -0.352498     0.000002   -0.000004    0.000001  
      3.197686  2.080707  1.079613     0.012407   -0.000005    0.121947  
 
   8 f  =   14.291201 THz    89.794267 2PiTHz  476.703169 cm-1    59.103634 meV
             X         Y         Z           dx          dy          dz
      7.773928  2.080707  0.779252     0.119538   -0.000002   -0.036132  
      6.053726  0.000000  1.306615     0.119485    0.000005   -0.036112  
      3.062890  0.000000  1.131751     0.119538    0.000005   -0.036132  
      1.342687  2.080707  1.659113     0.119463   -0.000002   -0.036100  
      0.000000  0.000000  0.000000     0.005874    0.000000   -0.001437  
      4.711038  2.080707 -0.352498     0.005874    0.000000   -0.001437  
      5.918929  2.080707  1.358752    -0.091073    0.000003    0.028456  
      0.000000  2.080707  0.000000     0.026892   -0.000009   -0.013737  
      7.908724  0.000000  0.727114    -0.091071    0.000006    0.028516  
      1.207891  0.000000  1.711251    -0.091075    0.000000    0.028458  
      4.711038  0.000000 -0.352498     0.026891   -0.000013   -0.013732  
      3.197686  2.080707  1.079613    -0.091073    0.000003    0.028512  
 
   9 f  =   14.094296 THz    88.557075 2PiTHz  470.135114 cm-1    58.289299 meV
             X         Y         Z           dx          dy          dz
      7.773928  2.080707  0.779252     0.104139   -0.000005   -0.040117  
      6.053726  0.000000  1.306615    -0.104217   -0.000007    0.040137  
      3.062890  0.000000  1.131751     0.104147   -0.000004   -0.040117  
      1.342687  2.080707  1.659113    -0.104190   -0.000009    0.040150  
      0.000000  0.000000  0.000000    -0.000002    0.000000    0.000001  
      4.711038  2.080707 -0.352498    -0.000002    0.000000    0.000000  
      5.918929  2.080707  1.358752    -0.007903   -0.000002   -0.104301  
      0.000000  2.080707  0.000000    -0.000006   -0.000000    0.000011  
      7.908724  0.000000  0.727114     0.007949   -0.000001    0.104278  
      1.207891  0.000000  1.711251    -0.007897   -0.000003   -0.104309  
      4.711038  0.000000 -0.352498    -0.000005   -0.000000    0.000004  
      3.197686  2.080707  1.079613     0.007955   -0.000001    0.104285  
 
  10 f  =   13.629893 THz    85.639141 2PiTHz  454.644280 cm-1    56.368681 meV
             X         Y         Z           dx          dy          dz
      7.773928  2.080707  0.779252     0.000069    0.194774   -0.000004  
      6.053726  0.000000  1.306615    -0.000044   -0.194775    0.000008  
      3.062890  0.000000  1.131751    -0.000088    0.194774    0.000004  
      1.342687  2.080707  1.659113     0.000029   -0.194775   -0.000010  
      0.000000  0.000000  0.000000     0.000001   -0.000000    0.000001  
      4.711038  2.080707 -0.352498     0.000001   -0.000000   -0.000001  
      5.918929  2.080707  1.358752    -0.000005   -0.036919    0.000009  
      0.000000  2.080707  0.000000    -0.000004   -0.000000    0.000002  
      7.908724  0.000000  0.727114     0.000016    0.036920   -0.000013  
      1.207891  0.000000  1.711251    -0.000002   -0.036919   -0.000008  
      4.711038  0.000000 -0.352498     0.000004   -0.000000   -0.000001  
      3.197686  2.080707  1.079613    -0.000023    0.036920    0.000010  
 
  11 f  =   13.615909 THz    85.551281 2PiTHz  454.177845 cm-1    56.310851 meV
             X         Y         Z           dx          dy          dz
      7.773928  2.080707  0.779252    -0.186711    0.000061    0.021136  
      6.053726  0.000000  1.306615     0.186248   -0.000064   -0.021186  
      3.062890  0.000000  1.131751     0.186709    0.000060   -0.021136  
      1.342687  2.080707  1.659113    -0.186264   -0.000056    0.021174  
      0.000000  0.000000  0.000000     0.000183   -0.000000   -0.002652  
      4.711038  2.080707 -0.352498    -0.000183   -0.000000    0.002653  
      5.918929  2.080707  1.358752     0.034789   -0.000013   -0.032315  
      0.000000  2.080707  0.000000     0.011854    0.000001   -0.004783  
      7.908724  0.000000  0.727114    -0.034992    0.000008    0.032331  
      1.207891  0.000000  1.711251    -0.034785   -0.000009    0.032305  
      4.711038  0.000000 -0.352498    -0.011855    0.000002    0.004788  
      3.197686  2.080707  1.079613     0.034998    0.000013   -0.032328  
 
  12 f  =   13.537742 THz    85.060141 2PiTHz  451.570460 cm-1    55.987576 meV
             X         Y         Z           dx          dy          dz
      7.773928  2.080707  0.779252     0.162727    0.000072    0.020406  
      6.053726  0.000000  1.306615     0.163234   -0.000071    0.020350  
      3.062890  0.000000  1.131751    -0.162725   -0.000123   -0.020411  
      1.342687  2.080707  1.659113    -0.163253    0.000123   -0.020368  
      0.000000  0.000000  0.000000     0.000001   -0.000003   -0.000004  
      4.711038  2.080707 -0.352498    -0.000002    0.000002    0.000004  
      5.918929  2.080707  1.358752     0.073286    0.000010   -0.010979  
      0.000000  2.080707  0.000000     0.000016    0.000007   -0.000015  
      7.908724  0.000000  0.727114     0.073184   -0.000011   -0.010876  
      1.207891  0.000000  1.711251    -0.073280   -0.000005    0.010971  
      4.711038  0.000000 -0.352498    -0.000019   -0.000004    0.000010  
      3.197686  2.080707  1.079613    -0.073177    0.000003    0.010891  
 
  13 f  =   12.887476 THz    80.974402 2PiTHz  429.879940 cm-1    53.298296 meV
             X         Y         Z           dx          dy          dz
      7.773928  2.080707  0.779252    -0.000068    0.189222   -0.000007  
      6.053726  0.000000  1.306615    -0.000072   -0.189220   -0.000005  
      3.062890  0.000000  1.131751     0.000077   -0.189222    0.000004  
      1.342687  2.080707  1.659113     0.000080    0.189221    0.000004  
      0.000000  0.000000  0.000000    -0.000000   -0.009292   -0.000000  
      4.711038  2.080707 -0.352498    -0.000000    0.009292   -0.000000  
      5.918929  2.080707  1.358752    -0.000039    0.015431   -0.000008  
      0.000000  2.080707  0.000000     0.000001    0.053758   -0.000001  
      7.908724  0.000000  0.727114    -0.000037   -0.015430   -0.000007  
      1.207891  0.000000  1.711251     0.000038   -0.015431    0.000010  
      4.711038  0.000000 -0.352498     0.000000   -0.053758   -0.000001  
      3.197686  2.080707  1.079613     0.000039    0.015431    0.000010  
 
  14 f  =   12.095546 THz    75.998556 2PiTHz  403.463981 cm-1    50.023136 meV
             X         Y         Z           dx          dy          dz
      7.773928  2.080707  0.779252     0.128637    0.000015   -0.003408  
      6.053726  0.000000  1.306615     0.128637   -0.000006   -0.003401  
      3.062890  0.000000  1.131751     0.128639    0.000023   -0.003399  
      1.342687  2.080707  1.659113     0.128640   -0.000011   -0.003438  
      0.000000  0.000000  0.000000    -0.023043   -0.000000   -0.003661  
      4.711038  2.080707 -0.352498    -0.023043   -0.000001   -0.003661  
      5.918929  2.080707  1.358752     0.070374    0.000001    0.031848  
      0.000000  2.080707  0.000000     0.019545    0.000003   -0.020262  
      7.908724  0.000000  0.727114     0.070374   -0.000010    0.031860  
      1.207891  0.000000  1.711251     0.070374    0.000004    0.031855  
      4.711038  0.000000 -0.352498     0.019542    0.000008   -0.020254  
      3.197686  2.080707  1.079613     0.070377   -0.000006    0.031844  
 
  15 f  =   11.325768 THz    71.161899 2PiTHz  377.786953 cm-1    46.839591 meV
             X         Y         Z           dx          dy          dz
      7.773928  2.080707  0.779252    -0.042277   -0.000002    0.078274  
      6.053726  0.000000  1.306615     0.042646   -0.000002   -0.077923  
      3.062890  0.000000  1.131751     0.042630    0.000003   -0.077925  
      1.342687  2.080707  1.659113    -0.042280    0.000005    0.078323  
      0.000000  0.000000  0.000000     0.002806    0.000000    0.006275  
      4.711038  2.080707 -0.352498    -0.002839   -0.000000   -0.006253  
      5.918929  2.080707  1.358752    -0.001292    0.000009    0.095924  
      0.000000  2.080707  0.000000    -0.030457   -0.000000    0.073372  
      7.908724  0.000000  0.727114     0.001262    0.000006   -0.096377  
      1.207891  0.000000  1.711251     0.001259   -0.000010   -0.096352  
      4.711038  0.000000 -0.352498     0.030621    0.000001   -0.073007  
      3.197686  2.080707  1.079613    -0.001299   -0.000006    0.095927  
 
  16 f  =   11.263123 THz    70.768290 2PiTHz  375.697350 cm-1    46.580514 meV
             X         Y         Z           dx          dy          dz
      7.773928  2.080707  0.779252    -0.000002    0.202877    0.000003  
      6.053726  0.000000  1.306615     0.000003    0.202877   -0.000001  
      3.062890  0.000000  1.131751     0.000004   -0.202878   -0.000001  
      1.342687  2.080707  1.659113    -0.000001   -0.202878    0.000003  
      0.000000  0.000000  0.000000     0.000001    0.000000    0.000000  
      4.711038  2.080707 -0.352498    -0.000001   -0.000000   -0.000000  
      5.918929  2.080707  1.358752    -0.000001   -0.012313   -0.000000  
      0.000000  2.080707  0.000000    -0.000007   -0.000002    0.000002  
      7.908724  0.000000  0.727114     0.000000   -0.012318   -0.000002  
      1.207891  0.000000  1.711251     0.000000    0.012314   -0.000002  
      4.711038  0.000000 -0.352498     0.000007    0.000002    0.000000  
      3.197686  2.080707  1.079613    -0.000000    0.012318   -0.000000  
 
  17 f  =   11.243386 THz    70.644275 2PiTHz  375.038974 cm-1    46.498886 meV
             X         Y         Z           dx          dy          dz
      7.773928  2.080707  0.779252    -0.069184   -0.000172   -0.072151  
      6.053726  0.000000  1.306615    -0.068970   -0.000155   -0.072541  
      3.062890  0.000000  1.131751    -0.068955   -0.000177   -0.072545  
      1.342687  2.080707  1.659113    -0.069180   -0.000161   -0.072222  
      0.000000  0.000000  0.000000     0.006012    0.000007   -0.004816  
      4.711038  2.080707 -0.352498     0.005997    0.000007   -0.004849  
      5.918929  2.080707  1.358752     0.008492    0.000018    0.091116  
      0.000000  2.080707  0.000000    -0.032240   -0.000016   -0.073082  
      7.908724  0.000000  0.727114     0.008502    0.000041    0.090648  
      1.207891  0.000000  1.711251     0.008508    0.000019    0.090619  
      4.711038  0.000000 -0.352498    -0.032078   -0.000016   -0.073439  
      3.197686  2.080707  1.079613     0.008503    0.000042    0.091119  
 
  18 f  =   11.241399 THz    70.631796 2PiTHz  374.972724 cm-1    46.490672 meV
             X         Y         Z           dx          dy          dz
      7.773928  2.080707  0.779252     0.000057   -0.191941    0.000065  
      6.053726  0.000000  1.306615     0.000070   -0.191936    0.000061  
      3.062890  0.000000  1.131751     0.000057   -0.191940    0.000064  
      1.342687  2.080707  1.659113     0.000068   -0.191935    0.000062  
      0.000000  0.000000  0.000000    -0.000006    0.008537    0.000004  
      4.711038  2.080707 -0.352498    -0.000006    0.008537    0.000004  
      5.918929  2.080707  1.358752    -0.000002    0.034326   -0.000076  
      0.000000  2.080707  0.000000     0.000028   -0.019512    0.000063  
      7.908724  0.000000  0.727114    -0.000006    0.034331   -0.000079  
      1.207891  0.000000  1.711251    -0.000003    0.034326   -0.000077  
      4.711038  0.000000 -0.352498     0.000029   -0.019512    0.000063  
      3.197686  2.080707  1.079613    -0.000007    0.034331   -0.000079  
 
  19 f  =   10.623370 THz    66.748601 2PiTHz  354.357476 cm-1    43.934708 meV
             X         Y         Z           dx          dy          dz
      7.773928  2.080707  0.779252     0.000016   -0.060208    0.000013  
      6.053726  0.000000  1.306615     0.000017    0.060219    0.000011  
      3.062890  0.000000  1.131751     0.000020   -0.060208    0.000013  
      1.342687  2.080707  1.659113     0.000019    0.060218    0.000013  
      0.000000  0.000000  0.000000    -0.000001   -0.000000    0.000000  
      4.711038  2.080707 -0.352498    -0.000002   -0.000000    0.000000  
      5.918929  2.080707  1.358752     0.000003   -0.119423   -0.000009  
      0.000000  2.080707  0.000000    -0.000012    0.000001    0.000003  
      7.908724  0.000000  0.727114     0.000003    0.119424   -0.000008  
      1.207891  0.000000  1.711251     0.000005   -0.119423   -0.000008  
      4.711038  0.000000 -0.352498    -0.000008    0.000001    0.000004  
      3.197686  2.080707  1.079613     0.000005    0.119424   -0.000009  
 
  20 f  =    9.160008 THz    57.554025 2PiTHz  305.544963 cm-1    37.882730 meV
             X         Y         Z           dx          dy          dz
      7.773928  2.080707  0.779252     0.000016   -0.009759   -0.000014  
      6.053726  0.000000  1.306615     0.000006    0.009767   -0.000013  
      3.062890  0.000000  1.131751    -0.000016    0.009759    0.000015  
      1.342687  2.080707  1.659113    -0.000006   -0.009766    0.000017  
      0.000000  0.000000  0.000000    -0.000002   -0.012712   -0.000000  
      4.711038  2.080707 -0.352498     0.000001    0.012712    0.000000  
      5.918929  2.080707  1.358752     0.000012   -0.111967    0.000007  
      0.000000  2.080707  0.000000     0.000036    0.065603    0.000016  
      7.908724  0.000000  0.727114    -0.000003    0.111961    0.000001  
      1.207891  0.000000  1.711251    -0.000012    0.111967   -0.000006  
      4.711038  0.000000 -0.352498    -0.000035   -0.065603   -0.000017  
      3.197686  2.080707  1.079613     0.000005   -0.111961   -0.000001  
 
  21 f  =    9.085897 THz    57.088373 2PiTHz  303.072892 cm-1    37.576233 meV
             X         Y         Z           dx          dy          dz
      7.773928  2.080707  0.779252     0.023206    0.000013   -0.012289  
      6.053726  0.000000  1.306615    -0.023151    0.000009    0.012323  
      3.062890  0.000000  1.131751    -0.023172   -0.000015    0.012363  
      1.342687  2.080707  1.659113     0.023209   -0.000010   -0.012037  
      0.000000  0.000000  0.000000    -0.006774    0.000003   -0.000806  
      4.711038  2.080707 -0.352498     0.006785   -0.000003    0.000800  
      5.918929  2.080707  1.358752     0.036178    0.000050    0.009085  
      0.000000  2.080707  0.000000     0.152413   -0.000015    0.064611  
      7.908724  0.000000  0.727114    -0.036185    0.000001   -0.009092  
      1.207891  0.000000  1.711251    -0.036184   -0.000053   -0.009057  
      4.711038  0.000000 -0.352498    -0.152547    0.000016   -0.064696  
      3.197686  2.080707  1.079613     0.036168    0.000002    0.009094  
 
  22 f  =    8.860222 THz    55.670417 2PiTHz  295.545193 cm-1    36.642917 meV
             X         Y         Z           dx          dy          dz
      7.773928  2.080707  0.779252    -0.053935   -0.000007   -0.085169  
      6.053726  0.000000  1.306615    -0.053978    0.000007   -0.085151  
      3.062890  0.000000  1.131751    -0.054010   -0.000006   -0.085054  
      1.342687  2.080707  1.659113    -0.053934    0.000007   -0.084739  
      0.000000  0.000000  0.000000    -0.009528   -0.000000    0.000345  
      4.711038  2.080707 -0.352498    -0.009513   -0.000000    0.000351  
      5.918929  2.080707  1.358752     0.002217   -0.000012    0.006623  
      0.000000  2.080707  0.000000     0.142665    0.000000    0.046825  
      7.908724  0.000000  0.727114     0.002170    0.000009    0.006603  
      1.207891  0.000000  1.711251     0.002172   -0.000008    0.006653  
      4.711038  0.000000 -0.352498     0.142449    0.000000    0.046812  
      3.197686  2.080707  1.079613     0.002203    0.000012    0.006637  
 
  23 f  =    8.734905 THz    54.883026 2PiTHz  291.365066 cm-1    36.124648 meV
             X         Y         Z           dx          dy          dz
      7.773928  2.080707  0.779252     0.000012   -0.020085    0.000012  
      6.053726  0.000000  1.306615    -0.000009   -0.020088   -0.000018  
      3.062890  0.000000  1.131751    -0.000010    0.020085   -0.000022  
      1.342687  2.080707  1.659113     0.000012    0.020088    0.000015  
      0.000000  0.000000  0.000000    -0.000001   -0.000000    0.000001  
      4.711038  2.080707 -0.352498     0.000003    0.000000   -0.000000  
      5.918929  2.080707  1.358752     0.000013   -0.124390    0.000010  
      0.000000  2.080707  0.000000     0.000028   -0.000003    0.000005  
      7.908724  0.000000  0.727114    -0.000015   -0.124394   -0.000012  
      1.207891  0.000000  1.711251    -0.000017    0.124389   -0.000012  
      4.711038  0.000000 -0.352498    -0.000035    0.000004   -0.000002  
      3.197686  2.080707  1.079613     0.000014    0.124394    0.000009  
 
  24 f  =    8.286490 THz    52.065551 2PiTHz  276.407549 cm-1    34.270153 meV
             X         Y         Z           dx          dy          dz
      7.773928  2.080707  0.779252     0.011589    0.000001   -0.199872  
      6.053726  0.000000  1.306615     0.011676   -0.000001   -0.199733  
      3.062890  0.000000  1.131751    -0.011196   -0.000001    0.199124  
      1.342687  2.080707  1.659113    -0.011387    0.000001    0.197891  
      0.000000  0.000000  0.000000     0.000032    0.000001    0.000054  
      4.711038  2.080707 -0.352498     0.000001   -0.000001    0.000028  
      5.918929  2.080707  1.358752     0.007621    0.000008   -0.024765  
      0.000000  2.080707  0.000000    -0.000572   -0.000005    0.000353  
      7.908724  0.000000  0.727114     0.007659   -0.000008   -0.024734  
      1.207891  0.000000  1.711251    -0.007512   -0.000007    0.024491  
      4.711038  0.000000 -0.352498    -0.000319    0.000005    0.000126  
      3.197686  2.080707  1.079613    -0.007498    0.000008    0.024568  
 
  25 f  =    8.180620 THz    51.400352 2PiTHz  272.876112 cm-1    33.832311 meV
             X         Y         Z           dx          dy          dz
      7.773928  2.080707  0.779252     0.030912    0.000002   -0.154734  
      6.053726  0.000000  1.306615     0.030769   -0.000002   -0.155003  
      3.062890  0.000000  1.131751     0.030783    0.000001   -0.157731  
      1.342687  2.080707  1.659113     0.031103   -0.000003   -0.155581  
      0.000000  0.000000  0.000000     0.002201   -0.000000    0.010160  
      4.711038  2.080707 -0.352498     0.002249    0.000000    0.010212  
      5.918929  2.080707  1.358752     0.014186    0.000005   -0.027080  
      0.000000  2.080707  0.000000    -0.076390    0.000001    0.057526  
      7.908724  0.000000  0.727114     0.014146    0.000002   -0.027100  
      1.207891  0.000000  1.711251     0.014267   -0.000000   -0.027223  
      4.711038  0.000000 -0.352498    -0.076707    0.000000    0.057950  
      3.197686  2.080707  1.079613     0.014215   -0.000006   -0.027402  
 
  26 f  =    8.029913 THz    50.453431 2PiTHz  267.849065 cm-1    33.209037 meV
             X         Y         Z           dx          dy          dz
      7.773928  2.080707  0.779252    -0.032351   -0.000003   -0.180605  
      6.053726  0.000000  1.306615     0.032479   -0.000003    0.180251  
      3.062890  0.000000  1.131751     0.031870    0.000003    0.172550  
      1.342687  2.080707  1.659113    -0.031665    0.000003   -0.174461  
      0.000000  0.000000  0.000000     0.006345   -0.000000    0.008420  
      4.711038  2.080707 -0.352498    -0.006339    0.000000   -0.008342  
      5.918929  2.080707  1.358752     0.003447   -0.000013    0.015337  
      0.000000  2.080707  0.000000    -0.033972    0.000001    0.064024  
      7.908724  0.000000  0.727114    -0.003395   -0.000011   -0.015446  
      1.207891  0.000000  1.711251    -0.003044    0.000013   -0.014810  
      4.711038  0.000000 -0.352498     0.033596   -0.000001   -0.063611  
      3.197686  2.080707  1.079613     0.003173    0.000011    0.014508  
 
  27 f  =    8.003016 THz    50.284436 2PiTHz  266.951895 cm-1    33.097802 meV
             X         Y         Z           dx          dy          dz
      7.773928  2.080707  0.779252     0.018088    0.000001    0.196283  
      6.053726  0.000000  1.306615    -0.018012    0.000000   -0.196548  
      3.062890  0.000000  1.131751     0.019228    0.000001    0.201869  
      1.342687  2.080707  1.659113    -0.019088    0.000001   -0.203255  
      0.000000  0.000000  0.000000     0.000108   -0.000000    0.000180  
      4.711038  2.080707 -0.352498    -0.000106   -0.000000   -0.000119  
      5.918929  2.080707  1.358752    -0.008880   -0.000000   -0.020956  
      0.000000  2.080707  0.000000    -0.000655    0.000001    0.001247  
      7.908724  0.000000  0.727114     0.008911   -0.000000    0.020863  
      1.207891  0.000000  1.711251    -0.008981    0.000003   -0.021590  
      4.711038  0.000000 -0.352498     0.000424    0.000000   -0.000968  
      3.197686  2.080707  1.079613     0.009074    0.000001    0.021351  
 
  28 f  =    7.065474 THz    44.393684 2PiTHz  235.678855 cm-1    29.220441 meV
             X         Y         Z           dx          dy          dz
      7.773928  2.080707  0.779252    -0.000006   -0.026152    0.000002  
      6.053726  0.000000  1.306615     0.000005   -0.026152   -0.000003  
      3.062890  0.000000  1.131751    -0.000006   -0.026152    0.000001  
      1.342687  2.080707  1.659113     0.000005   -0.026152   -0.000003  
      0.000000  0.000000  0.000000     0.000000    0.024762    0.000000  
      4.711038  2.080707 -0.352498    -0.000000    0.024762    0.000000  
      5.918929  2.080707  1.358752    -0.000001   -0.103477    0.000000  
      0.000000  2.080707  0.000000     0.000000   -0.049811   -0.000000  
      7.908724  0.000000  0.727114     0.000001   -0.103474   -0.000001  
      1.207891  0.000000  1.711251    -0.000001   -0.103477    0.000000  
      4.711038  0.000000 -0.352498     0.000000   -0.049811   -0.000001  
      3.197686  2.080707  1.079613     0.000001   -0.103474   -0.000001  
 
  29 f  =    6.607057 THz    41.513360 2PiTHz  220.387683 cm-1    27.324578 meV
             X         Y         Z           dx          dy          dz
      7.773928  2.080707  0.779252    -0.000515   -0.000000    0.037756  
      6.053726  0.000000  1.306615    -0.000541   -0.000000    0.037685  
      3.062890  0.000000  1.131751    -0.000530   -0.000000    0.037710  
      1.342687  2.080707  1.659113    -0.000522   -0.000000    0.037616  
      0.000000  0.000000  0.000000     0.002798    0.000000   -0.023731  
      4.711038  2.080707 -0.352498     0.002794    0.000000   -0.023708  
      5.918929  2.080707  1.358752    -0.000946   -0.000000    0.051564  
      0.000000  2.080707  0.000000    -0.028954   -0.000000    0.132947  
      7.908724  0.000000  0.727114    -0.000930   -0.000001    0.051633  
      1.207891  0.000000  1.711251    -0.000935   -0.000000    0.051620  
      4.711038  0.000000 -0.352498    -0.028896   -0.000000    0.132800  
      3.197686  2.080707  1.079613    -0.000941   -0.000001    0.051566  
 
  30 f  =    6.402247 THz    40.226506 2PiTHz  213.555981 cm-1    26.477555 meV
             X         Y         Z           dx          dy          dz
      7.773928  2.080707  0.779252    -0.021225    0.000003   -0.036754  
      6.053726  0.000000  1.306615     0.021219    0.000003    0.036779  
      3.062890  0.000000  1.131751     0.021218   -0.000003    0.036765  
      1.342687  2.080707  1.659113    -0.021214   -0.000003   -0.036626  
      0.000000  0.000000  0.000000    -0.000849   -0.000000    0.025133  
      4.711038  2.080707 -0.352498     0.000851    0.000000   -0.025163  
      5.918929  2.080707  1.358752     0.009449    0.000006    0.052691  
      0.000000  2.080707  0.000000     0.042886    0.000001   -0.123497  
      7.908724  0.000000  0.727114    -0.009455    0.000008   -0.052645  
      1.207891  0.000000  1.711251    -0.009450   -0.000007   -0.052633  
      4.711038  0.000000 -0.352498    -0.042908   -0.000000    0.123630  
      3.197686  2.080707  1.079613     0.009447   -0.000008    0.052690  
 
  31 f  =    3.319595 THz    20.857633 2PiTHz  110.729784 cm-1    13.728737 meV
             X         Y         Z           dx          dy          dz
      7.773928  2.080707  0.779252    -0.009133   -0.000001    0.008734  
      6.053726  0.000000  1.306615     0.009124   -0.000001   -0.008734  
      3.062890  0.000000  1.131751     0.009133    0.000002   -0.008730  
      1.342687  2.080707  1.659113    -0.009124    0.000002    0.008723  
      0.000000  0.000000  0.000000     0.048961   -0.000000   -0.004261  
      4.711038  2.080707 -0.352498    -0.048961    0.000000    0.004264  
      5.918929  2.080707  1.358752    -0.033235   -0.000002   -0.001943  
      0.000000  2.080707  0.000000     0.044011   -0.000000   -0.005670  
      7.908724  0.000000  0.727114     0.033234   -0.000003    0.001945  
      1.207891  0.000000  1.711251     0.033235    0.000003    0.001944  
      4.711038  0.000000 -0.352498    -0.044011   -0.000001    0.005669  
      3.197686  2.080707  1.079613    -0.033233    0.000002   -0.001943  
 
  32 f  =    2.386985 THz    14.997871 2PiTHz   79.621257 cm-1     9.871773 meV
             X         Y         Z           dx          dy          dz
      7.773928  2.080707  0.779252     0.000003   -0.028153    0.000000  
      6.053726  0.000000  1.306615     0.000003    0.028152    0.000002  
      3.062890  0.000000  1.131751    -0.000002    0.028152   -0.000001  
      1.342687  2.080707  1.659113    -0.000002   -0.028152   -0.000002  
      0.000000  0.000000  0.000000     0.000000   -0.050438   -0.000001  
      4.711038  2.080707 -0.352498     0.000001    0.050437    0.000001  
      5.918929  2.080707  1.358752     0.000002    0.022428    0.000002  
      0.000000  2.080707  0.000000     0.000001   -0.035623   -0.000000  
      7.908724  0.000000  0.727114     0.000001   -0.022426    0.000001  
      1.207891  0.000000  1.711251    -0.000001   -0.022428   -0.000002  
      4.711038  0.000000 -0.352498     0.000001    0.035623    0.000000  
      3.197686  2.080707  1.079613    -0.000001    0.022426   -0.000001  
 
  33 fi =    0.002840 THz     0.017845 2PiTHz    0.094734 cm-1     0.011745 meV
             X         Y         Z           dx          dy          dz
      7.773928  2.080707  0.779252     0.001389   -0.045772    0.000033  
      6.053726  0.000000  1.306615     0.001396   -0.045772    0.000037  
      3.062890  0.000000  1.131751     0.001391   -0.045772    0.000038  
      1.342687  2.080707  1.659113     0.001395   -0.045772    0.000032  
      0.000000  0.000000  0.000000     0.001393   -0.045769    0.000033  
      4.711038  2.080707 -0.352498     0.001393   -0.045769    0.000038  
      5.918929  2.080707  1.358752     0.001395   -0.045728    0.000039  
      0.000000  2.080707  0.000000     0.001392   -0.045769    0.000032  
      7.908724  0.000000  0.727114     0.001393   -0.045728    0.000032  
      1.207891  0.000000  1.711251     0.001394   -0.045728    0.000033  
      4.711038  0.000000 -0.352498     0.001391   -0.045769    0.000038  
      3.197686  2.080707  1.079613     0.001394   -0.045728    0.000038  
 
  34 fi =    0.003960 THz     0.024880 2PiTHz    0.132082 cm-1     0.016376 meV
             X         Y         Z           dx          dy          dz
      7.773928  2.080707  0.779252    -0.045745   -0.001393   -0.001127  
      6.053726  0.000000  1.306615    -0.045739   -0.001393   -0.001104  
      3.062890  0.000000  1.131751    -0.045739   -0.001392   -0.001103  
      1.342687  2.080707  1.659113    -0.045745   -0.001393   -0.001127  
      0.000000  0.000000  0.000000    -0.045752   -0.001394   -0.001133  
      4.711038  2.080707 -0.352498    -0.045750   -0.001393   -0.001109  
      5.918929  2.080707  1.358752    -0.045772   -0.001392   -0.001114  
      0.000000  2.080707  0.000000    -0.045697   -0.001395   -0.001123  
      7.908724  0.000000  0.727114    -0.045776   -0.001395   -0.001139  
      1.207891  0.000000  1.711251    -0.045776   -0.001391   -0.001139  
      4.711038  0.000000 -0.352498    -0.045699   -0.001395   -0.001098  
      3.197686  2.080707  1.079613    -0.045771   -0.001391   -0.001113  
 
  35 fi =    0.004113 THz     0.025842 2PiTHz    0.137189 cm-1     0.017009 meV
             X         Y         Z           dx          dy          dz
      7.773928  2.080707  0.779252     0.001099   -0.000001   -0.045820  
      6.053726  0.000000  1.306615     0.001123   -0.000001   -0.045725  
      3.062890  0.000000  1.131751     0.001123   -0.000001   -0.045728  
      1.342687  2.080707  1.659113     0.001100   -0.000001   -0.045826  
      0.000000  0.000000  0.000000     0.001119   -0.000001   -0.045816  
      4.711038  2.080707 -0.352498     0.001123   -0.000001   -0.045720  
      5.918929  2.080707  1.358752     0.001127   -0.000001   -0.045703  
      0.000000  2.080707  0.000000     0.001152   -0.000001   -0.045887  
      7.908724  0.000000  0.727114     0.001109   -0.000001   -0.045803  
      1.207891  0.000000  1.711251     0.001113   -0.000001   -0.045804  
      4.711038  0.000000 -0.352498     0.001140   -0.000001   -0.045798  
      3.197686  2.080707  1.079613     0.001127   -0.000001   -0.045703  
 
  36 fi =    0.324021 THz     2.035884 2PiTHz   10.808180 cm-1     1.340043 meV
             X         Y         Z           dx          dy          dz
      7.773928  2.080707  0.779252    -0.011100    0.000004   -0.044062  
      6.053726  0.000000  1.306615     0.011120    0.000004    0.044160  
      3.062890  0.000000  1.131751     0.011122    0.000002    0.044158  
      1.342687  2.080707  1.659113    -0.011098    0.000003   -0.044059  
      0.000000  0.000000  0.000000    -0.003025    0.000004   -0.045035  
      4.711038  2.080707 -0.352498     0.003047    0.000003    0.045131  
      5.918929  2.080707  1.358752     0.008579    0.000004    0.047483  
      0.000000  2.080707  0.000000     0.004846    0.000004   -0.047355  
      7.908724  0.000000  0.727114    -0.008561    0.000005   -0.047386  
      1.207891  0.000000  1.711251    -0.008558    0.000002   -0.047387  
      4.711038  0.000000 -0.352498    -0.004823    0.000003    0.047462  
      3.197686  2.080707  1.079613     0.008582    0.000001    0.047482  
 
