001 2895.044500 .000160556296014541
002 2691.214595 .05633556530683690016
003 2681.267817 .09674235143094
004 2681.267224 .139453220344
005 1088.128463 1.149139608950
006 1087.828565 1.5530372009
007 1073.781958 .0394048390350561
008 1028.585257 .0318972750133625
009 987.602533 6.989451943561
010 987.371090 18.133264277604
011 960.331606 6.2060932109
012 960.232618 19.1821212045
013 602.912731 1.84777573158975420736
014 587.148744 .64251803578298605625
015 565.299203 1.37085548579024
016 565.294230 .415436103721
017 546.669999 .030214421475394169
018 536.108003 .228730961885
019 536.091563 .190354473141
020 534.113700 .105306642052568089
021 503.058637 .192052532300
022 503.031651 .811226779394
023 473.929519 .314067965730
024 473.924963 .19176078238136
025 473.021167 .1820944278967316
026 472.822049 .0985061054780589
027 449.882300 .410464216934
028 449.865726 1.079284081169
029 444.614317 .006346406416537889
030 435.002694 .744804921730
031 434.982997 1.013921150169
032 407.142324 .868416816721
033 407.130516 .04401933263664
034 405.426987 .030064438138486484
035 398.120198 .008464370443080325
036 383.273555 .072206130706
037 383.269437 .05828893113725
038 349.690847 .09928586685064
039 349.685124 .263576760066
040 349.631989 .0099567203857465
041 306.964064 .09317926723001
042 306.951581 .096327175558
043 258.644673 .00102286013254871204
044 241.381664 .136297001269
045 241.370665 .053259206506
046 223.243844 .02882977463546
047 223.229870 .00562635125525
048 182.274714 .02680163682497621809
049 83.662530 .000864522668304425
050 22.438589 .381580524430
051 22.408428 7.088247721256
