001 2895.0 0.000
002 2691.2 0.003
003 2681.3 0.005
004 2681.3 0.007
005 1088.1 0.060
006 1087.8 0.081
007 1073.8 0.002
008 1028.6 0.002
009  987.6 0.364
010  987.4 0.945
011  960.3 0.324
012  960.2 1.000
013  602.9 0.096
014  587.1 0.033
015  565.3 0.071
016  565.3 0.022
017  546.7 0.002
018  536.1 0.012
019  536.1 0.010
020  534.1 0.005
021  503.1 0.010
022  503.0 0.042
023  473.9 0.016
024  473.9 0.010
025  473.0 0.009
026  472.8 0.005
027  449.9 0.021
028  449.9 0.056
029  444.6 0.000
030  435.0 0.039
031  435.0 0.053
032  407.1 0.045
033  407.1 0.002
034  405.4 0.002
035  398.1 0.000
036  383.3 0.004
037  383.3 0.003
038  349.7 0.005
039  349.7 0.014
040  349.6 0.001
041  307.0 0.005
042  307.0 0.005
043  258.6 0.000
044  241.4 0.007
045  241.4 0.003
046  223.2 0.002
047  223.2 0.000
048  182.3 0.001
049   83.7 0.000
050   22.4 0.020
051   22.4 0.370
