 ion    1
    1     1.01579     0.00000     0.00000
    2     0.00000     1.01580     0.00002
    3     0.00000    -0.00001     1.47167
 ion    2
    1     1.01579    -0.00000     0.00000
    2    -0.00000     1.01579    -0.00002
    3    -0.00000     0.00001     1.47167
 ion    3
    1     3.79878    -0.00000    -0.00006
    2     0.00000     3.79875     0.00003
    3     0.00002    -0.00009     3.91399
 ion    4
    1     3.79877     0.00000     0.00005
    2    -0.00000     3.79875    -0.00004
    3    -0.00002     0.00009     3.91503
 ion    5
    1     6.26135     0.00000    -0.00000
    2    -0.00000     6.26137     0.00064
    3     0.00000    -0.00026     4.43640
 ion    6
    1     6.26128     0.00000     0.00000
    2     0.00000     6.26125    -0.00064
    3    -0.00000     0.00026     4.43622
 ion    7
    1    -2.51913     0.00000    -0.00003
    2    -0.00000    -2.51913     0.00000
    3     0.00000     0.00004    -2.76730
 ion    8
    1    -2.51913    -0.00000     0.00004
    2     0.00000    -2.51913    -0.00000
    3    -0.00000    -0.00004    -2.76717
 ion    9
    1    -1.25192    -0.00000     0.00000
    2     0.00000    -1.25192    -0.00003
    3     0.00002     0.00066    -3.79633
 ion   10
    1    -1.25192     0.00000    -0.00000
    2    -0.00000    -1.25191     0.00003
    3    -0.00001    -0.00065    -3.79611
 ion   11
    1    -2.09333    -0.00000    -0.00001
    2     0.00000    -5.21157    -0.00097
    3     0.00003     0.00035    -1.62956
 ion   12
    1    -5.21156    -0.00000    -0.00003
    2     0.00000    -2.09334     0.00016
    3     0.00001     0.00007    -1.62956
 ion   13
    1    -2.09329     0.00000     0.00001
    2    -0.00000    -5.21145     0.00097
    3    -0.00003    -0.00035    -1.62948
 ion   14
    1    -5.21148    -0.00000     0.00003
    2    -0.00000    -2.09327    -0.00016
    3    -0.00001    -0.00007    -1.62948
