 Eigenvectors and eigenvalues of the dynamical matrix
 ----------------------------------------------------
 
 
   1 f  =   26.056152 THz   163.715633 2PiTHz  869.139686 cm-1   107.759539 meV
             X         Y         Z           dx          dy          dz
      1.890298  1.890298  6.009756     0.000000    0.000001    0.000005  
      0.000000  0.000000  6.009756     0.000000    0.000001    0.000005  
      0.000000  1.890298  1.429213     0.000000   -0.000000   -0.000825  
      1.890298  0.000000 10.590299     0.000000   -0.000000    0.000823  
      0.000000  1.890298  8.469623     0.000000    0.000000    0.052714  
      1.890298  0.000000  3.549888     0.000000    0.000000   -0.052712  
      0.000000  1.890298 11.094227    -0.000000   -0.000000    0.003757  
      1.890298  0.000000  0.925284    -0.000000    0.000000   -0.003748  
      0.000000  1.890298  6.667606    -0.000001    0.000001   -0.150032  
      1.890298  0.000000  5.351906    -0.000001    0.000001    0.150028  
      0.000000  0.000000  8.931436     0.000001   -0.000001   -0.014245  
      1.890298  1.890298  8.931436    -0.000000    0.000000   -0.014245  
      1.890298  1.890298  3.088076     0.000000   -0.000000    0.014245  
      0.000000  0.000000  3.088076     0.000001   -0.000000    0.014245  
 
   2 f  =   24.183066 THz   151.946683 2PiTHz  806.660242 cm-1   100.013078 meV
             X         Y         Z           dx          dy          dz
      1.890298  1.890298  6.009756    -0.000001   -0.000001   -0.039133  
      0.000000  0.000000  6.009756     0.000001    0.000001   -0.039133  
      0.000000  1.890298  1.429213    -0.000000    0.000000    0.005620  
      1.890298  0.000000 10.590299     0.000000   -0.000000    0.005618  
      0.000000  1.890298  8.469623    -0.000001   -0.000001   -0.044836  
      1.890298  0.000000  3.549888     0.000001    0.000001   -0.044839  
      0.000000  1.890298 11.094227     0.000000   -0.000000   -0.040925  
      1.890298  0.000000  0.925284    -0.000000    0.000001   -0.040932  
      0.000000  1.890298  6.667606     0.000001    0.000004    0.150541  
      1.890298  0.000000  5.351906    -0.000002   -0.000004    0.150547  
      0.000000  0.000000  8.931436    -0.000001    0.000001   -0.004770  
      1.890298  1.890298  8.931436     0.000001   -0.000001   -0.004770  
      1.890298  1.890298  3.088076     0.000001   -0.000001   -0.004768  
      0.000000  0.000000  3.088076    -0.000000    0.000001   -0.004768  
 
   3 f  =   17.411758 THz   109.401303 2PiTHz  580.793735 cm-1    72.009213 meV
             X         Y         Z           dx          dy          dz
      1.890298  1.890298  6.009756     0.000003    0.008444   -0.000016  
      0.000000  0.000000  6.009756    -0.000003   -0.008404   -0.000016  
      0.000000  1.890298  1.429213    -0.000000    0.000296    0.000001  
      1.890298  0.000000 10.590299     0.000000   -0.000300    0.000001  
      0.000000  1.890298  8.469623     0.000003   -0.021222    0.000005  
      1.890298  0.000000  3.549888    -0.000012    0.020740    0.000005  
      0.000000  1.890298 11.094227     0.000003   -0.016078    0.000001  
      1.890298  0.000000  0.925284    -0.000009    0.015647   -0.000001  
      0.000000  1.890298  6.667606     0.000001   -0.007765    0.000000  
      1.890298  0.000000  5.351906    -0.000004    0.007622    0.000000  
      0.000000  0.000000  8.931436     0.000011    0.158762   -0.000011  
      1.890298  1.890298  8.931436    -0.000025   -0.071174   -0.000005  
      1.890298  1.890298  3.088076    -0.000040   -0.155169   -0.000010  
      0.000000  0.000000  3.088076     0.000088    0.069569   -0.000005  
 
   4 f  =   17.411466 THz   109.399466 2PiTHz  580.783985 cm-1    72.008004 meV
             X         Y         Z           dx          dy          dz
      1.890298  1.890298  6.009756    -0.008445    0.000003   -0.000007  
      0.000000  0.000000  6.009756     0.008422   -0.000003   -0.000007  
      0.000000  1.890298  1.429213     0.000299    0.000000    0.000000  
      1.890298  0.000000 10.590299    -0.000302   -0.000000    0.000000  
      0.000000  1.890298  8.469623    -0.020584   -0.000004    0.000003  
      1.890298  0.000000  3.549888     0.021379    0.000011    0.000002  
      0.000000  1.890298 11.094227    -0.015564   -0.000003   -0.000000  
      1.890298  0.000000  0.925284     0.016161    0.000008    0.000000  
      0.000000  1.890298  6.667606    -0.007570   -0.000002   -0.000001  
      1.890298  0.000000  5.351906     0.007816    0.000004   -0.000000  
      0.000000  0.000000  8.931436    -0.068964    0.000028   -0.000003  
      1.890298  1.890298  8.931436     0.154025   -0.000012   -0.000003  
      1.890298  1.890298  3.088076     0.071699   -0.000087   -0.000003  
      0.000000  0.000000  3.088076    -0.159897    0.000039   -0.000003  
 
   5 f  =   17.396815 THz   109.307414 2PiTHz  580.295295 cm-1    71.947414 meV
             X         Y         Z           dx          dy          dz
      1.890298  1.890298  6.009756    -0.000001    0.001220    0.000000  
      0.000000  0.000000  6.009756     0.000002    0.001412    0.000000  
      0.000000  1.890298  1.429213    -0.000000   -0.000185   -0.000000  
      1.890298  0.000000 10.590299    -0.000000   -0.000178    0.000000  
      0.000000  1.890298  8.469623    -0.000015   -0.020941    0.000001  
      1.890298  0.000000  3.549888    -0.000007   -0.021423   -0.000001  
      0.000000  1.890298 11.094227    -0.000011   -0.015573    0.000001  
      1.890298  0.000000  0.925284    -0.000005   -0.015858   -0.000001  
      0.000000  1.890298  6.667606    -0.000005   -0.006317    0.000001  
      1.890298  0.000000  5.351906    -0.000002   -0.006495   -0.000001  
      0.000000  0.000000  8.931436    -0.000050    0.155231   -0.000004  
      1.890298  1.890298  8.931436     0.000112   -0.069590   -0.000003  
      1.890298  1.890298  3.088076    -0.000022    0.158830    0.000003  
      0.000000  0.000000  3.088076     0.000050   -0.071205    0.000005  
 
   6 f  =   17.396735 THz   109.306913 2PiTHz  580.292632 cm-1    71.947084 meV
             X         Y         Z           dx          dy          dz
      1.890298  1.890298  6.009756     0.001173   -0.000002   -0.000001  
      0.000000  0.000000  6.009756     0.001493    0.000001   -0.000001  
      0.000000  1.890298  1.429213    -0.000175    0.000000    0.000000  
      1.890298  0.000000 10.590299    -0.000196    0.000000   -0.000000  
      0.000000  1.890298  8.469623    -0.021577    0.000015    0.000001  
      1.890298  0.000000  3.549888    -0.020784    0.000007    0.000000  
      0.000000  1.890298 11.094227    -0.016037    0.000011    0.000001  
      1.890298  0.000000  0.925284    -0.015435    0.000005    0.000000  
      0.000000  1.890298  6.667606    -0.006547    0.000005    0.000000  
      1.890298  0.000000  5.351906    -0.006259    0.000002   -0.000000  
      0.000000  0.000000  8.931436    -0.071634   -0.000111   -0.000001  
      1.890298  1.890298  8.931436     0.159999    0.000050   -0.000001  
      1.890298  1.890298  3.088076    -0.069061   -0.000052   -0.000000  
      0.000000  0.000000  3.088076     0.154059    0.000024   -0.000001  
 
   7 f  =   15.989298 THz   100.463724 2PiTHz  533.345580 cm-1    66.126394 meV
             X         Y         Z           dx          dy          dz
      1.890298  1.890298  6.009756    -0.000000   -0.000035   -0.153675  
      0.000000  0.000000  6.009756    -0.000000    0.000035   -0.153676  
      0.000000  1.890298  1.429213     0.000000    0.000001    0.001423  
      1.890298  0.000000 10.590299    -0.000000   -0.000001    0.001420  
      0.000000  1.890298  8.469623     0.000001    0.000003    0.044077  
      1.890298  0.000000  3.549888    -0.000000   -0.000003    0.044084  
      0.000000  1.890298 11.094227     0.000001    0.000002    0.046265  
      1.890298  0.000000  0.925284    -0.000000   -0.000003    0.046268  
      0.000000  1.890298  6.667606    -0.000001   -0.000032    0.031190  
      1.890298  0.000000  5.351906     0.000001    0.000031    0.031205  
      0.000000  0.000000  8.931436     0.000004   -0.000014   -0.081918  
      1.890298  1.890298  8.931436    -0.000007    0.000009   -0.081918  
      1.890298  1.890298  3.088076    -0.000003    0.000014   -0.081946  
      0.000000  0.000000  3.088076     0.000005   -0.000009   -0.081946  
 
   8 f  =   14.919028 THz    93.739016 2PiTHz  497.645200 cm-1    61.700113 meV
             X         Y         Z           dx          dy          dz
      1.890298  1.890298  6.009756     0.282260   -0.000364    0.000001  
      0.000000  0.000000  6.009756    -0.282258    0.000364    0.000001  
      0.000000  1.890298  1.429213     0.000018   -0.000000   -0.000000  
      1.890298  0.000000 10.590299    -0.000018   -0.000000   -0.000000  
      0.000000  1.890298  8.469623    -0.003220   -0.000004   -0.000001  
      1.890298  0.000000  3.549888     0.003220    0.000004   -0.000000  
      0.000000  1.890298 11.094227    -0.000484   -0.000001    0.000001  
      1.890298  0.000000  0.925284     0.000484    0.000001    0.000001  
      0.000000  1.890298  6.667606    -0.035483   -0.000046    0.000001  
      1.890298  0.000000  5.351906     0.035481    0.000046    0.000001  
      0.000000  0.000000  8.931436     0.000594    0.000004    0.000000  
      1.890298  1.890298  8.931436     0.002892    0.000001    0.000001  
      1.890298  1.890298  3.088076    -0.000590   -0.000004   -0.000001  
      0.000000  0.000000  3.088076    -0.002889   -0.000001   -0.000001  
 
   9 f  =   14.918820 THz    93.737713 2PiTHz  497.638280 cm-1    61.699255 meV
             X         Y         Z           dx          dy          dz
      1.890298  1.890298  6.009756    -0.000364   -0.282266   -0.000026  
      0.000000  0.000000  6.009756     0.000364    0.282268   -0.000026  
      0.000000  1.890298  1.429213     0.000000    0.000018    0.000004  
      1.890298  0.000000 10.590299     0.000000   -0.000018    0.000004  
      0.000000  1.890298  8.469623     0.000004   -0.003220    0.000001  
      1.890298  0.000000  3.549888    -0.000004    0.003220    0.000001  
      0.000000  1.890298 11.094227     0.000001   -0.000485   -0.000054  
      1.890298  0.000000  0.925284    -0.000001    0.000483   -0.000054  
      0.000000  1.890298  6.667606     0.000046   -0.035460   -0.000017  
      1.890298  0.000000  5.351906    -0.000046    0.035458   -0.000017  
      0.000000  0.000000  8.931436    -0.000001    0.002884    0.000021  
      1.890298  1.890298  8.931436    -0.000004    0.000589    0.000021  
      1.890298  1.890298  3.088076     0.000001   -0.002884    0.000020  
      0.000000  0.000000  3.088076     0.000004   -0.000589    0.000020  
 
  10 f  =   14.848027 THz    93.292907 2PiTHz  495.276881 cm-1    61.406479 meV
             X         Y         Z           dx          dy          dz
      1.890298  1.890298  6.009756     0.000003    0.000000    0.000081  
      0.000000  0.000000  6.009756    -0.000001    0.000002    0.000081  
      0.000000  1.890298  1.429213     0.000000    0.000000   -0.011137  
      1.890298  0.000000 10.590299     0.000000    0.000000    0.011112  
      0.000000  1.890298  8.469623    -0.000000    0.000001    0.031804  
      1.890298  0.000000  3.549888    -0.000000    0.000001   -0.031809  
      0.000000  1.890298 11.094227    -0.000000    0.000002    0.011509  
      1.890298  0.000000  0.925284    -0.000000    0.000002   -0.011330  
      0.000000  1.890298  6.667606     0.000000    0.000003    0.055086  
      1.890298  0.000000  5.351906     0.000001    0.000003   -0.055023  
      0.000000  0.000000  8.931436    -0.000000   -0.000004   -0.109539  
      1.890298  1.890298  8.931436    -0.000001    0.000006   -0.109540  
      1.890298  1.890298  3.088076    -0.000001   -0.000003    0.109490  
      0.000000  0.000000  3.088076    -0.000000    0.000005    0.109490  
 
  11 f  =   14.428724 THz    90.658346 2PiTHz  481.290426 cm-1    59.672381 meV
             X         Y         Z           dx          dy          dz
      1.890298  1.890298  6.009756     0.000002    0.000114   -0.139705  
      0.000000  0.000000  6.009756    -0.000002   -0.000113   -0.139710  
      0.000000  1.890298  1.429213    -0.000000   -0.000000    0.013594  
      1.890298  0.000000 10.590299     0.000000    0.000000    0.013607  
      0.000000  1.890298  8.469623    -0.000001    0.000004    0.021121  
      1.890298  0.000000  3.549888     0.000000   -0.000004    0.021077  
      0.000000  1.890298 11.094227     0.000001    0.000001   -0.137015  
      1.890298  0.000000  0.925284    -0.000000   -0.000001   -0.137086  
      0.000000  1.890298  6.667606     0.000001   -0.000036   -0.035096  
      1.890298  0.000000  5.351906    -0.000001    0.000036   -0.035160  
      0.000000  0.000000  8.931436     0.000000   -0.000008    0.021811  
      1.890298  1.890298  8.931436    -0.000002   -0.000001    0.021811  
      1.890298  1.890298  3.088076    -0.000001    0.000008    0.021952  
      0.000000  0.000000  3.088076     0.000003    0.000001    0.021951  
 
  12 f  =   12.813363 THz    80.508734 2PiTHz  427.407781 cm-1    52.991787 meV
             X         Y         Z           dx          dy          dz
      1.890298  1.890298  6.009756    -0.232616    0.000116    0.000000  
      0.000000  0.000000  6.009756    -0.232619    0.000116   -0.000000  
      0.000000  1.890298  1.429213    -0.000106    0.000000   -0.000000  
      1.890298  0.000000 10.590299    -0.000105    0.000000    0.000000  
      0.000000  1.890298  8.469623    -0.008230    0.000004    0.000000  
      1.890298  0.000000  3.549888    -0.008230    0.000004   -0.000000  
      0.000000  1.890298 11.094227    -0.000821    0.000001    0.000002  
      1.890298  0.000000  0.925284    -0.000816   -0.000000   -0.000002  
      0.000000  1.890298  6.667606     0.103168   -0.000052   -0.000000  
      1.890298  0.000000  5.351906     0.103171   -0.000051    0.000001  
      0.000000  0.000000  8.931436     0.006380   -0.000002   -0.000001  
      1.890298  1.890298  8.931436     0.004405   -0.000004    0.000000  
      1.890298  1.890298  3.088076     0.006394   -0.000002    0.000001  
      0.000000  0.000000  3.088076     0.004405   -0.000003    0.000000  
 
  13 f  =   12.812439 THz    80.502931 2PiTHz  427.376974 cm-1    52.987968 meV
             X         Y         Z           dx          dy          dz
      1.890298  1.890298  6.009756     0.000115    0.232620   -0.000004  
      0.000000  0.000000  6.009756     0.000116    0.232616    0.000004  
      0.000000  1.890298  1.429213     0.000000    0.000108    0.000000  
      1.890298  0.000000 10.590299    -0.000000    0.000107   -0.000000  
      0.000000  1.890298  8.469623     0.000004    0.008230    0.000001  
      1.890298  0.000000  3.549888     0.000004    0.008230   -0.000000  
      0.000000  1.890298 11.094227     0.000001    0.000824   -0.000001  
      1.890298  0.000000  0.925284     0.000000    0.000874    0.000001  
      0.000000  1.890298  6.667606    -0.000052   -0.103168    0.000000  
      1.890298  0.000000  5.351906    -0.000051   -0.103168   -0.000000  
      0.000000  0.000000  8.931436    -0.000004   -0.004407   -0.000000  
      1.890298  1.890298  8.931436    -0.000002   -0.006402   -0.000001  
      1.890298  1.890298  3.088076    -0.000003   -0.004405   -0.000001  
      0.000000  0.000000  3.088076    -0.000002   -0.006415    0.000003  
 
  14 f  =   11.688342 THz    73.440016 2PiTHz  389.881107 cm-1    48.339075 meV
             X         Y         Z           dx          dy          dz
      1.890298  1.890298  6.009756     0.000002    0.000002    0.000046  
      0.000000  0.000000  6.009756     0.000003    0.000001    0.000046  
      0.000000  1.890298  1.429213    -0.000000   -0.000001    0.008230  
      1.890298  0.000000 10.590299    -0.000000    0.000000   -0.008232  
      0.000000  1.890298  8.469623    -0.000000   -0.000000    0.004128  
      1.890298  0.000000  3.549888    -0.000000   -0.000001   -0.004127  
      0.000000  1.890298 11.094227    -0.000000    0.000003    0.174392  
      1.890298  0.000000  0.925284     0.000001   -0.000001   -0.174366  
      0.000000  1.890298  6.667606    -0.000002   -0.000001    0.006618  
      1.890298  0.000000  5.351906     0.000000    0.000001   -0.006611  
      0.000000  0.000000  8.931436     0.000001   -0.000001    0.008906  
      1.890298  1.890298  8.931436    -0.000000    0.000001    0.008908  
      1.890298  1.890298  3.088076     0.000000    0.000001   -0.008930  
      0.000000  0.000000  3.088076    -0.000001    0.000004   -0.008930  
 
  15 f  =   11.048074 THz    69.417098 2PiTHz  368.524090 cm-1    45.691143 meV
             X         Y         Z           dx          dy          dz
      1.890298  1.890298  6.009756     0.000210    0.052903    0.000050  
      0.000000  0.000000  6.009756    -0.000208   -0.052908    0.000050  
      0.000000  1.890298  1.429213     0.000002   -0.000423   -0.000005  
      1.890298  0.000000 10.590299    -0.000002    0.000422   -0.000004  
      0.000000  1.890298  8.469623    -0.000104    0.026340   -0.000014  
      1.890298  0.000000  3.549888     0.000104   -0.026341   -0.000014  
      0.000000  1.890298 11.094227    -0.000012    0.003155    0.000033  
      1.890298  0.000000  0.925284     0.000013   -0.003129    0.000036  
      0.000000  1.890298  6.667606     0.000657   -0.166413    0.000008  
      1.890298  0.000000  5.351906    -0.000658    0.166407    0.000008  
      0.000000  0.000000  8.931436     0.000076   -0.006969    0.000010  
      1.890298  1.890298  8.931436     0.000027   -0.019201    0.000011  
      1.890298  1.890298  3.088076    -0.000076    0.006972    0.000010  
      0.000000  0.000000  3.088076    -0.000028    0.019196    0.000011  
 
  16 f  =   11.047903 THz    69.416021 2PiTHz  368.518371 cm-1    45.690434 meV
             X         Y         Z           dx          dy          dz
      1.890298  1.890298  6.009756    -0.052936    0.000208   -0.000000  
      0.000000  0.000000  6.009756     0.052952   -0.000210   -0.000001  
      0.000000  1.890298  1.429213    -0.000422   -0.000002   -0.000000  
      1.890298  0.000000 10.590299     0.000415    0.000002   -0.000000  
      0.000000  1.890298  8.469623     0.026329    0.000104   -0.000000  
      1.890298  0.000000  3.549888    -0.026344   -0.000104   -0.000000  
      0.000000  1.890298 11.094227     0.003120    0.000012   -0.000002  
      1.890298  0.000000  0.925284    -0.003124   -0.000013   -0.000000  
      0.000000  1.890298  6.667606    -0.166415   -0.000657    0.000001  
      1.890298  0.000000  5.351906     0.166412    0.000658    0.000001  
      0.000000  0.000000  8.931436    -0.019117   -0.000027    0.000000  
      1.890298  1.890298  8.931436    -0.006930   -0.000076    0.000001  
      1.890298  1.890298  3.088076     0.019197    0.000028    0.000000  
      0.000000  0.000000  3.088076     0.006974    0.000076    0.000001  
 
  17 f  =    9.282266 THz    58.322199 2PiTHz  309.623073 cm-1    38.388351 meV
             X         Y         Z           dx          dy          dz
      1.890298  1.890298  6.009756     0.000002   -0.000052   -0.179611  
      0.000000  0.000000  6.009756     0.000000   -0.000054    0.179604  
      0.000000  1.890298  1.429213    -0.000001    0.000009   -0.000000  
      1.890298  0.000000 10.590299     0.000000    0.000008   -0.000001  
      0.000000  1.890298  8.469623    -0.000000    0.000045    0.000001  
      1.890298  0.000000  3.549888    -0.000004    0.000047    0.000001  
      0.000000  1.890298 11.094227     0.000002    0.000004    0.000001  
      1.890298  0.000000  0.925284    -0.000003    0.000008   -0.000001  
      0.000000  1.890298  6.667606     0.000002   -0.000018    0.000001  
      1.890298  0.000000  5.351906    -0.000001   -0.000016    0.000001  
      0.000000  0.000000  8.931436    -0.000001   -0.000047    0.097886  
      1.890298  1.890298  8.931436    -0.000000   -0.000144   -0.097883  
      1.890298  1.890298  3.088076     0.000015   -0.000050   -0.097678  
      0.000000  0.000000  3.088076     0.000005   -0.000154    0.097681  
 
  18 f  =    9.049016 THz    56.856647 2PiTHz  301.842696 cm-1    37.423708 meV
             X         Y         Z           dx          dy          dz
      1.890298  1.890298  6.009756    -0.000003   -0.016922   -0.000017  
      0.000000  0.000000  6.009756     0.000006    0.014404   -0.000017  
      0.000000  1.890298  1.429213     0.000003   -0.011275   -0.000001  
      1.890298  0.000000 10.590299    -0.000004    0.011851   -0.000001  
      0.000000  1.890298  8.469623    -0.000010    0.030275    0.000003  
      1.890298  0.000000  3.549888     0.000007   -0.027357    0.000002  
      0.000000  1.890298 11.094227    -0.000015    0.048890   -0.000001  
      1.890298  0.000000  0.925284     0.000013   -0.047830    0.000003  
      0.000000  1.890298  6.667606    -0.000010    0.031633    0.000001  
      1.890298  0.000000  5.351906     0.000008   -0.032353    0.000000  
      0.000000  0.000000  8.931436     0.000050   -0.049320    0.000027  
      1.890298  1.890298  8.931436     0.000016   -0.152691   -0.000026  
      1.890298  1.890298  3.088076    -0.000034    0.046196    0.000028  
      0.000000  0.000000  3.088076    -0.000011    0.142838   -0.000026  
 
  19 f  =    9.045516 THz    56.834655 2PiTHz  301.725946 cm-1    37.409233 meV
             X         Y         Z           dx          dy          dz
      1.890298  1.890298  6.009756     0.026758   -0.000034    0.000008  
      0.000000  0.000000  6.009756    -0.002997   -0.000027   -0.000019  
      0.000000  1.890298  1.429213    -0.013766    0.000005   -0.000001  
      1.890298  0.000000 10.590299     0.008173    0.000010   -0.000001  
      0.000000  1.890298  8.469623     0.013282    0.000041    0.000001  
      1.890298  0.000000  3.549888    -0.041495    0.000028   -0.000000  
      0.000000  1.890298 11.094227     0.043694    0.000018    0.000003  
      1.890298  0.000000  0.925284    -0.048297   -0.000004    0.000002  
      0.000000  1.890298  6.667606     0.033491   -0.000000    0.000001  
      1.890298  0.000000  5.351906    -0.027212   -0.000015   -0.000000  
      0.000000  0.000000  8.931436    -0.093901   -0.000049   -0.000002  
      1.890298  1.890298  8.931436    -0.030341   -0.000151    0.000007  
      1.890298  1.890298  3.088076     0.186677   -0.000027    0.000009  
      0.000000  0.000000  3.088076     0.060263   -0.000084   -0.000006  
 
  20 f  =    9.036802 THz    56.779900 2PiTHz  301.435259 cm-1    37.373192 meV
             X         Y         Z           dx          dy          dz
      1.890298  1.890298  6.009756     0.000031    0.037211   -0.000198  
      0.000000  0.000000  6.009756     0.000010    0.038266    0.000206  
      0.000000  1.890298  1.429213    -0.000012   -0.009209   -0.000000  
      1.890298  0.000000 10.590299     0.000002   -0.008440    0.000001  
      0.000000  1.890298  8.469623    -0.000004   -0.043856   -0.000001  
      1.890298  0.000000  3.549888    -0.000044   -0.045823    0.000001  
      0.000000  1.890298 11.094227     0.000026   -0.005777   -0.000004  
      1.890298  0.000000  0.925284    -0.000034   -0.008738    0.000000  
      0.000000  1.890298  6.667606     0.000026    0.011072   -0.000003  
      1.890298  0.000000  5.351906    -0.000016    0.008921    0.000001  
      0.000000  0.000000  8.931436    -0.000017    0.045651    0.000091  
      1.890298  1.890298  8.931436    -0.000006    0.142020   -0.000092  
      1.890298  1.890298  3.088076     0.000176    0.048874   -0.000100  
      0.000000  0.000000  3.088076     0.000057    0.151924    0.000092  
 
  21 f  =    9.031730 THz    56.748035 2PiTHz  301.266091 cm-1    37.352218 meV
             X         Y         Z           dx          dy          dz
      1.890298  1.890298  6.009756     0.030953   -0.000009    0.000007  
      0.000000  0.000000  6.009756     0.040827   -0.000014   -0.000003  
      0.000000  1.890298  1.429213    -0.004727    0.000004   -0.000000  
      1.890298  0.000000 10.590299    -0.011999    0.000001    0.000001  
      0.000000  1.890298  8.469623    -0.051783    0.000009   -0.000001  
      1.890298  0.000000  3.549888    -0.033508    0.000019   -0.000000  
      0.000000  1.890298 11.094227    -0.022174   -0.000005   -0.000002  
      1.890298  0.000000  0.925284     0.008405    0.000009   -0.000000  
      0.000000  1.890298  6.667606    -0.000483   -0.000008   -0.000000  
      1.890298  0.000000  5.351906     0.019616    0.000002   -0.000000  
      0.000000  0.000000  8.931436     0.186144   -0.000007   -0.000009  
      1.890298  1.890298  8.931436     0.059767   -0.000023    0.000006  
      1.890298  1.890298  3.088076     0.092891   -0.000022   -0.000002  
      0.000000  0.000000  3.088076     0.029785   -0.000066    0.000001  
 
  22 f  =    8.603835 THz    54.059489 2PiTHz  286.993039 cm-1    35.582586 meV
             X         Y         Z           dx          dy          dz
      1.890298  1.890298  6.009756     0.000000   -0.000001    0.162077  
      0.000000  0.000000  6.009756    -0.000000   -0.000001    0.162073  
      0.000000  1.890298  1.429213    -0.000001   -0.000001    0.021785  
      1.890298  0.000000 10.590299     0.000001    0.000002    0.021800  
      0.000000  1.890298  8.469623    -0.000000    0.000004   -0.002804  
      1.890298  0.000000  3.549888     0.000001   -0.000001   -0.002773  
      0.000000  1.890298 11.094227     0.000005    0.000007   -0.065754  
      1.890298  0.000000  0.925284    -0.000004   -0.000005   -0.065725  
      0.000000  1.890298  6.667606    -0.000000   -0.000009   -0.016631  
      1.890298  0.000000  5.351906     0.000000    0.000008   -0.016600  
      0.000000  0.000000  8.931436    -0.000005   -0.000004   -0.079450  
      1.890298  1.890298  8.931436    -0.000003   -0.000009   -0.079504  
      1.890298  1.890298  3.088076     0.000004    0.000002   -0.079444  
      0.000000  0.000000  3.088076     0.000002    0.000001   -0.079482  
 
  23 f  =    8.505872 THz    53.443967 2PiTHz  283.725334 cm-1    35.177442 meV
             X         Y         Z           dx          dy          dz
      1.890298  1.890298  6.009756    -0.000002   -0.000003   -0.000188  
      0.000000  0.000000  6.009756    -0.000001    0.000002    0.000247  
      0.000000  1.890298  1.429213     0.000000   -0.000004    0.000004  
      1.890298  0.000000 10.590299     0.000000    0.000002    0.000005  
      0.000000  1.890298  8.469623     0.000002    0.000004   -0.000001  
      1.890298  0.000000  3.549888     0.000001   -0.000001   -0.000001  
      0.000000  1.890298 11.094227     0.000004    0.000026   -0.000012  
      1.890298  0.000000  0.925284    -0.000004   -0.000011   -0.000011  
      0.000000  1.890298  6.667606     0.000000    0.000008   -0.000003  
      1.890298  0.000000  5.351906    -0.000002   -0.000003   -0.000003  
      0.000000  0.000000  8.931436    -0.000007   -0.000016   -0.124959  
      1.890298  1.890298  8.931436    -0.000002   -0.000034    0.124929  
      1.890298  1.890298  3.088076    -0.000002    0.000013   -0.125071  
      0.000000  0.000000  3.088076    -0.000000    0.000025    0.125041  
 
  24 f  =    7.170052 THz    45.050766 2PiTHz  239.167194 cm-1    29.652940 meV
             X         Y         Z           dx          dy          dz
      1.890298  1.890298  6.009756    -0.011062   -0.000001   -0.000005  
      0.000000  0.000000  6.009756     0.011168    0.000016   -0.000001  
      0.000000  1.890298  1.429213    -0.011109    0.000009   -0.000002  
      1.890298  0.000000 10.590299     0.011103   -0.000008    0.000001  
      0.000000  1.890298  8.469623    -0.048846    0.000033   -0.000003  
      1.890298  0.000000  3.549888     0.048770   -0.000041    0.000001  
      0.000000  1.890298 11.094227     0.148780   -0.000108    0.000004  
      1.890298  0.000000  0.925284    -0.148368    0.000116    0.000002  
      0.000000  1.890298  6.667606    -0.021336    0.000021   -0.000002  
      1.890298  0.000000  5.351906     0.021428   -0.000011    0.000001  
      0.000000  0.000000  8.931436     0.021315   -0.000004    0.000002  
      1.890298  1.890298  8.931436     0.003959   -0.000017   -0.000000  
      1.890298  1.890298  3.088076    -0.021429    0.000002    0.000005  
      0.000000  0.000000  3.088076    -0.004000    0.000015    0.000000  
 
  25 f  =    7.156672 THz    44.966696 2PiTHz  238.720881 cm-1    29.597604 meV
             X         Y         Z           dx          dy          dz
      1.890298  1.890298  6.009756    -0.000013    0.012220    0.000003  
      0.000000  0.000000  6.009756     0.000003   -0.010101   -0.000004  
      0.000000  1.890298  1.429213    -0.000007   -0.011132    0.000001  
      1.890298  0.000000 10.590299     0.000008    0.011332   -0.000001  
      0.000000  1.890298  8.469623    -0.000036   -0.050120   -0.000002  
      1.890298  0.000000  3.549888     0.000037    0.048072   -0.000005  
      0.000000  1.890298 11.094227     0.000115    0.150972    0.000003  
      1.890298  0.000000  0.925284    -0.000111   -0.145399    0.000007  
      0.000000  1.890298  6.667606    -0.000020   -0.020779    0.000000  
      1.890298  0.000000  5.351906     0.000012    0.022170   -0.000003  
      0.000000  0.000000  8.931436     0.000016    0.003390    0.000012  
      1.890298  1.890298  8.931436     0.000004    0.020555   -0.000006  
      1.890298  1.890298  3.088076    -0.000015   -0.004086    0.000008  
      0.000000  0.000000  3.088076    -0.000002   -0.021795   -0.000005  
 
  26 f  =    6.979475 THz    43.853333 2PiTHz  232.810218 cm-1    28.864775 meV
             X         Y         Z           dx          dy          dz
      1.890298  1.890298  6.009756    -0.000009    0.000043    0.225530  
      0.000000  0.000000  6.009756    -0.000009    0.000044   -0.225542  
      0.000000  1.890298  1.429213    -0.000001    0.000003    0.000002  
      1.890298  0.000000 10.590299    -0.000001    0.000003   -0.000002  
      0.000000  1.890298  8.469623     0.000004   -0.000023   -0.000000  
      1.890298  0.000000  3.549888     0.000005   -0.000025   -0.000003  
      0.000000  1.890298 11.094227    -0.000002    0.000010    0.000003  
      1.890298  0.000000  0.925284    -0.000004    0.000016    0.000004  
      0.000000  1.890298  6.667606    -0.000007    0.000031    0.000000  
      1.890298  0.000000  5.351906    -0.000006    0.000029   -0.000003  
      0.000000  0.000000  8.931436     0.000005   -0.000010    0.077833  
      1.890298  1.890298  8.931436     0.000003   -0.000007   -0.077828  
      1.890298  1.890298  3.088076     0.000003   -0.000010   -0.077907  
      0.000000  0.000000  3.088076     0.000003   -0.000005    0.077910  
 
  27 f  =    6.833768 THz    42.937831 2PiTHz  227.949964 cm-1    28.262181 meV
             X         Y         Z           dx          dy          dz
      1.890298  1.890298  6.009756    -0.000110   -0.000037   -0.000012  
      0.000000  0.000000  6.009756    -0.000111   -0.000038   -0.000027  
      0.000000  1.890298  1.429213    -0.000011   -0.000003   -0.046368  
      1.890298  0.000000 10.590299    -0.000011   -0.000002    0.046358  
      0.000000  1.890298  8.469623     0.000060    0.000016   -0.054286  
      1.890298  0.000000  3.549888     0.000057    0.000021    0.054300  
      0.000000  1.890298 11.094227    -0.000045   -0.000014    0.026311  
      1.890298  0.000000  0.925284    -0.000036   -0.000024   -0.026287  
      0.000000  1.890298  6.667606    -0.000085   -0.000031   -0.051408  
      1.890298  0.000000  5.351906    -0.000086   -0.000029    0.051436  
      0.000000  0.000000  8.931436     0.000046    0.000010   -0.014684  
      1.890298  1.890298  8.931436     0.000038    0.000013   -0.014691  
      1.890298  1.890298  3.088076     0.000051    0.000012    0.014721  
      0.000000  0.000000  3.088076     0.000039    0.000014    0.014726  
 
  28 f  =    6.804563 THz    42.754333 2PiTHz  226.975804 cm-1    28.141400 meV
             X         Y         Z           dx          dy          dz
      1.890298  1.890298  6.009756     0.000052   -0.113669    0.000084  
      0.000000  0.000000  6.009756     0.000053   -0.114037   -0.000084  
      0.000000  1.890298  1.429213     0.000005   -0.012184    0.000015  
      1.890298  0.000000 10.590299     0.000006   -0.011740   -0.000015  
      0.000000  1.890298  8.469623    -0.000031    0.060791    0.000017  
      1.890298  0.000000  3.549888    -0.000026    0.062476   -0.000018  
      0.000000  1.890298 11.094227     0.000031   -0.040661   -0.000008  
      1.890298  0.000000  0.925284     0.000009   -0.044890    0.000008  
      0.000000  1.890298  6.667606     0.000039   -0.087554    0.000016  
      1.890298  0.000000  5.351906     0.000041   -0.086852   -0.000016  
      0.000000  0.000000  8.931436    -0.000024    0.040439    0.000025  
      1.890298  1.890298  8.931436    -0.000019    0.051993   -0.000016  
      1.890298  1.890298  3.088076    -0.000024    0.040579   -0.000028  
      0.000000  0.000000  3.088076    -0.000018    0.051638    0.000019  
 
  29 f  =    6.803696 THz    42.748885 2PiTHz  226.946882 cm-1    28.137815 meV
             X         Y         Z           dx          dy          dz
      1.890298  1.890298  6.009756     0.113663    0.000052    0.000016  
      0.000000  0.000000  6.009756     0.113611    0.000052   -0.000016  
      0.000000  1.890298  1.429213     0.011973    0.000005   -0.000045  
      1.890298  0.000000 10.590299     0.011943    0.000006    0.000045  
      0.000000  1.890298  8.469623    -0.061542   -0.000028   -0.000051  
      1.890298  0.000000  3.549888    -0.061744   -0.000028    0.000052  
      0.000000  1.890298 11.094227     0.043282    0.000024    0.000025  
      1.890298  0.000000  0.925284     0.043362    0.000017   -0.000025  
      0.000000  1.890298  6.667606     0.087047    0.000041   -0.000050  
      1.890298  0.000000  5.351906     0.086957    0.000039    0.000050  
      0.000000  0.000000  8.931436    -0.052041   -0.000019   -0.000008  
      1.890298  1.890298  8.931436    -0.040493   -0.000025   -0.000019  
      1.890298  1.890298  3.088076    -0.051819   -0.000019    0.000007  
      0.000000  0.000000  3.088076    -0.040501   -0.000023    0.000020  
 
  30 f  =    5.020442 THz    31.544371 2PiTHz  167.463936 cm-1    20.762872 meV
             X         Y         Z           dx          dy          dz
      1.890298  1.890298  6.009756     0.083746   -0.000034   -0.000011  
      0.000000  0.000000  6.009756     0.083892   -0.000034   -0.000011  
      0.000000  1.890298  1.429213    -0.001957    0.000000    0.000004  
      1.890298  0.000000 10.590299    -0.001661    0.000001    0.000003  
      0.000000  1.890298  8.469623     0.020153   -0.000009   -0.000008  
      1.890298  0.000000  3.549888     0.020882   -0.000008   -0.000006  
      0.000000  1.890298 11.094227    -0.147476    0.000064    0.000006  
      1.890298  0.000000  0.925284    -0.146945    0.000059    0.000005  
      0.000000  1.890298  6.667606     0.074886   -0.000031   -0.000009  
      1.890298  0.000000  5.351906     0.075165   -0.000030   -0.000005  
      0.000000  0.000000  8.931436    -0.001461    0.000003   -0.000002  
      1.890298  1.890298  8.931436    -0.004531    0.000001   -0.000002  
      1.890298  1.890298  3.088076    -0.001172    0.000001   -0.000001  
      0.000000  0.000000  3.088076    -0.004042   -0.000000   -0.000001  
 
  31 f  =    4.987530 THz    31.337573 2PiTHz  166.366080 cm-1    20.626756 meV
             X         Y         Z           dx          dy          dz
      1.890298  1.890298  6.009756    -0.000033   -0.085064    0.000081  
      0.000000  0.000000  6.009756    -0.000036   -0.083611    0.000069  
      0.000000  1.890298  1.429213     0.000003    0.003347   -0.000023  
      1.890298  0.000000 10.590299    -0.000001    0.000976   -0.000024  
      0.000000  1.890298  8.469623     0.000001   -0.017522    0.000045  
      1.890298  0.000000  3.549888    -0.000017   -0.024938    0.000051  
      0.000000  1.890298 11.094227     0.000067    0.148023   -0.000037  
      1.890298  0.000000  0.925284     0.000055    0.144512   -0.000036  
      0.000000  1.890298  6.667606    -0.000028   -0.074178    0.000044  
      1.890298  0.000000  5.351906    -0.000033   -0.076941    0.000052  
      0.000000  0.000000  8.931436     0.000006    0.006290    0.000007  
      1.890298  1.890298  8.931436     0.000009    0.002805    0.000005  
      1.890298  1.890298  3.088076    -0.000005    0.001202    0.000017  
      0.000000  0.000000  3.088076    -0.000005   -0.000698    0.000007  
 
  32 f  =    4.923288 THz    30.933931 2PiTHz  164.223209 cm-1    20.361074 meV
             X         Y         Z           dx          dy          dz
      1.890298  1.890298  6.009756    -0.000011   -0.000062   -0.101044  
      0.000000  0.000000  6.009756    -0.000008   -0.000070   -0.101029  
      0.000000  1.890298  1.429213    -0.000003   -0.000003    0.031209  
      1.890298  0.000000 10.590299     0.000004    0.000007    0.031175  
      0.000000  1.890298  8.469623    -0.000010   -0.000046   -0.063800  
      1.890298  0.000000  3.549888     0.000005    0.000011   -0.063724  
      0.000000  1.890298 11.094227     0.000005    0.000073    0.048936  
      1.890298  0.000000  0.925284     0.000028    0.000149    0.048916  
      0.000000  1.890298  6.667606    -0.000012   -0.000067   -0.064289  
      1.890298  0.000000  5.351906    -0.000005   -0.000052   -0.064219  
      0.000000  0.000000  8.931436    -0.000005   -0.000023   -0.011823  
      1.890298  1.890298  8.931436    -0.000006   -0.000019   -0.011822  
      1.890298  1.890298  3.088076     0.000004    0.000026   -0.011730  
      0.000000  0.000000  3.088076     0.000007    0.000020   -0.011733  
 
  33 f  =    4.558120 THz    28.639510 2PiTHz  152.042502 cm-1    18.850859 meV
             X         Y         Z           dx          dy          dz
      1.890298  1.890298  6.009756    -0.014220   -0.000003    0.000013  
      0.000000  0.000000  6.009756     0.013206   -0.000036    0.000013  
      0.000000  1.890298  1.429213    -0.021369   -0.000023   -0.000004  
      1.890298  0.000000 10.590299     0.021564    0.000029   -0.000004  
      0.000000  1.890298  8.469623    -0.071330   -0.000094    0.000008  
      1.890298  0.000000  3.549888     0.070914    0.000079    0.000008  
      0.000000  1.890298 11.094227    -0.079933   -0.000080   -0.000005  
      1.890298  0.000000  0.925284     0.081089    0.000115   -0.000004  
      0.000000  1.890298  6.667606    -0.026439   -0.000050    0.000008  
      1.890298  0.000000  5.351906     0.025497    0.000013    0.000008  
      0.000000  0.000000  8.931436    -0.041467   -0.000070    0.000001  
      1.890298  1.890298  8.931436    -0.056385   -0.000049    0.000003  
      1.890298  1.890298  3.088076     0.041292    0.000067    0.000002  
      0.000000  0.000000  3.088076     0.056256    0.000051    0.000003  
 
  34 f  =    4.547338 THz    28.571764 2PiTHz  151.682852 cm-1    18.806268 meV
             X         Y         Z           dx          dy          dz
      1.890298  1.890298  6.009756    -0.000019   -0.009157   -0.000051  
      0.000000  0.000000  6.009756     0.000015    0.018159   -0.000050  
      0.000000  1.890298  1.429213    -0.000024    0.020829    0.000011  
      1.890298  0.000000 10.590299     0.000026   -0.021751    0.000016  
      0.000000  1.890298  8.469623    -0.000089    0.072450   -0.000024  
      1.890298  0.000000  3.549888     0.000086   -0.069300   -0.000030  
      0.000000  1.890298 11.094227    -0.000103    0.075426    0.000018  
      1.890298  0.000000  0.925284     0.000093   -0.086957    0.000016  
      0.000000  1.890298  6.667606    -0.000035    0.029969   -0.000026  
      1.890298  0.000000  5.351906     0.000029   -0.021766   -0.000031  
      0.000000  0.000000  8.931436    -0.000050    0.056603   -0.000003  
      1.890298  1.890298  8.931436    -0.000070    0.041557    0.000000  
      1.890298  1.890298  3.088076     0.000052   -0.056012   -0.000010  
      0.000000  0.000000  3.088076     0.000069   -0.041247   -0.000006  
 
  35 f  =    4.206441 THz    26.429851 2PiTHz  140.311785 cm-1    17.396436 meV
             X         Y         Z           dx          dy          dz
      1.890298  1.890298  6.009756    -0.000007   -0.000002    0.000040  
      0.000000  0.000000  6.009756    -0.000007   -0.000000    0.000041  
      0.000000  1.890298  1.429213     0.000003    0.000004    0.035437  
      1.890298  0.000000 10.590299     0.000003    0.000001   -0.035499  
      0.000000  1.890298  8.469623    -0.000004    0.000003   -0.060697  
      1.890298  0.000000  3.549888    -0.000006   -0.000005    0.060756  
      0.000000  1.890298 11.094227    -0.000004   -0.000006   -0.002458  
      1.890298  0.000000  0.925284    -0.000004   -0.000017    0.002387  
      0.000000  1.890298  6.667606    -0.000007    0.000000   -0.054943  
      1.890298  0.000000  5.351906    -0.000007   -0.000002    0.055001  
      0.000000  0.000000  8.931436    -0.000000    0.000001   -0.055971  
      1.890298  1.890298  8.931436    -0.000002    0.000002   -0.055969  
      1.890298  1.890298  3.088076     0.000001   -0.000005    0.055975  
      0.000000  0.000000  3.088076    -0.000003   -0.000002    0.055974  
 
  36 f  =    3.565389 THz    22.401999 2PiTHz  118.928573 cm-1    14.745257 meV
             X         Y         Z           dx          dy          dz
      1.890298  1.890298  6.009756     0.075527    0.000184   -0.000000  
      0.000000  0.000000  6.009756     0.075596    0.000184   -0.000001  
      0.000000  1.890298  1.429213    -0.037587   -0.000091    0.000003  
      1.890298  0.000000 10.590299    -0.037706   -0.000094   -0.000002  
      0.000000  1.890298  8.469623     0.041640    0.000102   -0.000006  
      1.890298  0.000000  3.549888     0.042020    0.000103    0.000006  
      0.000000  1.890298 11.094227     0.073819    0.000187   -0.000000  
      1.890298  0.000000  0.925284     0.074306    0.000185    0.000001  
      0.000000  1.890298  6.667606     0.072981    0.000178   -0.000006  
      1.890298  0.000000  5.351906     0.073112    0.000178    0.000005  
      0.000000  0.000000  8.931436     0.001132    0.000066   -0.000005  
      1.890298  1.890298  8.931436     0.027043    0.000002   -0.000005  
      1.890298  1.890298  3.088076     0.001372    0.000067    0.000005  
      0.000000  0.000000  3.088076     0.027396    0.000003    0.000005  
 
  37 f  =    3.556398 THz    22.345507 2PiTHz  118.628663 cm-1    14.708073 meV
             X         Y         Z           dx          dy          dz
      1.890298  1.890298  6.009756    -0.000188    0.074736   -0.000008  
      0.000000  0.000000  6.009756    -0.000186    0.074496    0.000004  
      0.000000  1.890298  1.429213     0.000092   -0.037744    0.000001  
      1.890298  0.000000 10.590299     0.000093   -0.037540   -0.000000  
      0.000000  1.890298  8.469623    -0.000108    0.040879   -0.000008  
      1.890298  0.000000  3.549888    -0.000099    0.042179    0.000005  
      0.000000  1.890298 11.094227    -0.000187    0.074258    0.000001  
      1.890298  0.000000  0.925284    -0.000175    0.077207    0.000001  
      0.000000  1.890298  6.667606    -0.000182    0.071982   -0.000006  
      1.890298  0.000000  5.351906    -0.000179    0.072436    0.000004  
      0.000000  0.000000  8.931436    -0.000007    0.026563    0.000004  
      1.890298  1.890298  8.931436    -0.000071    0.000654   -0.000010  
      1.890298  1.890298  3.088076     0.000000    0.027841    0.000005  
      0.000000  0.000000  3.088076    -0.000064    0.001695    0.000000  
 
  38 f  =    2.163423 THz    13.593189 2PiTHz   72.164029 cm-1     8.947195 meV
             X         Y         Z           dx          dy          dz
      1.890298  1.890298  6.009756    -0.004925   -0.000045   -0.000002  
      0.000000  0.000000  6.009756     0.004809    0.000039   -0.000001  
      0.000000  1.890298  1.429213     0.053770   -0.000472    0.000001  
      1.890298  0.000000 10.590299    -0.053589    0.000471    0.000001  
      0.000000  1.890298  8.469623    -0.032031    0.000278   -0.000001  
      1.890298  0.000000  3.549888     0.031967   -0.000281   -0.000001  
      0.000000  1.890298 11.094227     0.008885   -0.000083   -0.000000  
      1.890298  0.000000  0.925284    -0.009294    0.000088   -0.000000  
      0.000000  1.890298  6.667606    -0.009225    0.000077   -0.000001  
      1.890298  0.000000  5.351906     0.009110   -0.000082   -0.000001  
      0.000000  0.000000  8.931436    -0.043683    0.000286    0.000000  
      1.890298  1.890298  8.931436    -0.032931    0.000380   -0.000000  
      1.890298  1.890298  3.088076     0.043728   -0.000288    0.000000  
      0.000000  0.000000  3.088076     0.032879   -0.000384   -0.000001  
 
  39 f  =    2.160214 THz    13.573025 2PiTHz   72.056983 cm-1     8.933923 meV
             X         Y         Z           dx          dy          dz
      1.890298  1.890298  6.009756     0.000046   -0.004892   -0.000012  
      0.000000  0.000000  6.009756    -0.000039    0.004812   -0.000012  
      0.000000  1.890298  1.429213    -0.000471   -0.053817    0.000002  
      1.890298  0.000000 10.590299     0.000471    0.053598    0.000002  
      0.000000  1.890298  8.469623     0.000284    0.031879   -0.000003  
      1.890298  0.000000  3.549888    -0.000278   -0.031943   -0.000002  
      0.000000  1.890298 11.094227    -0.000074   -0.009050    0.000003  
      1.890298  0.000000  0.925284     0.000085    0.009563    0.000004  
      0.000000  1.890298  6.667606     0.000084    0.009102   -0.000004  
      1.890298  0.000000  5.351906    -0.000077   -0.009171   -0.000003  
      0.000000  0.000000  8.931436     0.000385    0.032792   -0.000001  
      1.890298  1.890298  8.931436     0.000291    0.043561    0.000001  
      1.890298  1.890298  3.088076    -0.000382   -0.032836   -0.000001  
      0.000000  0.000000  3.088076    -0.000286   -0.043696    0.000002  
 
  40 fi =    0.013493 THz     0.084780 2PiTHz    0.450082 cm-1     0.055803 meV
             X         Y         Z           dx          dy          dz
      1.890298  1.890298  6.009756     0.043985    0.000281   -0.000019  
      0.000000  0.000000  6.009756     0.043981    0.000281   -0.000019  
      0.000000  1.890298  1.429213     0.044223    0.000284   -0.000019  
      1.890298  0.000000 10.590299     0.044282    0.000281   -0.000019  
      0.000000  1.890298  8.469623     0.044040    0.000281   -0.000019  
      1.890298  0.000000  3.549888     0.044003    0.000283   -0.000019  
      0.000000  1.890298 11.094227     0.043744    0.000281   -0.000019  
      1.890298  0.000000  0.925284     0.043787    0.000284   -0.000020  
      0.000000  1.890298  6.667606     0.043930    0.000280   -0.000019  
      1.890298  0.000000  5.351906     0.043919    0.000281   -0.000019  
      0.000000  0.000000  8.931436     0.044103    0.000280   -0.000019  
      1.890298  1.890298  8.931436     0.044015    0.000280   -0.000019  
      1.890298  1.890298  3.088076     0.044020    0.000283   -0.000019  
      0.000000  0.000000  3.088076     0.043980    0.000283   -0.000019  
 
  41 fi =    0.016862 THz     0.105948 2PiTHz    0.562461 cm-1     0.069736 meV
             X         Y         Z           dx          dy          dz
      1.890298  1.890298  6.009756    -0.000281    0.043853    0.000132  
      0.000000  0.000000  6.009756    -0.000281    0.043841    0.000138  
      0.000000  1.890298  1.429213    -0.000282    0.044143    0.000134  
      1.890298  0.000000 10.590299    -0.000284    0.044326    0.000135  
      0.000000  1.890298  8.469623    -0.000282    0.043974    0.000134  
      1.890298  0.000000  3.549888    -0.000281    0.044025    0.000136  
      0.000000  1.890298 11.094227    -0.000280    0.043846    0.000134  
      1.890298  0.000000  0.925284    -0.000279    0.044444    0.000135  
      0.000000  1.890298  6.667606    -0.000281    0.043807    0.000134  
      1.890298  0.000000  5.351906    -0.000281    0.043829    0.000136  
      0.000000  0.000000  8.931436    -0.000283    0.043976    0.000139  
      1.890298  1.890298  8.931436    -0.000282    0.044026    0.000134  
      1.890298  1.890298  3.088076    -0.000281    0.044055    0.000131  
      0.000000  0.000000  3.088076    -0.000281    0.044053    0.000136  
 
  42 fi =    0.023164 THz     0.145544 2PiTHz    0.772667 cm-1     0.095799 meV
             X         Y         Z           dx          dy          dz
      1.890298  1.890298  6.009756    -0.000020    0.000134   -0.044530  
      0.000000  0.000000  6.009756    -0.000020    0.000134   -0.044530  
      0.000000  1.890298  1.429213    -0.000020    0.000134   -0.043979  
      1.890298  0.000000 10.590299    -0.000020    0.000135   -0.043959  
      0.000000  1.890298  8.469623    -0.000020    0.000134   -0.044381  
      1.890298  0.000000  3.549888    -0.000020    0.000134   -0.044404  
      0.000000  1.890298 11.094227    -0.000020    0.000133   -0.043998  
      1.890298  0.000000  0.925284    -0.000020    0.000136   -0.044003  
      0.000000  1.890298  6.667606    -0.000020    0.000133   -0.044426  
      1.890298  0.000000  5.351906    -0.000020    0.000134   -0.044447  
      0.000000  0.000000  8.931436    -0.000020    0.000135   -0.044217  
      1.890298  1.890298  8.931436    -0.000020    0.000135   -0.044217  
      1.890298  1.890298  3.088076    -0.000020    0.000134   -0.044245  
      0.000000  0.000000  3.088076    -0.000020    0.000134   -0.044245  
 
