001 869.139686 .00000005550491294214
002 806.660242 .48908902380959472733
003 580.793735 .00000079783649961396
004 580.783985 .0000321446703041
005 580.295295 .00853169034404349064
006 580.292632 .11095290968161
007 533.345580 1.29135950443374451712
008 497.645200 .00000000054346534400
009 497.638280 .00000000011234207007
010 495.276881 .00000001415213113176
011 481.290426 .29429214517017621242
012 427.407781 .914549776250
013 427.376974 .838812571023856757
014 389.881107 .00000004110821673752
015 368.524090 .00000020491255979323
016 368.518371 .0000001709756905
017 309.623073 .0000057882773678
018 301.842696 .00548372706136079076
019 301.725946 .183379625194
020 301.435259 5.152537361489896133
021 301.266091 1.654491195593
022 286.993039 3.97452070832432913274
023 283.725334 .60822997343914982748
024 239.167194 .0000018105541469
025 238.720881 .00031642329391640336
026 232.810218 .00000007648925998992
027 227.949964 .00000101530230334225
028 226.975804 .030244803650993736
029 226.946882 .580878259369
030 167.463936 .03421883782265
031 166.366080 .99041727796913909064
032 164.223209 .46284949734446674976
033 152.042502 .00002464583057
034 151.682852 .00170326372486386501
035 140.311785 .00000009481067461861
036 118.928573 3.649940859224
037 118.628663 .0924934613320781
038 72.164029 .0000039494763089
039 72.056983 .00000286555018528841
040 0.450082 5.312632866984
041 0.562461 .0002121150688884
042 0.772667 .000004192903709225
