001  869.1 0.000
002  806.7 0.092
003  580.8 0.000
004  580.8 0.000
005  580.3 0.002
006  580.3 0.021
007  533.3 0.243
008  497.6 0.000
009  497.6 0.000
010  495.3 0.000
011  481.3 0.055
012  427.4 0.172
013  427.4 0.158
014  389.9 0.000
015  368.5 0.000
016  368.5 0.000
017  309.6 0.000
018  301.8 0.001
019  301.7 0.035
020  301.4 0.970
021  301.3 0.311
022  287.0 0.748
023  283.7 0.114
024  239.2 0.000
025  238.7 0.000
026  232.8 0.000
027  227.9 0.000
028  227.0 0.006
029  226.9 0.109
030  167.5 0.006
031  166.4 0.186
032  164.2 0.087
033  152.0 0.000
034  151.7 0.000
035  140.3 0.000
036  118.9 0.687
037  118.6 0.017
038   72.2 0.000
039   72.1 0.000
040    0.5 1.000
041    0.6 0.000
042    0.8 0.000
