001 1103.088817 .00987248917320080000
002 1075.216964 .000002453902161325
003 1068.599028 1.25053225704164000000
004 1007.085478 .000000161986522220
005 1003.870421 1.57669884820519360000
006 998.681337 .68549624093628234100
007 990.159968 .000045819478434336
008 982.010523 .000006988693850525
009 980.799434 .29755895237544
010 979.982108 .00237338344566312500
011 975.308285 .0000441920368148
012 965.909274 .000012770812806489
013 962.306725 .000000346578057026
014 951.637539 2.01368324892725960000
015 947.894536 .000001221479372739
016 940.439603 2.72174105798314640000
017 873.693686 .01045613195585000000
018 872.009597 .00000002296925108840
019 735.129277 1.16648640160123763600
020 734.090863 .00000630212597418200
021 623.587130 .000000190778226643
022 609.003103 .18278562388593490000
023 607.555298 .000000097300048901
024 606.343829 .000005214322047521
025 605.890382 .64788654747238410000
026 597.250620 2.29869914983467560000
027 594.330793 .17915241756228100000
028 581.124872 .00000010108606361300
029 566.547767 .000000787182130250
030 562.307418 .02599147041272
031 558.387643 .00000070150415605700
032 551.223817 .00024364103728290000
033 489.585004 .32109335881535595600
034 460.728585 .85380186761430890000
035 452.575492 .000000369335836433
036 435.248993 .26697742494703161600
037 434.175471 .000001367774213512
038 424.105054 .09863971582778570000
039 419.057192 .0646417106012525
040 418.522923 .000010833763082661
041 417.607176 1.487481769053
042 413.924888 .0827803297132449
043 406.894886 .03171227205384
044 397.272241 .529199296134
045 391.314091 .00000337931046080909
046 388.551014 .000759291188329801
047 386.636905 6.21880195293158536400
048 383.874903 .000121662550205154
049 359.441403 .00000035848582791284
050 357.261813 .01321150135106490000
051 354.827218 .000000778278443075
052 334.037499 .00000017482315101001
053 332.536784 .415827498802
054 322.741576 .21881162401766760000
055 309.022662 .00000750109648839200
056 305.615515 1.20255358914434722100
057 304.619386 .000198593195668001
058 301.339573 .407050393026
059 300.798457 .0452869589403344
060 300.102874 .7142736847885994
061 293.635841 .00013893526841000000
062 287.616522 .00000024789052207076
063 276.975625 .01512311576982366100
064 276.956228 .02487784288157772500
065 265.370451 .00000003121362362270
066 262.302148 .00323784089193640000
067 254.289799 1.302258749732
068 252.121173 .10813148158500000000
069 243.263591 .00000036882287608281
070 234.825285 .00000332142057107796
071 232.240953 .08600263683189902500
072 226.941170 .489814261292
073 226.807706 .0000703264974819
074 224.260065 1.7695423843700753
075 223.019304 .00135750136185
076 216.120344 .0258324446765816
077 207.033450 1.981902975833
078 203.592673 .0499389567447881
079 201.511976 .000002717811392553
080 197.765696 .0035773226343604
081 194.521305 .00000011263769843116
082 178.801559 .000000042660055220
083 167.907421 .227784191043
084 166.752716 .000007739425941676
085 159.047611 .011946808527990516
086 155.747879 .01172579392944
087 154.986545 .00000018395180064341
088 153.563754 .01480801874264890000
089 135.578623 .00000002389053814889
090 132.749334 .000000100278575409
091 129.749817 .00000002989711826372
092 103.931098 .04348148397603290000
093 98.413771 .00000016253606796989
094 0.464175 21.6088892753
095 0.486248 .01239939492369
096 0.518611 .0001575998953142
