001  869.1 0.000
002  805.7 0.092
003  580.8 0.000
004  580.7 0.000
005  580.3 0.002
006  580.3 0.021
007  524.3 0.231
008  495.3 0.000
009  471.6 0.141
010  462.9 0.000
011  462.9 0.000
012  407.5 0.092
013  407.5 0.163
014  389.8 0.000
015  367.3 0.000
016  367.3 0.000
017  302.0 0.000
018  301.7 0.000
019  301.6 0.013
020  301.0 0.960
021  300.9 0.322
022  283.7 0.115
023  279.7 0.664
024  239.2 0.000
025  238.5 0.000
026  227.9 0.000
027  224.1 0.095
028  224.1 0.008
029  221.1 0.000
030  166.3 0.004
031  165.0 0.186
032  162.5 0.092
033  152.0 0.000
034  151.6 0.000
035  140.3 0.000
036  118.2 0.678
037  117.9 0.016
038   72.2 0.000
039   72.0 0.000
040    0.4 1.000
041    0.5 0.000
042    0.7 0.000
