001 1104.0 0.000
002 1075.2 0.000
003 1069.1 0.057
004 1007.1 0.000
005 1004.2 0.074
006  999.1 0.031
007  990.2 0.000
008  982.0 0.000
009  980.9 0.014
010  980.1 0.000
011  975.3 0.000
012  965.9 0.000
013  962.3 0.000
014  952.0 0.092
015  947.9 0.000
016  940.7 0.124
017  874.6 0.001
018  872.0 0.000
019  735.6 0.053
020  734.1 0.000
021  623.6 0.000
022  609.5 0.006
023  607.6 0.000
024  606.9 0.027
025  606.3 0.000
026  598.8 0.104
027  595.6 0.009
028  581.1 0.000
029  568.4 0.002
030  566.5 0.000
031  558.4 0.000
032  557.4 0.000
033  505.4 0.017
034  484.1 0.011
035  452.6 0.000
036  442.6 0.066
037  440.7 0.002
038  439.4 0.026
039  435.1 0.001
040  434.2 0.000
041  423.5 0.004
042  418.5 0.000
043  417.6 0.004
044  397.5 0.029
045  395.0 0.309
046  391.3 0.000
047  388.6 0.000
048  383.9 0.000
049  359.4 0.000
050  357.8 0.001
051  354.8 0.000
052  342.7 0.000
053  334.0 0.000
054  333.0 0.020
055  309.6 0.093
056  309.0 0.000
057  304.6 0.000
058  304.2 0.001
059  303.7 0.010
060  301.2 0.016
061  296.0 0.000
062  287.6 0.000
063  284.4 0.003
064  277.0 0.000
065  267.0 0.108
066  265.4 0.000
067  265.2 0.000
068  262.8 0.008
069  243.3 0.000
070  238.7 0.025
071  236.4 0.000
072  234.8 0.000
073  230.5 0.026
074  226.8 0.000
075  226.7 0.061
076  222.3 0.001
077  216.0 0.101
078  214.0 0.002
079  202.5 0.000
080  201.5 0.000
081  194.5 0.000
082  178.8 0.000
083  175.0 0.008
084  166.8 0.000
085  160.5 0.000
086  157.8 0.000
087  157.5 0.001
088  155.0 0.000
089  135.6 0.000
090  132.7 0.000
091  129.8 0.000
092  104.1 0.002
093   98.4 0.000
094    0.5 1.000
095    0.5 0.000
096    0.5 0.000
