 Eigenvectors and eigenvalues of the dynamical matrix
 ----------------------------------------------------
 
 
   1 f  =   10.605774 THz    66.638044 2PiTHz  353.770546 cm-1    43.861938 meV
             X         Y         Z           dx          dy          dz
      1.732400  4.346127  5.088808            0           0           0  
      1.732400 10.645227  5.088808            0           0           0  
      0.000000  1.269899  5.712453            0           0           0  
      0.000000  7.568998  5.712453            0           0           0  
      1.732400  2.151017  8.653465            0           0           0  
      1.732400  8.450117  8.653465            0           0           0  
      0.000000  5.362298  9.280790            0           0           0  
      0.000000 11.661398  9.280790            0           0           0  
      0.000000  2.079324 12.248772     0.000000    0.000037    0.000328  
      0.000000  8.401579 12.181999    -0.000000    0.000104   -0.000031  
      1.732400  5.157507 12.844442    -0.000000   -0.000050   -0.000173  
      1.732400 11.508795 12.798810     0.000000   -0.000584   -0.000008  
      0.000000  4.347685 15.764534     0.000001    0.011930   -0.016700  
      0.000000 10.578626 15.765049    -0.000000    0.000383    0.000138  
      1.732400  1.000518 16.451639    -0.000001    0.004228    0.002135  
      1.732400  7.420255 16.373267    -0.000000   -0.000418    0.000279  
      0.000000  3.736248  7.090247            0           0           0  
      0.000000 10.035348  7.090247            0           0           0  
      1.732400  5.982003  7.278785            0           0           0  
      1.732400 12.281103  7.278785            0           0           0  
      1.732400  2.673855 14.271283     0.000000   -0.001285   -0.000155  
      1.732400  9.030864 14.179007     0.000000    0.000039   -0.000494  
      0.000000  0.462529 14.415654     0.000000    0.000921   -0.000420  
      0.000000  6.785137 14.380433    -0.000001   -0.001033    0.000560  
      1.732400  3.445467 17.483794    -0.000016   -0.248880    0.269271  
 
   2 f  =    9.286079 THz    58.346154 2PiTHz  309.750248 cm-1    38.404119 meV
             X         Y         Z           dx          dy          dz
      1.732400  4.346127  5.088808            0           0           0  
      1.732400 10.645227  5.088808            0           0           0  
      0.000000  1.269899  5.712453            0           0           0  
      0.000000  7.568998  5.712453            0           0           0  
      1.732400  2.151017  8.653465            0           0           0  
      1.732400  8.450117  8.653465            0           0           0  
      0.000000  5.362298  9.280790            0           0           0  
      0.000000 11.661398  9.280790            0           0           0  
      0.000000  2.079324 12.248772     0.000376    0.000001   -0.000000  
      0.000000  8.401579 12.181999    -0.000022   -0.000000   -0.000001  
      1.732400  5.157507 12.844442    -0.000067   -0.000001   -0.000000  
      1.732400 11.508795 12.798810    -0.000066    0.000001   -0.000001  
      0.000000  4.347685 15.764534    -0.020749   -0.000001   -0.000000  
      0.000000 10.578626 15.765049    -0.000012    0.000001   -0.000000  
      1.732400  1.000518 16.451639     0.000773    0.000003    0.000001  
      1.732400  7.420255 16.373267     0.000321   -0.000000    0.000000  
      0.000000  3.736248  7.090247            0           0           0  
      0.000000 10.035348  7.090247            0           0           0  
      1.732400  5.982003  7.278785            0           0           0  
      1.732400 12.281103  7.278785            0           0           0  
      1.732400  2.673855 14.271283    -0.000440    0.000000    0.000001  
      1.732400  9.030864 14.179007    -0.000082    0.000000    0.000001  
      0.000000  0.462529 14.415654    -0.000014    0.000000   -0.000000  
      0.000000  6.785137 14.380433     0.000023   -0.000000    0.000000  
      1.732400  3.445467 17.483794     0.367146   -0.000051   -0.000024  
 
   3 f  =    9.034241 THz    56.763810 2PiTHz  301.349841 cm-1    37.362602 meV
             X         Y         Z           dx          dy          dz
      1.732400  4.346127  5.088808            0           0           0  
      1.732400 10.645227  5.088808            0           0           0  
      0.000000  1.269899  5.712453            0           0           0  
      0.000000  7.568998  5.712453            0           0           0  
      1.732400  2.151017  8.653465            0           0           0  
      1.732400  8.450117  8.653465            0           0           0  
      0.000000  5.362298  9.280790            0           0           0  
      0.000000 11.661398  9.280790            0           0           0  
      0.000000  2.079324 12.248772     0.000000    0.000459   -0.000239  
      0.000000  8.401579 12.181999     0.000000   -0.000289    0.000241  
      1.732400  5.157507 12.844442    -0.000001    0.000546    0.000291  
      1.732400 11.508795 12.798810    -0.000000   -0.001042    0.000093  
      0.000000  4.347685 15.764534     0.000004   -0.003845    0.004214  
      0.000000 10.578626 15.765049     0.000000   -0.000192   -0.000205  
      1.732400  1.000518 16.451639    -0.000001    0.019514    0.008201  
      1.732400  7.420255 16.373267     0.000000   -0.000381    0.000521  
      0.000000  3.736248  7.090247            0           0           0  
      0.000000 10.035348  7.090247            0           0           0  
      1.732400  5.982003  7.278785            0           0           0  
      1.732400 12.281103  7.278785            0           0           0  
      1.732400  2.673855 14.271283    -0.000000   -0.001265    0.002532  
      1.732400  9.030864 14.179007    -0.000001    0.000541   -0.000203  
      0.000000  0.462529 14.415654     0.000001    0.000142   -0.001244  
      0.000000  6.785137 14.380433     0.000000    0.000601   -0.000788  
      1.732400  3.445467 17.483794    -0.000054   -0.268875   -0.247552  
 
   4 f  =    7.038282 THz    44.222830 2PiTHz  234.771819 cm-1    29.107983 meV
             X         Y         Z           dx          dy          dz
      1.732400  4.346127  5.088808            0           0           0  
      1.732400 10.645227  5.088808            0           0           0  
      0.000000  1.269899  5.712453            0           0           0  
      0.000000  7.568998  5.712453            0           0           0  
      1.732400  2.151017  8.653465            0           0           0  
      1.732400  8.450117  8.653465            0           0           0  
      0.000000  5.362298  9.280790            0           0           0  
      0.000000 11.661398  9.280790            0           0           0  
      0.000000  2.079324 12.248772    -0.000000   -0.000932    0.006076  
      0.000000  8.401579 12.181999    -0.000002   -0.000320    0.041713  
      1.732400  5.157507 12.844442    -0.000001    0.002533    0.008902  
      1.732400 11.508795 12.798810     0.000002   -0.005679    0.005313  
      0.000000  4.347685 15.764534    -0.000001   -0.004033    0.003506  
      0.000000 10.578626 15.765049    -0.000001    0.002602    0.009918  
      1.732400  1.000518 16.451639     0.000000   -0.000243    0.003465  
      1.732400  7.420255 16.373267     0.000001   -0.002602    0.041369  
      0.000000  3.736248  7.090247            0           0           0  
      0.000000 10.035348  7.090247            0           0           0  
      1.732400  5.982003  7.278785            0           0           0  
      1.732400 12.281103  7.278785            0           0           0  
      1.732400  2.673855 14.271283     0.000002    0.000426   -0.003613  
      1.732400  9.030864 14.179007     0.000003    0.002382   -0.039163  
      0.000000  0.462529 14.415654    -0.000001    0.002836   -0.005663  
      0.000000  6.785137 14.380433    -0.000003    0.000279   -0.034856  
      1.732400  3.445467 17.483794     0.000005    0.002645    0.007607  
 
   5 f  =    6.861831 THz    43.114155 2PiTHz  228.886039 cm-1    28.378239 meV
             X         Y         Z           dx          dy          dz
      1.732400  4.346127  5.088808            0           0           0  
      1.732400 10.645227  5.088808            0           0           0  
      0.000000  1.269899  5.712453            0           0           0  
      0.000000  7.568998  5.712453            0           0           0  
      1.732400  2.151017  8.653465            0           0           0  
      1.732400  8.450117  8.653465            0           0           0  
      0.000000  5.362298  9.280790            0           0           0  
      0.000000 11.661398  9.280790            0           0           0  
      0.000000  2.079324 12.248772     0.000002    0.006611   -0.051283  
      0.000000  8.401579 12.181999    -0.000000    0.000168    0.005769  
      1.732400  5.157507 12.844442     0.000001    0.003896   -0.002241  
      1.732400 11.508795 12.798810     0.000000   -0.003517   -0.008901  
      0.000000  4.347685 15.764534    -0.000001   -0.002664   -0.005258  
      0.000000 10.578626 15.765049     0.000002    0.010318   -0.002305  
      1.732400  1.000518 16.451639    -0.000001   -0.001268   -0.028763  
      1.732400  7.420255 16.373267     0.000001   -0.000666    0.005311  
      0.000000  3.736248  7.090247            0           0           0  
      0.000000 10.035348  7.090247            0           0           0  
      1.732400  5.982003  7.278785            0           0           0  
      1.732400 12.281103  7.278785            0           0           0  
      1.732400  2.673855 14.271283    -0.000003    0.005941    0.030553  
      1.732400  9.030864 14.179007    -0.000002   -0.001332   -0.005852  
      0.000000  0.462529 14.415654     0.000002   -0.012124    0.040139  
      0.000000  6.785137 14.380433     0.000001   -0.001013   -0.004120  
      1.732400  3.445467 17.483794    -0.000003   -0.010571   -0.004649  
 
   6 f  =    6.512727 THz    40.920670 2PiTHz  217.241185 cm-1    26.934462 meV
             X         Y         Z           dx          dy          dz
      1.732400  4.346127  5.088808            0           0           0  
      1.732400 10.645227  5.088808            0           0           0  
      0.000000  1.269899  5.712453            0           0           0  
      0.000000  7.568998  5.712453            0           0           0  
      1.732400  2.151017  8.653465            0           0           0  
      1.732400  8.450117  8.653465            0           0           0  
      0.000000  5.362298  9.280790            0           0           0  
      0.000000 11.661398  9.280790            0           0           0  
      0.000000  2.079324 12.248772    -0.000001    0.004146    0.002373  
      0.000000  8.401579 12.181999     0.000002   -0.016854   -0.004721  
      1.732400  5.157507 12.844442     0.000001    0.000374    0.014883  
      1.732400 11.508795 12.798810    -0.000002    0.011584   -0.009228  
      0.000000  4.347685 15.764534    -0.000001   -0.011874    0.007168  
      0.000000 10.578626 15.765049     0.000002   -0.000235   -0.012950  
      1.732400  1.000518 16.451639    -0.000001   -0.003647    0.002392  
      1.732400  7.420255 16.373267    -0.000001    0.016214    0.009192  
      0.000000  3.736248  7.090247            0           0           0  
      0.000000 10.035348  7.090247            0           0           0  
      1.732400  5.982003  7.278785            0           0           0  
      1.732400 12.281103  7.278785            0           0           0  
      1.732400  2.673855 14.271283     0.000000    0.006230   -0.014184  
      1.732400  9.030864 14.179007    -0.000003   -0.011927    0.040869  
      0.000000  0.462529 14.415654     0.000002   -0.006320    0.011239  
      0.000000  6.785137 14.380433     0.000001    0.012691   -0.044787  
      1.732400  3.445467 17.483794    -0.000004   -0.014110    0.013732  
 
   7 f  =    6.350631 THz    39.902190 2PiTHz  211.834240 cm-1    26.264087 meV
             X         Y         Z           dx          dy          dz
      1.732400  4.346127  5.088808            0           0           0  
      1.732400 10.645227  5.088808            0           0           0  
      0.000000  1.269899  5.712453            0           0           0  
      0.000000  7.568998  5.712453            0           0           0  
      1.732400  2.151017  8.653465            0           0           0  
      1.732400  8.450117  8.653465            0           0           0  
      0.000000  5.362298  9.280790            0           0           0  
      0.000000 11.661398  9.280790            0           0           0  
      0.000000  2.079324 12.248772     0.000002   -0.017946   -0.008631  
      0.000000  8.401579 12.181999     0.000002   -0.007085   -0.004669  
      1.732400  5.157507 12.844442    -0.000001    0.016162   -0.002735  
      1.732400 11.508795 12.798810    -0.000000    0.005896    0.008271  
      0.000000  4.347685 15.764534     0.000001   -0.005603   -0.007544  
      0.000000 10.578626 15.765049    -0.000001   -0.016779    0.000723  
      1.732400  1.000518 16.451639    -0.000000    0.015993   -0.009462  
      1.732400  7.420255 16.373267     0.000001    0.006583    0.005715  
      0.000000  3.736248  7.090247            0           0           0  
      0.000000 10.035348  7.090247            0           0           0  
      1.732400  5.982003  7.278785            0           0           0  
      1.732400 12.281103  7.278785            0           0           0  
      1.732400  2.673855 14.271283    -0.000003   -0.019152    0.045538  
      1.732400  9.030864 14.179007    -0.000002    0.000983    0.013802  
      0.000000  0.462529 14.415654    -0.000000    0.019496   -0.032517  
      0.000000  6.785137 14.380433     0.000001   -0.000397   -0.014534  
      1.732400  3.445467 17.483794     0.000000    0.023083    0.011798  
 
   8 f  =    6.215474 THz    39.052977 2PiTHz  207.325909 cm-1    25.705125 meV
             X         Y         Z           dx          dy          dz
      1.732400  4.346127  5.088808            0           0           0  
      1.732400 10.645227  5.088808            0           0           0  
      0.000000  1.269899  5.712453            0           0           0  
      0.000000  7.568998  5.712453            0           0           0  
      1.732400  2.151017  8.653465            0           0           0  
      1.732400  8.450117  8.653465            0           0           0  
      0.000000  5.362298  9.280790            0           0           0  
      0.000000 11.661398  9.280790            0           0           0  
      0.000000  2.079324 12.248772     0.000000   -0.001610   -0.001431  
      0.000000  8.401579 12.181999    -0.000003   -0.004120    0.039571  
      1.732400  5.157507 12.844442     0.000001   -0.005678   -0.005598  
      1.732400 11.508795 12.798810    -0.000001    0.005452   -0.000889  
      0.000000  4.347685 15.764534    -0.000001   -0.012760    0.000006  
      0.000000 10.578626 15.765049    -0.000001    0.001819    0.005331  
      1.732400  1.000518 16.451639     0.000002    0.001692    0.001934  
      1.732400  7.420255 16.373267    -0.000005    0.003905   -0.039385  
      0.000000  3.736248  7.090247            0           0           0  
      0.000000 10.035348  7.090247            0           0           0  
      1.732400  5.982003  7.278785            0           0           0  
      1.732400 12.281103  7.278785            0           0           0  
      1.732400  2.673855 14.271283     0.000002    0.002152    0.006036  
      1.732400  9.030864 14.179007     0.000004   -0.035748   -0.006587  
      0.000000  0.462529 14.415654    -0.000005    0.001531   -0.005629  
      0.000000  6.785137 14.380433     0.000003    0.040065    0.006215  
      1.732400  3.445467 17.483794     0.000001   -0.003177    0.011135  
 
   9 f  =    6.031880 THz    37.899420 2PiTHz  201.201861 cm-1    24.945840 meV
             X         Y         Z           dx          dy          dz
      1.732400  4.346127  5.088808            0           0           0  
      1.732400 10.645227  5.088808            0           0           0  
      0.000000  1.269899  5.712453            0           0           0  
      0.000000  7.568998  5.712453            0           0           0  
      1.732400  2.151017  8.653465            0           0           0  
      1.732400  8.450117  8.653465            0           0           0  
      0.000000  5.362298  9.280790            0           0           0  
      0.000000 11.661398  9.280790            0           0           0  
      0.000000  2.079324 12.248772     0.000005    0.000391   -0.029636  
      0.000000  8.401579 12.181999    -0.000002   -0.001724   -0.004807  
      1.732400  5.157507 12.844442     0.000001   -0.003064   -0.001517  
      1.732400 11.508795 12.798810    -0.000001    0.002902    0.013896  
      0.000000  4.347685 15.764534    -0.000001   -0.009429   -0.005042  
      0.000000 10.578626 15.765049    -0.000000    0.000293   -0.000541  
      1.732400  1.000518 16.451639     0.000003   -0.002070    0.044860  
      1.732400  7.420255 16.373267    -0.000003    0.001550    0.003204  
      0.000000  3.736248  7.090247            0           0           0  
      0.000000 10.035348  7.090247            0           0           0  
      1.732400  5.982003  7.278785            0           0           0  
      1.732400 12.281103  7.278785            0           0           0  
      1.732400  2.673855 14.271283    -0.000009    0.035504    0.010425  
      1.732400  9.030864 14.179007     0.000005    0.005616    0.000060  
      0.000000  0.462529 14.415654     0.000002   -0.033514   -0.025271  
      0.000000  6.785137 14.380433     0.000002   -0.000354    0.000319  
      1.732400  3.445467 17.483794    -0.000004    0.011611    0.013995  
 
  10 f  =    5.271017 THz    33.118774 2PiTHz  175.822187 cm-1    21.799163 meV
             X         Y         Z           dx          dy          dz
      1.732400  4.346127  5.088808            0           0           0  
      1.732400 10.645227  5.088808            0           0           0  
      0.000000  1.269899  5.712453            0           0           0  
      0.000000  7.568998  5.712453            0           0           0  
      1.732400  2.151017  8.653465            0           0           0  
      1.732400  8.450117  8.653465            0           0           0  
      0.000000  5.362298  9.280790            0           0           0  
      0.000000 11.661398  9.280790            0           0           0  
      0.000000  2.079324 12.248772    -0.000003    0.004485    0.001366  
      0.000000  8.401579 12.181999    -0.000002   -0.001405   -0.001471  
      1.732400  5.157507 12.844442     0.000001   -0.030086   -0.014215  
      1.732400 11.508795 12.798810    -0.000001   -0.028666   -0.002922  
      0.000000  4.347685 15.764534    -0.000000   -0.033935    0.000864  
      0.000000 10.578626 15.765049     0.000000   -0.036094   -0.011547  
      1.732400  1.000518 16.451639     0.000000    0.003252   -0.003328  
      1.732400  7.420255 16.373267     0.000005   -0.003405    0.008860  
      0.000000  3.736248  7.090247            0           0           0  
      0.000000 10.035348  7.090247            0           0           0  
      1.732400  5.982003  7.278785            0           0           0  
      1.732400 12.281103  7.278785            0           0           0  
      1.732400  2.673855 14.271283     0.000003    0.013625    0.000898  
      1.732400  9.030864 14.179007     0.000005    0.030388    0.002053  
      0.000000  0.462529 14.415654    -0.000001    0.017330    0.007148  
      0.000000  6.785137 14.380433    -0.000007    0.026406    0.004105  
      1.732400  3.445467 17.483794    -0.000001   -0.007412    0.023255  
 
  11 f  =    4.996897 THz    31.396428 2PiTHz  166.678531 cm-1    20.665495 meV
             X         Y         Z           dx          dy          dz
      1.732400  4.346127  5.088808            0           0           0  
      1.732400 10.645227  5.088808            0           0           0  
      0.000000  1.269899  5.712453            0           0           0  
      0.000000  7.568998  5.712453            0           0           0  
      1.732400  2.151017  8.653465            0           0           0  
      1.732400  8.450117  8.653465            0           0           0  
      0.000000  5.362298  9.280790            0           0           0  
      0.000000 11.661398  9.280790            0           0           0  
      0.000000  2.079324 12.248772     0.000014    0.010155   -0.007428  
      0.000000  8.401579 12.181999    -0.000003   -0.011565    0.014060  
      1.732400  5.157507 12.844442     0.000001   -0.001395   -0.023057  
      1.732400 11.508795 12.798810     0.000003    0.013442    0.030982  
      0.000000  4.347685 15.764534     0.000007    0.023706    0.025712  
      0.000000 10.578626 15.765049    -0.000003   -0.003393   -0.031050  
      1.732400  1.000518 16.451639     0.000000    0.008464   -0.006283  
      1.732400  7.420255 16.373267     0.000001   -0.012639    0.002961  
      0.000000  3.736248  7.090247            0           0           0  
      0.000000 10.035348  7.090247            0           0           0  
      1.732400  5.982003  7.278785            0           0           0  
      1.732400 12.281103  7.278785            0           0           0  
      1.732400  2.673855 14.271283    -0.000018   -0.028637   -0.005654  
      1.732400  9.030864 14.179007     0.000005    0.018601    0.003545  
      0.000000  0.462529 14.415654     0.000003   -0.026210   -0.002556  
      0.000000  6.785137 14.380433    -0.000003    0.017533    0.000520  
      1.732400  3.445467 17.483794     0.000009    0.002604    0.011702  
 
  12 f  =    4.838039 THz    30.398296 2PiTHz  161.379610 cm-1    20.008513 meV
             X         Y         Z           dx          dy          dz
      1.732400  4.346127  5.088808            0           0           0  
      1.732400 10.645227  5.088808            0           0           0  
      0.000000  1.269899  5.712453            0           0           0  
      0.000000  7.568998  5.712453            0           0           0  
      1.732400  2.151017  8.653465            0           0           0  
      1.732400  8.450117  8.653465            0           0           0  
      0.000000  5.362298  9.280790            0           0           0  
      0.000000 11.661398  9.280790            0           0           0  
      0.000000  2.079324 12.248772    -0.042493    0.000005   -0.000013  
      0.000000  8.401579 12.181999    -0.008962    0.000001   -0.000007  
      1.732400  5.157507 12.844442     0.000592   -0.000006   -0.000015  
      1.732400 11.508795 12.798810     0.003489    0.000014    0.000001  
      0.000000  4.347685 15.764534    -0.010232    0.000010    0.000007  
      0.000000 10.578626 15.765049    -0.000793    0.000002   -0.000003  
      1.732400  1.000518 16.451639     0.022378    0.000004    0.000006  
      1.732400  7.420255 16.373267     0.018985    0.000000    0.000014  
      0.000000  3.736248  7.090247            0           0           0  
      0.000000 10.035348  7.090247            0           0           0  
      1.732400  5.982003  7.278785            0           0           0  
      1.732400 12.281103  7.278785            0           0           0  
      1.732400  2.673855 14.271283     0.046461   -0.000008    0.000003  
      1.732400  9.030864 14.179007     0.012628   -0.000006    0.000004  
      0.000000  0.462529 14.415654    -0.026535   -0.000010   -0.000004  
      0.000000  6.785137 14.380433    -0.020620    0.000002    0.000002  
      1.732400  3.445467 17.483794    -0.009350    0.000002   -0.000001  
 
  13 f  =    4.750461 THz    29.848025 2PiTHz  158.458315 cm-1    19.646318 meV
             X         Y         Z           dx          dy          dz
      1.732400  4.346127  5.088808            0           0           0  
      1.732400 10.645227  5.088808            0           0           0  
      0.000000  1.269899  5.712453            0           0           0  
      0.000000  7.568998  5.712453            0           0           0  
      1.732400  2.151017  8.653465            0           0           0  
      1.732400  8.450117  8.653465            0           0           0  
      0.000000  5.362298  9.280790            0           0           0  
      0.000000 11.661398  9.280790            0           0           0  
      0.000000  2.079324 12.248772     0.029314    0.000008   -0.000069  
      0.000000  8.401579 12.181999    -0.005833    0.000010    0.000103  
      1.732400  5.157507 12.844442     0.000937    0.000062    0.000091  
      1.732400 11.508795 12.798810     0.013385   -0.000067   -0.000052  
      0.000000  4.347685 15.764534     0.012733    0.000098   -0.000004  
      0.000000 10.578626 15.765049     0.000150   -0.000137   -0.000046  
      1.732400  1.000518 16.451639     0.049255   -0.000000    0.000072  
      1.732400  7.420255 16.373267     0.001908    0.000007   -0.000092  
      0.000000  3.736248  7.090247            0           0           0  
      0.000000 10.035348  7.090247            0           0           0  
      1.732400  5.982003  7.278785            0           0           0  
      1.732400 12.281103  7.278785            0           0           0  
      1.732400  2.673855 14.271283    -0.027252   -0.000002   -0.000026  
      1.732400  9.030864 14.179007     0.005727    0.000030    0.000021  
      0.000000  0.462529 14.415654    -0.045852    0.000039    0.000020  
      0.000000  6.785137 14.380433    -0.003709   -0.000054   -0.000015  
      1.732400  3.445467 17.483794     0.009809    0.000052   -0.000045  
 
  14 f  =    4.732612 THz    29.735876 2PiTHz  157.862932 cm-1    19.572500 meV
             X         Y         Z           dx          dy          dz
      1.732400  4.346127  5.088808            0           0           0  
      1.732400 10.645227  5.088808            0           0           0  
      0.000000  1.269899  5.712453            0           0           0  
      0.000000  7.568998  5.712453            0           0           0  
      1.732400  2.151017  8.653465            0           0           0  
      1.732400  8.450117  8.653465            0           0           0  
      0.000000  5.362298  9.280790            0           0           0  
      0.000000 11.661398  9.280790            0           0           0  
      0.000000  2.079324 12.248772    -0.000113    0.002739   -0.019039  
      0.000000  8.401579 12.181999    -0.000000    0.001495    0.033440  
      1.732400  5.157507 12.844442    -0.000012    0.017549    0.027186  
      1.732400 11.508795 12.798810    -0.000046   -0.018668   -0.009525  
      0.000000  4.347685 15.764534    -0.000049    0.029637   -0.003617  
      0.000000 10.578626 15.765049    -0.000005   -0.041299   -0.015067  
      1.732400  1.000518 16.451639    -0.000156   -0.000254    0.018040  
      1.732400  7.420255 16.373267    -0.000043    0.002378   -0.029222  
      0.000000  3.736248  7.090247            0           0           0  
      0.000000 10.035348  7.090247            0           0           0  
      1.732400  5.982003  7.278785            0           0           0  
      1.732400 12.281103  7.278785            0           0           0  
      1.732400  2.673855 14.271283     0.000106    0.000513   -0.006923  
      1.732400  9.030864 14.179007     0.000000    0.010597    0.006296  
      0.000000  0.462529 14.415654     0.000145    0.008738    0.004560  
      0.000000  6.785137 14.380433     0.000045   -0.015984   -0.004346  
      1.732400  3.445467 17.483794    -0.000033    0.015927   -0.015601  
 
  15 f  =    4.642519 THz    29.169806 2PiTHz  154.857756 cm-1    19.199906 meV
             X         Y         Z           dx          dy          dz
      1.732400  4.346127  5.088808            0           0           0  
      1.732400 10.645227  5.088808            0           0           0  
      0.000000  1.269899  5.712453            0           0           0  
      0.000000  7.568998  5.712453            0           0           0  
      1.732400  2.151017  8.653465            0           0           0  
      1.732400  8.450117  8.653465            0           0           0  
      0.000000  5.362298  9.280790            0           0           0  
      0.000000 11.661398  9.280790            0           0           0  
      0.000000  2.079324 12.248772    -0.011611    0.000000    0.000020  
      0.000000  8.401579 12.181999    -0.025580    0.000003   -0.000027  
      1.732400  5.157507 12.844442    -0.010273   -0.000015   -0.000013  
      1.732400 11.508795 12.798810     0.000517    0.000011    0.000016  
      0.000000  4.347685 15.764534    -0.003204   -0.000023   -0.000001  
      0.000000 10.578626 15.765049    -0.006391    0.000029   -0.000001  
      1.732400  1.000518 16.451639     0.007685    0.000004   -0.000025  
      1.732400  7.420255 16.373267    -0.053396   -0.000003    0.000024  
      0.000000  3.736248  7.090247            0           0           0  
      0.000000 10.035348  7.090247            0           0           0  
      1.732400  5.982003  7.278785            0           0           0  
      1.732400 12.281103  7.278785            0           0           0  
      1.732400  2.673855 14.271283     0.011869   -0.000001    0.000007  
      1.732400  9.030864 14.179007     0.020513   -0.000002   -0.000005  
      0.000000  0.462529 14.415654    -0.007634   -0.000010   -0.000003  
      0.000000  6.785137 14.380433     0.046289    0.000010    0.000002  
      1.732400  3.445467 17.483794    -0.002176   -0.000015    0.000009  
 
  16 f  =    4.537598 THz    28.510571 2PiTHz  151.357988 cm-1    18.765990 meV
             X         Y         Z           dx          dy          dz
      1.732400  4.346127  5.088808            0           0           0  
      1.732400 10.645227  5.088808            0           0           0  
      0.000000  1.269899  5.712453            0           0           0  
      0.000000  7.568998  5.712453            0           0           0  
      1.732400  2.151017  8.653465            0           0           0  
      1.732400  8.450117  8.653465            0           0           0  
      0.000000  5.362298  9.280790            0           0           0  
      0.000000 11.661398  9.280790            0           0           0  
      0.000000  2.079324 12.248772    -0.000006    0.003462   -0.028315  
      0.000000  8.401579 12.181999     0.000011    0.003146   -0.011113  
      1.732400  5.157507 12.844442     0.000000   -0.011301   -0.028282  
      1.732400 11.508795 12.798810    -0.000001    0.002552   -0.037338  
      0.000000  4.347685 15.764534     0.000005    0.025163    0.028279  
      0.000000 10.578626 15.765049     0.000004   -0.014206    0.025213  
      1.732400  1.000518 16.451639    -0.000016    0.001506    0.028692  
      1.732400  7.420255 16.373267    -0.000023   -0.000436    0.022833  
      0.000000  3.736248  7.090247            0           0           0  
      0.000000 10.035348  7.090247            0           0           0  
      1.732400  5.982003  7.278785            0           0           0  
      1.732400 12.281103  7.278785            0           0           0  
      1.732400  2.673855 14.271283     0.000001   -0.012662   -0.005156  
      1.732400  9.030864 14.179007    -0.000013   -0.015062    0.001465  
      0.000000  0.462529 14.415654     0.000013    0.012720   -0.001010  
      0.000000  6.785137 14.380433     0.000018    0.008134    0.001531  
      1.732400  3.445467 17.483794     0.000005    0.007831    0.012291  
 
  17 f  =    4.426123 THz    27.810152 2PiTHz  147.639576 cm-1    18.304966 meV
             X         Y         Z           dx          dy          dz
      1.732400  4.346127  5.088808            0           0           0  
      1.732400 10.645227  5.088808            0           0           0  
      0.000000  1.269899  5.712453            0           0           0  
      0.000000  7.568998  5.712453            0           0           0  
      1.732400  2.151017  8.653465            0           0           0  
      1.732400  8.450117  8.653465            0           0           0  
      0.000000  5.362298  9.280790            0           0           0  
      0.000000 11.661398  9.280790            0           0           0  
      0.000000  2.079324 12.248772    -0.014138    0.000003    0.000001  
      0.000000  8.401579 12.181999     0.054373   -0.000001    0.000010  
      1.732400  5.157507 12.844442     0.001511   -0.000017    0.000004  
      1.732400 11.508795 12.798810     0.004065    0.000015    0.000028  
      0.000000  4.347685 15.764534    -0.001301    0.000002   -0.000010  
      0.000000 10.578626 15.765049     0.008623   -0.000013   -0.000008  
      1.732400  1.000518 16.451639     0.015599   -0.000002   -0.000013  
      1.732400  7.420255 16.373267    -0.021559    0.000004   -0.000000  
      0.000000  3.736248  7.090247            0           0           0  
      0.000000 10.035348  7.090247            0           0           0  
      1.732400  5.982003  7.278785            0           0           0  
      1.732400 12.281103  7.278785            0           0           0  
      1.732400  2.673855 14.271283     0.011026    0.000008   -0.000001  
      1.732400  9.030864 14.179007    -0.046339    0.000004   -0.000003  
      0.000000  0.462529 14.415654    -0.013087   -0.000004   -0.000001  
      0.000000  6.785137 14.380433     0.015846   -0.000002    0.000002  
      1.732400  3.445467 17.483794    -0.001212   -0.000004   -0.000009  
 
  18 f  =    4.311255 THz    27.088413 2PiTHz  143.807980 cm-1    17.829909 meV
             X         Y         Z           dx          dy          dz
      1.732400  4.346127  5.088808            0           0           0  
      1.732400 10.645227  5.088808            0           0           0  
      0.000000  1.269899  5.712453            0           0           0  
      0.000000  7.568998  5.712453            0           0           0  
      1.732400  2.151017  8.653465            0           0           0  
      1.732400  8.450117  8.653465            0           0           0  
      0.000000  5.362298  9.280790            0           0           0  
      0.000000 11.661398  9.280790            0           0           0  
      0.000000  2.079324 12.248772     0.000018   -0.002675    0.000497  
      0.000000  8.401579 12.181999    -0.000022    0.003518    0.010290  
      1.732400  5.157507 12.844442    -0.000001   -0.038320    0.004465  
      1.732400 11.508795 12.798810    -0.000003    0.048378    0.006944  
      0.000000  4.347685 15.764534     0.000003    0.020714   -0.022197  
      0.000000 10.578626 15.765049    -0.000002   -0.034943    0.000726  
      1.732400  1.000518 16.451639    -0.000002   -0.004797   -0.023804  
      1.732400  7.420255 16.373267     0.000013    0.009635    0.017830  
      0.000000  3.736248  7.090247            0           0           0  
      0.000000 10.035348  7.090247            0           0           0  
      1.732400  5.982003  7.278785            0           0           0  
      1.732400 12.281103  7.278785            0           0           0  
      1.732400  2.673855 14.271283    -0.000010    0.015033   -0.001791  
      1.732400  9.030864 14.179007     0.000014   -0.008793    0.001469  
      0.000000  0.462529 14.415654     0.000001   -0.001285   -0.002608  
      0.000000  6.785137 14.380433    -0.000004   -0.005994    0.008512  
      1.732400  3.445467 17.483794     0.000001   -0.004266   -0.037333  
 
  19 f  =    4.058714 THz    25.501653 2PiTHz  135.384130 cm-1    16.785485 meV
             X         Y         Z           dx          dy          dz
      1.732400  4.346127  5.088808            0           0           0  
      1.732400 10.645227  5.088808            0           0           0  
      0.000000  1.269899  5.712453            0           0           0  
      0.000000  7.568998  5.712453            0           0           0  
      1.732400  2.151017  8.653465            0           0           0  
      1.732400  8.450117  8.653465            0           0           0  
      0.000000  5.362298  9.280790            0           0           0  
      0.000000 11.661398  9.280790            0           0           0  
      0.000000  2.079324 12.248772    -0.000006    0.008948    0.005966  
      0.000000  8.401579 12.181999     0.000001    0.013048    0.006486  
      1.732400  5.157507 12.844442     0.000003    0.040383   -0.022167  
      1.732400 11.508795 12.798810     0.000003    0.031534   -0.009757  
      0.000000  4.347685 15.764534     0.000006   -0.042586    0.013388  
      0.000000 10.578626 15.765049    -0.000001   -0.032010    0.001470  
      1.732400  1.000518 16.451639    -0.000001    0.009963    0.000694  
      1.732400  7.420255 16.373267    -0.000004    0.015019   -0.000912  
      0.000000  3.736248  7.090247            0           0           0  
      0.000000 10.035348  7.090247            0           0           0  
      1.732400  5.982003  7.278785            0           0           0  
      1.732400 12.281103  7.278785            0           0           0  
      1.732400  2.673855 14.271283    -0.000002   -0.002787   -0.007625  
      1.732400  9.030864 14.179007    -0.000000   -0.000855   -0.006928  
      0.000000  0.462529 14.415654     0.000002   -0.011294    0.008431  
      0.000000  6.785137 14.380433     0.000001   -0.015446    0.007172  
      1.732400  3.445467 17.483794     0.000006   -0.011006    0.037097  
 
  20 f  =    3.936541 THz    24.734018 2PiTHz  131.308881 cm-1    16.280219 meV
             X         Y         Z           dx          dy          dz
      1.732400  4.346127  5.088808            0           0           0  
      1.732400 10.645227  5.088808            0           0           0  
      0.000000  1.269899  5.712453            0           0           0  
      0.000000  7.568998  5.712453            0           0           0  
      1.732400  2.151017  8.653465            0           0           0  
      1.732400  8.450117  8.653465            0           0           0  
      0.000000  5.362298  9.280790            0           0           0  
      0.000000 11.661398  9.280790            0           0           0  
      0.000000  2.079324 12.248772    -0.000005   -0.032826   -0.001269  
      0.000000  8.401579 12.181999     0.000002   -0.032772   -0.003246  
      1.732400  5.157507 12.844442     0.000001    0.026558    0.004185  
      1.732400 11.508795 12.798810    -0.000002    0.028214   -0.010617  
      0.000000  4.347685 15.764534    -0.000001    0.003645    0.009318  
      0.000000 10.578626 15.765049    -0.000001   -0.003393    0.011165  
      1.732400  1.000518 16.451639     0.000004   -0.026097   -0.004095  
      1.732400  7.420255 16.373267    -0.000005   -0.042740   -0.004539  
      0.000000  3.736248  7.090247            0           0           0  
      0.000000 10.035348  7.090247            0           0           0  
      1.732400  5.982003  7.278785            0           0           0  
      1.732400 12.281103  7.278785            0           0           0  
      1.732400  2.673855 14.271283     0.000005    0.016431   -0.002356  
      1.732400  9.030864 14.179007     0.000001    0.016714   -0.003146  
      0.000000  0.462529 14.415654    -0.000003    0.009015    0.003249  
      0.000000  6.785137 14.380433     0.000001    0.013420    0.001723  
      1.732400  3.445467 17.483794    -0.000001   -0.029113   -0.008449  
 
  21 f  =    3.819252 THz    23.997069 2PiTHz  127.396538 cm-1    15.795151 meV
             X         Y         Z           dx          dy          dz
      1.732400  4.346127  5.088808            0           0           0  
      1.732400 10.645227  5.088808            0           0           0  
      0.000000  1.269899  5.712453            0           0           0  
      0.000000  7.568998  5.712453            0           0           0  
      1.732400  2.151017  8.653465            0           0           0  
      1.732400  8.450117  8.653465            0           0           0  
      0.000000  5.362298  9.280790            0           0           0  
      0.000000 11.661398  9.280790            0           0           0  
      0.000000  2.079324 12.248772    -0.000004   -0.021314    0.024539  
      0.000000  8.401579 12.181999     0.000005   -0.002037    0.028611  
      1.732400  5.157507 12.844442    -0.000003    0.003365   -0.043308  
      1.732400 11.508795 12.798810    -0.000008   -0.006039   -0.029499  
      0.000000  4.347685 15.764534     0.000002    0.011314   -0.016219  
      0.000000 10.578626 15.765049    -0.000001    0.017111   -0.035466  
      1.732400  1.000518 16.451639     0.000009   -0.008957    0.010387  
      1.732400  7.420255 16.373267    -0.000002    0.006204    0.012540  
      0.000000  3.736248  7.090247            0           0           0  
      0.000000 10.035348  7.090247            0           0           0  
      1.732400  5.982003  7.278785            0           0           0  
      1.732400 12.281103  7.278785            0           0           0  
      1.732400  2.673855 14.271283    -0.000002    0.011486    0.012384  
      1.732400  9.030864 14.179007    -0.000003    0.000468    0.011739  
      0.000000  0.462529 14.415654     0.000004   -0.001229    0.003410  
      0.000000  6.785137 14.380433     0.000004   -0.010288    0.004606  
      1.732400  3.445467 17.483794     0.000001    0.005604   -0.021379  
 
  22 f  =    3.550482 THz    22.308339 2PiTHz  118.431345 cm-1    14.683609 meV
             X         Y         Z           dx          dy          dz
      1.732400  4.346127  5.088808            0           0           0  
      1.732400 10.645227  5.088808            0           0           0  
      0.000000  1.269899  5.712453            0           0           0  
      0.000000  7.568998  5.712453            0           0           0  
      1.732400  2.151017  8.653465            0           0           0  
      1.732400  8.450117  8.653465            0           0           0  
      0.000000  5.362298  9.280790            0           0           0  
      0.000000 11.661398  9.280790            0           0           0  
      0.000000  2.079324 12.248772     0.000011    0.022948    0.011859  
      0.000000  8.401579 12.181999     0.000014   -0.008310   -0.000002  
      1.732400  5.157507 12.844442    -0.000009   -0.004049    0.024269  
      1.732400 11.508795 12.798810    -0.000010    0.014554   -0.039701  
      0.000000  4.347685 15.764534    -0.000020   -0.006699   -0.034629  
      0.000000 10.578626 15.765049     0.000000    0.001495   -0.003363  
      1.732400  1.000518 16.451639     0.000004    0.030756    0.015653  
      1.732400  7.420255 16.373267    -0.000000   -0.030066    0.007408  
      0.000000  3.736248  7.090247            0           0           0  
      0.000000 10.035348  7.090247            0           0           0  
      1.732400  5.982003  7.278785            0           0           0  
      1.732400 12.281103  7.278785            0           0           0  
      1.732400  2.673855 14.271283     0.000004   -0.017760    0.007082  
      1.732400  9.030864 14.179007    -0.000001    0.006985   -0.001521  
      0.000000  0.462529 14.415654     0.000003   -0.015943    0.001207  
      0.000000  6.785137 14.380433     0.000002    0.010730    0.005391  
      1.732400  3.445467 17.483794    -0.000024    0.047391   -0.001324  
 
  23 f  =    3.399821 THz    21.361706 2PiTHz  113.405826 cm-1    14.060524 meV
             X         Y         Z           dx          dy          dz
      1.732400  4.346127  5.088808            0           0           0  
      1.732400 10.645227  5.088808            0           0           0  
      0.000000  1.269899  5.712453            0           0           0  
      0.000000  7.568998  5.712453            0           0           0  
      1.732400  2.151017  8.653465            0           0           0  
      1.732400  8.450117  8.653465            0           0           0  
      0.000000  5.362298  9.280790            0           0           0  
      0.000000 11.661398  9.280790            0           0           0  
      0.000000  2.079324 12.248772     0.026530   -0.000025   -0.000032  
      0.000000  8.401579 12.181999     0.020613    0.000096   -0.000047  
      1.732400  5.157507 12.844442    -0.024737    0.000052    0.000034  
      1.732400 11.508795 12.798810    -0.055522    0.000001    0.000049  
      0.000000  4.347685 15.764534    -0.031590   -0.000012   -0.000004  
      0.000000 10.578626 15.765049    -0.024063   -0.000022   -0.000111  
      1.732400  1.000518 16.451639     0.028176   -0.000044    0.000034  
      1.732400  7.420255 16.373267     0.012416   -0.000043    0.000068  
      0.000000  3.736248  7.090247            0           0           0  
      0.000000 10.035348  7.090247            0           0           0  
      1.732400  5.982003  7.278785            0           0           0  
      1.732400 12.281103  7.278785            0           0           0  
      1.732400  2.673855 14.271283     0.009501   -0.000009   -0.000012  
      1.732400  9.030864 14.179007     0.009539   -0.000069   -0.000014  
      0.000000  0.462529 14.415654     0.008302    0.000039    0.000014  
      0.000000  6.785137 14.380433     0.006660    0.000038    0.000022  
      1.732400  3.445467 17.483794    -0.034172   -0.000027   -0.000012  
 
  24 f  =    3.381135 THz    21.244295 2PiTHz  112.782510 cm-1    13.983243 meV
             X         Y         Z           dx          dy          dz
      1.732400  4.346127  5.088808            0           0           0  
      1.732400 10.645227  5.088808            0           0           0  
      0.000000  1.269899  5.712453            0           0           0  
      0.000000  7.568998  5.712453            0           0           0  
      1.732400  2.151017  8.653465            0           0           0  
      1.732400  8.450117  8.653465            0           0           0  
      0.000000  5.362298  9.280790            0           0           0  
      0.000000 11.661398  9.280790            0           0           0  
      0.000000  2.079324 12.248772    -0.000062   -0.004714   -0.014093  
      0.000000  8.401579 12.181999    -0.000046    0.028469   -0.013784  
      1.732400  5.157507 12.844442     0.000051    0.015657    0.013834  
      1.732400 11.508795 12.798810     0.000143    0.006840    0.018273  
      0.000000  4.347685 15.764534     0.000086   -0.008896   -0.013975  
      0.000000 10.578626 15.765049     0.000062   -0.002983   -0.044367  
      1.732400  1.000518 16.451639    -0.000086   -0.020370    0.021451  
      1.732400  7.420255 16.373267    -0.000029   -0.016052    0.024304  
      0.000000  3.736248  7.090247            0           0           0  
      0.000000 10.035348  7.090247            0           0           0  
      1.732400  5.982003  7.278785            0           0           0  
      1.732400 12.281103  7.278785            0           0           0  
      1.732400  2.673855 14.271283    -0.000022   -0.008735   -0.004108  
      1.732400  9.030864 14.179007    -0.000022   -0.021850   -0.004860  
      0.000000  0.462529 14.415654    -0.000020    0.019102    0.006849  
      0.000000  6.785137 14.380433    -0.000017    0.013016    0.009120  
      1.732400  3.445467 17.483794     0.000093   -0.005097   -0.012342  
 
  25 f  =    3.333464 THz    20.944771 2PiTHz  111.192383 cm-1    13.786092 meV
             X         Y         Z           dx          dy          dz
      1.732400  4.346127  5.088808            0           0           0  
      1.732400 10.645227  5.088808            0           0           0  
      0.000000  1.269899  5.712453            0           0           0  
      0.000000  7.568998  5.712453            0           0           0  
      1.732400  2.151017  8.653465            0           0           0  
      1.732400  8.450117  8.653465            0           0           0  
      0.000000  5.362298  9.280790            0           0           0  
      0.000000 11.661398  9.280790            0           0           0  
      0.000000  2.079324 12.248772     0.000007   -0.029891    0.013998  
      0.000000  8.401579 12.181999    -0.000064    0.032550   -0.011137  
      1.732400  5.157507 12.844442     0.000115    0.005275    0.017396  
      1.732400 11.508795 12.798810    -0.000080   -0.015288   -0.016255  
      0.000000  4.347685 15.764534    -0.000027    0.013882    0.030714  
      0.000000 10.578626 15.765049     0.000192   -0.013358   -0.013596  
      1.732400  1.000518 16.451639    -0.000001    0.029934   -0.022774  
      1.732400  7.420255 16.373267    -0.000051   -0.014444    0.005993  
      0.000000  3.736248  7.090247            0           0           0  
      0.000000 10.035348  7.090247            0           0           0  
      1.732400  5.982003  7.278785            0           0           0  
      1.732400 12.281103  7.278785            0           0           0  
      1.732400  2.673855 14.271283     0.000002    0.018520    0.004455  
      1.732400  9.030864 14.179007    -0.000028   -0.012899   -0.002771  
      0.000000  0.462529 14.415654    -0.000011   -0.020525   -0.005214  
      0.000000  6.785137 14.380433    -0.000028    0.008822   -0.000736  
      1.732400  3.445467 17.483794    -0.000024    0.006086    0.027765  
 
  26 f  =    3.304398 THz    20.762148 2PiTHz  110.222869 cm-1    13.665888 meV
             X         Y         Z           dx          dy          dz
      1.732400  4.346127  5.088808            0           0           0  
      1.732400 10.645227  5.088808            0           0           0  
      0.000000  1.269899  5.712453            0           0           0  
      0.000000  7.568998  5.712453            0           0           0  
      1.732400  2.151017  8.653465            0           0           0  
      1.732400  8.450117  8.653465            0           0           0  
      0.000000  5.362298  9.280790            0           0           0  
      0.000000 11.661398  9.280790            0           0           0  
      0.000000  2.079324 12.248772     0.007856    0.000094   -0.000032  
      0.000000  8.401579 12.181999    -0.022244   -0.000100    0.000024  
      1.732400  5.157507 12.844442     0.027087    0.000006   -0.000058  
      1.732400 11.508795 12.798810    -0.040354    0.000030    0.000060  
      0.000000  4.347685 15.764534    -0.012143   -0.000030   -0.000098  
      0.000000 10.578626 15.765049     0.066069    0.000025    0.000042  
      1.732400  1.000518 16.451639     0.006752   -0.000085    0.000061  
      1.732400  7.420255 16.373267    -0.013823    0.000039   -0.000006  
      0.000000  3.736248  7.090247            0           0           0  
      0.000000 10.035348  7.090247            0           0           0  
      1.732400  5.982003  7.278785            0           0           0  
      1.732400 12.281103  7.278785            0           0           0  
      1.732400  2.673855 14.271283     0.002548   -0.000050   -0.000013  
      1.732400  9.030864 14.179007    -0.007797    0.000026    0.000007  
      0.000000  0.462529 14.415654    -0.001978    0.000055    0.000017  
      0.000000  6.785137 14.380433    -0.006323   -0.000018    0.000004  
      1.732400  3.445467 17.483794    -0.012662   -0.000012   -0.000092  
 
  27 f  =    3.196175 THz    20.082162 2PiTHz  106.612932 cm-1    13.218313 meV
             X         Y         Z           dx          dy          dz
      1.732400  4.346127  5.088808            0           0           0  
      1.732400 10.645227  5.088808            0           0           0  
      0.000000  1.269899  5.712453            0           0           0  
      0.000000  7.568998  5.712453            0           0           0  
      1.732400  2.151017  8.653465            0           0           0  
      1.732400  8.450117  8.653465            0           0           0  
      0.000000  5.362298  9.280790            0           0           0  
      0.000000 11.661398  9.280790            0           0           0  
      0.000000  2.079324 12.248772    -0.012545   -0.000018   -0.000003  
      0.000000  8.401579 12.181999     0.003456    0.000015    0.000005  
      1.732400  5.157507 12.844442    -0.055224   -0.000018    0.000018  
      1.732400 11.508795 12.798810    -0.024624    0.000009   -0.000014  
      0.000000  4.347685 15.764534     0.056659   -0.000008    0.000020  
      0.000000 10.578626 15.765049     0.023228    0.000010   -0.000004  
      1.732400  1.000518 16.451639    -0.003588    0.000015   -0.000004  
      1.732400  7.420255 16.373267     0.006446   -0.000003   -0.000011  
      0.000000  3.736248  7.090247            0           0           0  
      0.000000 10.035348  7.090247            0           0           0  
      1.732400  5.982003  7.278785            0           0           0  
      1.732400 12.281103  7.278785            0           0           0  
      1.732400  2.673855 14.271283     0.000663    0.000001    0.000002  
      1.732400  9.030864 14.179007     0.002482    0.000008   -0.000001  
      0.000000  0.462529 14.415654    -0.002747   -0.000006   -0.000004  
      0.000000  6.785137 14.380433    -0.000270   -0.000004   -0.000003  
      1.732400  3.445467 17.483794     0.058340    0.000004    0.000028  
 
  28 f  =    3.117121 THz    19.585451 2PiTHz  103.975976 cm-1    12.891372 meV
             X         Y         Z           dx          dy          dz
      1.732400  4.346127  5.088808            0           0           0  
      1.732400 10.645227  5.088808            0           0           0  
      0.000000  1.269899  5.712453            0           0           0  
      0.000000  7.568998  5.712453            0           0           0  
      1.732400  2.151017  8.653465            0           0           0  
      1.732400  8.450117  8.653465            0           0           0  
      0.000000  5.362298  9.280790            0           0           0  
      0.000000 11.661398  9.280790            0           0           0  
      0.000000  2.079324 12.248772     0.028262    0.000054    0.000048  
      0.000000  8.401579 12.181999    -0.010118   -0.000043   -0.000037  
      1.732400  5.157507 12.844442    -0.046238    0.000091   -0.000053  
      1.732400 11.508795 12.798810     0.034273   -0.000072    0.000033  
      0.000000  4.347685 15.764534    -0.036922    0.000061   -0.000054  
      0.000000 10.578626 15.765049     0.030154   -0.000070    0.000040  
      1.732400  1.000518 16.451639    -0.018539   -0.000017   -0.000027  
      1.732400  7.420255 16.373267     0.017321    0.000002    0.000037  
      0.000000  3.736248  7.090247            0           0           0  
      0.000000 10.035348  7.090247            0           0           0  
      1.732400  5.982003  7.278785            0           0           0  
      1.732400 12.281103  7.278785            0           0           0  
      1.732400  2.673855 14.271283     0.012113    0.000031    0.000004  
      1.732400  9.030864 14.179007    -0.009281   -0.000041   -0.000001  
      0.000000  0.462529 14.415654    -0.010126   -0.000036    0.000007  
      0.000000  6.785137 14.380433     0.010040    0.000040    0.000000  
      1.732400  3.445467 17.483794    -0.037807    0.000014   -0.000080  
 
  29 f  =    3.091119 THz    19.422071 2PiTHz  103.108618 cm-1    12.783834 meV
             X         Y         Z           dx          dy          dz
      1.732400  4.346127  5.088808            0           0           0  
      1.732400 10.645227  5.088808            0           0           0  
      0.000000  1.269899  5.712453            0           0           0  
      0.000000  7.568998  5.712453            0           0           0  
      1.732400  2.151017  8.653465            0           0           0  
      1.732400  8.450117  8.653465            0           0           0  
      0.000000  5.362298  9.280790            0           0           0  
      0.000000 11.661398  9.280790            0           0           0  
      0.000000  2.079324 12.248772     0.000085   -0.025376   -0.018044  
      0.000000  8.401579 12.181999    -0.000025    0.018550    0.015266  
      1.732400  5.157507 12.844442    -0.000079   -0.034998    0.017096  
      1.732400 11.508795 12.798810     0.000067    0.027647   -0.013709  
      0.000000  4.347685 15.764534    -0.000132   -0.023390    0.026170  
      0.000000 10.578626 15.765049     0.000094    0.026711   -0.015397  
      1.732400  1.000518 16.451639    -0.000049    0.007270    0.009492  
      1.732400  7.420255 16.373267     0.000033    0.000044   -0.015959  
      0.000000  3.736248  7.090247            0           0           0  
      0.000000 10.035348  7.090247            0           0           0  
      1.732400  5.982003  7.278785            0           0           0  
      1.732400 12.281103  7.278785            0           0           0  
      1.732400  2.673855 14.271283     0.000034   -0.010220   -0.001648  
      1.732400  9.030864 14.179007    -0.000020    0.016975    0.000771  
      0.000000  0.462529 14.415654    -0.000027    0.012187   -0.003109  
      0.000000  6.785137 14.380433     0.000023   -0.015999   -0.000959  
      1.732400  3.445467 17.483794    -0.000140   -0.007158    0.035518  
 
  30 f  =    2.750208 THz    17.280066 2PiTHz   91.737064 cm-1    11.373941 meV
             X         Y         Z           dx          dy          dz
      1.732400  4.346127  5.088808            0           0           0  
      1.732400 10.645227  5.088808            0           0           0  
      0.000000  1.269899  5.712453            0           0           0  
      0.000000  7.568998  5.712453            0           0           0  
      1.732400  2.151017  8.653465            0           0           0  
      1.732400  8.450117  8.653465            0           0           0  
      0.000000  5.362298  9.280790            0           0           0  
      0.000000 11.661398  9.280790            0           0           0  
      0.000000  2.079324 12.248772    -0.000001   -0.034130    0.000154  
      0.000000  8.401579 12.181999     0.000005    0.018443   -0.004187  
      1.732400  5.157507 12.844442    -0.000002    0.006017    0.012725  
      1.732400 11.508795 12.798810     0.000003   -0.002311   -0.012533  
      0.000000  4.347685 15.764534    -0.000005    0.003387   -0.017004  
      0.000000 10.578626 15.765049     0.000004   -0.003602    0.014983  
      1.732400  1.000518 16.451639     0.000010   -0.027212    0.003398  
      1.732400  7.420255 16.373267    -0.000012    0.040623    0.003144  
      0.000000  3.736248  7.090247            0           0           0  
      0.000000 10.035348  7.090247            0           0           0  
      1.732400  5.982003  7.278785            0           0           0  
      1.732400 12.281103  7.278785            0           0           0  
      1.732400  2.673855 14.271283     0.000001   -0.022593   -0.002132  
      1.732400  9.030864 14.179007     0.000001    0.020116   -0.003691  
      0.000000  0.462529 14.415654     0.000007   -0.022411    0.002626  
      0.000000  6.785137 14.380433    -0.000007    0.024380    0.003873  
      1.732400  3.445467 17.483794    -0.000002   -0.014356   -0.025607  
 
  31 f  =    2.543188 THz    15.979324 2PiTHz   84.831634 cm-1    10.517777 meV
             X         Y         Z           dx          dy          dz
      1.732400  4.346127  5.088808            0           0           0  
      1.732400 10.645227  5.088808            0           0           0  
      0.000000  1.269899  5.712453            0           0           0  
      0.000000  7.568998  5.712453            0           0           0  
      1.732400  2.151017  8.653465            0           0           0  
      1.732400  8.450117  8.653465            0           0           0  
      0.000000  5.362298  9.280790            0           0           0  
      0.000000 11.661398  9.280790            0           0           0  
      0.000000  2.079324 12.248772     0.034327   -0.000036   -0.000014  
      0.000000  8.401579 12.181999     0.032148   -0.000074   -0.000011  
      1.732400  5.157507 12.844442     0.005495    0.000010   -0.000001  
      1.732400 11.508795 12.798810    -0.002761   -0.000007    0.000013  
      0.000000  4.347685 15.764534     0.007784    0.000005   -0.000014  
      0.000000 10.578626 15.765049    -0.000741    0.000003   -0.000014  
      1.732400  1.000518 16.451639    -0.036088    0.000056    0.000007  
      1.732400  7.420255 16.373267    -0.035781    0.000048    0.000015  
      0.000000  3.736248  7.090247            0           0           0  
      0.000000 10.035348  7.090247            0           0           0  
      1.732400  5.982003  7.278785            0           0           0  
      1.732400 12.281103  7.278785            0           0           0  
      1.732400  2.673855 14.271283     0.020053    0.000007   -0.000020  
      1.732400  9.030864 14.179007     0.024200   -0.000009   -0.000016  
      0.000000  0.462529 14.415654    -0.021370    0.000008    0.000016  
      0.000000  6.785137 14.380433    -0.024384   -0.000004    0.000021  
      1.732400  3.445467 17.483794     0.010156    0.000053    0.000007  
 
  32 f  =    2.512006 THz    15.783398 2PiTHz   83.791497 cm-1    10.388817 meV
             X         Y         Z           dx          dy          dz
      1.732400  4.346127  5.088808            0           0           0  
      1.732400 10.645227  5.088808            0           0           0  
      0.000000  1.269899  5.712453            0           0           0  
      0.000000  7.568998  5.712453            0           0           0  
      1.732400  2.151017  8.653465            0           0           0  
      1.732400  8.450117  8.653465            0           0           0  
      0.000000  5.362298  9.280790            0           0           0  
      0.000000 11.661398  9.280790            0           0           0  
      0.000000  2.079324 12.248772     0.000051    0.033006    0.009596  
      0.000000  8.401579 12.181999     0.000039    0.045103    0.008913  
      1.732400  5.157507 12.844442     0.000011   -0.002523   -0.005774  
      1.732400 11.508795 12.798810    -0.000001    0.002385   -0.010362  
      0.000000  4.347685 15.764534     0.000014   -0.000605    0.005927  
      0.000000 10.578626 15.765049     0.000001   -0.001334    0.011476  
      1.732400  1.000518 16.451639    -0.000048   -0.043022   -0.010154  
      1.732400  7.420255 16.373267    -0.000054   -0.028257   -0.009740  
      0.000000  3.736248  7.090247            0           0           0  
      0.000000 10.035348  7.090247            0           0           0  
      1.732400  5.982003  7.278785            0           0           0  
      1.732400 12.281103  7.278785            0           0           0  
      1.732400  2.673855 14.271283     0.000030   -0.001424    0.014260  
      1.732400  9.030864 14.179007     0.000028    0.007243    0.013616  
      0.000000  0.462529 14.415654    -0.000028   -0.006384   -0.014260  
      0.000000  6.785137 14.380433    -0.000039   -0.000124   -0.013992  
      1.732400  3.445467 17.483794     0.000017   -0.039748   -0.015662  
 
  33 f  =    1.837946 THz    11.548155 2PiTHz   61.307277 cm-1     7.601130 meV
             X         Y         Z           dx          dy          dz
      1.732400  4.346127  5.088808            0           0           0  
      1.732400 10.645227  5.088808            0           0           0  
      0.000000  1.269899  5.712453            0           0           0  
      0.000000  7.568998  5.712453            0           0           0  
      1.732400  2.151017  8.653465            0           0           0  
      1.732400  8.450117  8.653465            0           0           0  
      0.000000  5.362298  9.280790            0           0           0  
      0.000000 11.661398  9.280790            0           0           0  
      0.000000  2.079324 12.248772     0.029265   -0.000003   -0.000002  
      0.000000  8.401579 12.181999    -0.030504   -0.000005   -0.000003  
      1.732400  5.157507 12.844442    -0.010285   -0.000005    0.000004  
      1.732400 11.508795 12.798810     0.012243    0.000004   -0.000001  
      0.000000  4.347685 15.764534     0.016831   -0.000002    0.000006  
      0.000000 10.578626 15.765049    -0.015731    0.000001   -0.000011  
      1.732400  1.000518 16.451639     0.027416    0.000009    0.000005  
      1.732400  7.420255 16.373267    -0.027670   -0.000001   -0.000006  
      0.000000  3.736248  7.090247            0           0           0  
      0.000000 10.035348  7.090247            0           0           0  
      1.732400  5.982003  7.278785            0           0           0  
      1.732400 12.281103  7.278785            0           0           0  
      1.732400  2.673855 14.271283     0.025449    0.000002    0.000002  
      1.732400  9.030864 14.179007    -0.026918   -0.000002   -0.000006  
      0.000000  0.462529 14.415654     0.024520    0.000003    0.000002  
      0.000000  6.785137 14.380433    -0.024818   -0.000003   -0.000001  
      1.732400  3.445467 17.483794     0.016829    0.000008    0.000010  
 
  34 f  =    1.646799 THz    10.347145 2PiTHz   54.931314 cm-1     6.810612 meV
             X         Y         Z           dx          dy          dz
      1.732400  4.346127  5.088808            0           0           0  
      1.732400 10.645227  5.088808            0           0           0  
      0.000000  1.269899  5.712453            0           0           0  
      0.000000  7.568998  5.712453            0           0           0  
      1.732400  2.151017  8.653465            0           0           0  
      1.732400  8.450117  8.653465            0           0           0  
      0.000000  5.362298  9.280790            0           0           0  
      0.000000 11.661398  9.280790            0           0           0  
      0.000000  2.079324 12.248772    -0.022903    0.000000    0.000007  
      0.000000  8.401579 12.181999     0.023766    0.000004   -0.000008  
      1.732400  5.157507 12.844442    -0.022610   -0.000009   -0.000008  
      1.732400 11.508795 12.798810     0.020949    0.000007    0.000012  
      0.000000  4.347685 15.764534    -0.021917    0.000005    0.000000  
      0.000000 10.578626 15.765049     0.022403   -0.000005    0.000002  
      1.732400  1.000518 16.451639     0.027839    0.000006    0.000006  
      1.732400  7.420255 16.373267    -0.028870   -0.000010   -0.000010  
      0.000000  3.736248  7.090247            0           0           0  
      0.000000 10.035348  7.090247            0           0           0  
      1.732400  5.982003  7.278785            0           0           0  
      1.732400 12.281103  7.278785            0           0           0  
      1.732400  2.673855 14.271283    -0.020358    0.000004    0.000006  
      1.732400  9.030864 14.179007     0.023834   -0.000008   -0.000003  
      0.000000  0.462529 14.415654     0.024331    0.000008    0.000010  
      0.000000  6.785137 14.380433    -0.025115   -0.000006   -0.000011  
      1.732400  3.445467 17.483794    -0.023128    0.000007   -0.000001  
 
  35 f  =    1.382388 THz     8.685799 2PiTHz   46.111496 cm-1     5.717094 meV
             X         Y         Z           dx          dy          dz
      1.732400  4.346127  5.088808            0           0           0  
      1.732400 10.645227  5.088808            0           0           0  
      0.000000  1.269899  5.712453            0           0           0  
      0.000000  7.568998  5.712453            0           0           0  
      1.732400  2.151017  8.653465            0           0           0  
      1.732400  8.450117  8.653465            0           0           0  
      0.000000  5.362298  9.280790            0           0           0  
      0.000000 11.661398  9.280790            0           0           0  
      0.000000  2.079324 12.248772    -0.000008    0.027685    0.000450  
      0.000000  8.401579 12.181999     0.000006   -0.029027   -0.001307  
      1.732400  5.157507 12.844442    -0.000004    0.003627    0.026539  
      1.732400 11.508795 12.798810     0.000008   -0.003051   -0.025787  
      0.000000  4.347685 15.764534    -0.000007   -0.002454    0.027929  
      0.000000 10.578626 15.765049     0.000011    0.003280   -0.025877  
      1.732400  1.000518 16.451639     0.000009   -0.025455   -0.015473  
      1.732400  7.420255 16.373267    -0.000001    0.025582    0.013212  
      0.000000  3.736248  7.090247            0           0           0  
      0.000000 10.035348  7.090247            0           0           0  
      1.732400  5.982003  7.278785            0           0           0  
      1.732400 12.281103  7.278785            0           0           0  
      1.732400  2.673855 14.271283    -0.000005    0.002674    0.008977  
      1.732400  9.030864 14.179007     0.000003   -0.002662   -0.010319  
      0.000000  0.462529 14.415654     0.000009   -0.000180   -0.021323  
      0.000000  6.785137 14.380433    -0.000001    0.000720    0.020899  
      1.732400  3.445467 17.483794    -0.000008   -0.036249    0.008517  
 
  36 f  =    1.244521 THz     7.819557 2PiTHz   41.512757 cm-1     5.146924 meV
             X         Y         Z           dx          dy          dz
      1.732400  4.346127  5.088808            0           0           0  
      1.732400 10.645227  5.088808            0           0           0  
      0.000000  1.269899  5.712453            0           0           0  
      0.000000  7.568998  5.712453            0           0           0  
      1.732400  2.151017  8.653465            0           0           0  
      1.732400  8.450117  8.653465            0           0           0  
      0.000000  5.362298  9.280790            0           0           0  
      0.000000 11.661398  9.280790            0           0           0  
      0.000000  2.079324 12.248772     0.000005    0.004458    0.028771  
      0.000000  8.401579 12.181999    -0.000001   -0.005218   -0.028185  
      1.732400  5.157507 12.844442     0.000008   -0.014579   -0.001911  
      1.732400 11.508795 12.798810    -0.000011    0.014358    0.002128  
      0.000000  4.347685 15.764534     0.000002    0.013111    0.012431  
      0.000000 10.578626 15.765049    -0.000005   -0.013292   -0.014023  
      1.732400  1.000518 16.451639    -0.000013   -0.008859    0.026118  
      1.732400  7.420255 16.373267     0.000008    0.009695   -0.025625  
      0.000000  3.736248  7.090247            0           0           0  
      0.000000 10.035348  7.090247            0           0           0  
      1.732400  5.982003  7.278785            0           0           0  
      1.732400 12.281103  7.278785            0           0           0  
      1.732400  2.673855 14.271283     0.000003    0.000124    0.027989  
      1.732400  9.030864 14.179007    -0.000001   -0.000554   -0.028156  
      0.000000  0.462529 14.415654    -0.000010   -0.000068    0.021190  
      0.000000  6.785137 14.380433     0.000007   -0.000532   -0.020565  
      1.732400  3.445467 17.483794     0.000003    0.001257    0.005466  
 
  37 f  =    0.454512 THz     2.855783 2PiTHz   15.160885 cm-1     1.879709 meV
             X         Y         Z           dx          dy          dz
      1.732400  4.346127  5.088808            0           0           0  
      1.732400 10.645227  5.088808            0           0           0  
      0.000000  1.269899  5.712453            0           0           0  
      0.000000  7.568998  5.712453            0           0           0  
      1.732400  2.151017  8.653465            0           0           0  
      1.732400  8.450117  8.653465            0           0           0  
      0.000000  5.362298  9.280790            0           0           0  
      0.000000 11.661398  9.280790            0           0           0  
      0.000000  2.079324 12.248772     0.000033    0.000508   -0.023813  
      0.000000  8.401579 12.181999     0.000036    0.000782   -0.023907  
      1.732400  5.157507 12.844442     0.000036    0.000731   -0.023098  
      1.732400 11.508795 12.798810     0.000034    0.000795   -0.022485  
      0.000000  4.347685 15.764534     0.000036    0.000762   -0.024249  
      0.000000 10.578626 15.765049     0.000038    0.000697   -0.023800  
      1.732400  1.000518 16.451639     0.000038    0.000962   -0.023931  
      1.732400  7.420255 16.373267     0.000039    0.000757   -0.024220  
      0.000000  3.736248  7.090247            0           0           0  
      0.000000 10.035348  7.090247            0           0           0  
      1.732400  5.982003  7.278785            0           0           0  
      1.732400 12.281103  7.278785            0           0           0  
      1.732400  2.673855 14.271283     0.000033    0.000772   -0.024010  
      1.732400  9.030864 14.179007     0.000034    0.000795   -0.024034  
      0.000000  0.462529 14.415654     0.000037    0.000718   -0.023683  
      0.000000  6.785137 14.380433     0.000038    0.000792   -0.024069  
      1.732400  3.445467 17.483794     0.000036    0.001055   -0.023998  
 
  38 f  =    0.346970 THz     2.180078 2PiTHz   11.573679 cm-1     1.434953 meV
             X         Y         Z           dx          dy          dz
      1.732400  4.346127  5.088808            0           0           0  
      1.732400 10.645227  5.088808            0           0           0  
      0.000000  1.269899  5.712453            0           0           0  
      0.000000  7.568998  5.712453            0           0           0  
      1.732400  2.151017  8.653465            0           0           0  
      1.732400  8.450117  8.653465            0           0           0  
      0.000000  5.362298  9.280790            0           0           0  
      0.000000 11.661398  9.280790            0           0           0  
      0.000000  2.079324 12.248772    -0.023582    0.000005   -0.000037  
      0.000000  8.401579 12.181999    -0.023433    0.000003   -0.000035  
      1.732400  5.157507 12.844442    -0.023399    0.000005   -0.000033  
      1.732400 11.508795 12.798810    -0.023243    0.000005   -0.000036  
      0.000000  4.347685 15.764534    -0.024179    0.000004   -0.000035  
      0.000000 10.578626 15.765049    -0.024046    0.000004   -0.000038  
      1.732400  1.000518 16.451639    -0.024125    0.000003   -0.000037  
      1.732400  7.420255 16.373267    -0.024304    0.000007   -0.000035  
      0.000000  3.736248  7.090247            0           0           0  
      0.000000 10.035348  7.090247            0           0           0  
      1.732400  5.982003  7.278785            0           0           0  
      1.732400 12.281103  7.278785            0           0           0  
      1.732400  2.673855 14.271283    -0.023813    0.000005   -0.000037  
      1.732400  9.030864 14.179007    -0.023590    0.000004   -0.000037  
      0.000000  0.462529 14.415654    -0.023882    0.000004   -0.000037  
      0.000000  6.785137 14.380433    -0.024083    0.000004   -0.000034  
      1.732400  3.445467 17.483794    -0.024187    0.000003   -0.000037  
 
  39 fi =    0.012211 THz     0.076725 2PiTHz    0.407321 cm-1     0.050501 meV
             X         Y         Z           dx          dy          dz
      1.732400  4.346127  5.088808            0           0           0  
      1.732400 10.645227  5.088808            0           0           0  
      0.000000  1.269899  5.712453            0           0           0  
      0.000000  7.568998  5.712453            0           0           0  
      1.732400  2.151017  8.653465            0           0           0  
      1.732400  8.450117  8.653465            0           0           0  
      0.000000  5.362298  9.280790            0           0           0  
      0.000000 11.661398  9.280790            0           0           0  
      0.000000  2.079324 12.248772     0.000002    0.023692    0.000843  
      0.000000  8.401579 12.181999     0.000002    0.023365    0.000502  
      1.732400  5.157507 12.844442     0.000003    0.023883    0.000938  
      1.732400 11.508795 12.798810     0.000003    0.023986    0.000825  
      0.000000  4.347685 15.764534     0.000003    0.023860    0.000858  
      0.000000 10.578626 15.765049     0.000004    0.023689    0.000635  
      1.732400  1.000518 16.451639     0.000005    0.023743    0.000834  
      1.732400  7.420255 16.373267     0.000004    0.024015    0.000699  
      0.000000  3.736248  7.090247            0           0           0  
      0.000000 10.035348  7.090247            0           0           0  
      1.732400  5.982003  7.278785            0           0           0  
      1.732400 12.281103  7.278785            0           0           0  
      1.732400  2.673855 14.271283     0.000003    0.023841    0.000857  
      1.732400  9.030864 14.179007     0.000003    0.023806    0.000505  
      0.000000  0.462529 14.415654     0.000004    0.023830    0.000863  
      0.000000  6.785137 14.380433     0.000004    0.023857    0.000774  
      1.732400  3.445467 17.483794     0.000003    0.023768    0.000819  
 
