 ion    1
    1     2.39625     0.03650     0.20953
    2     0.04016     2.34396     0.10763
    3     0.01402     0.00690     0.27735
 ion    2
    1     2.06338    -0.00006    -0.00134
    2     0.00082     2.07815    -0.02851
    3    -0.00057     0.00120     0.29703
 ion    3
    1     2.39616    -0.03602    -0.21289
    2    -0.04025     2.34272     0.10841
    3    -0.01462     0.00803     0.27572
 ion    4
    1     2.33895    -0.00008    -0.00159
    2    -0.00061     2.41458    -0.28206
    3    -0.00006    -0.01394     0.28428
 ion    5
    1     4.61398    -0.00032     0.00007
    2    -0.00392     3.50806     1.16380
    3    -0.00018    -0.02112     0.11339
 ion    6
    1     3.71493     0.53959     1.09372
    2     0.47433     4.28764    -0.59447
    3    -0.01785     0.01106     0.10998
 ion    7
    1     3.73879    -0.00088    -0.00151
    2     0.00494     3.82852    -0.01615
    3    -0.00067    -0.00095     0.13713
 ion    8
    1     3.71632    -0.54068    -1.09249
    2    -0.46876     4.28932    -0.58852
    3     0.01799     0.01110     0.10962
 ion    9
    1    -1.80294     0.00004     0.00032
    2     0.00099    -1.21880    -0.36573
    3    -0.00064     0.00184    -0.07512
 ion   10
    1    -1.36783    -0.25355    -0.32817
    2    -0.24650    -1.64249     0.19147
    3    -0.00577    -0.00038    -0.06992
 ion   11
    1    -0.74774    -0.00037     0.00033
    2    -0.00098    -0.77818    -0.00580
    3     0.00228    -0.00318    -0.09845
 ion   12
    1    -1.36804     0.25366     0.32765
    2     0.24808    -1.64096     0.19277
    3     0.00452    -0.00056    -0.07548
 ion   13
    1    -2.05908    -0.00035     0.00228
    2    -0.00029    -2.01127     0.04295
    3     0.00019    -0.00253    -0.17798
 ion   14
    1    -1.13035    -0.28355     0.28822
    2    -0.27891    -0.81446     0.27581
    3     0.00912     0.01090    -0.25682
 ion   15
    1    -0.63392     0.00016     0.00355
    2    -0.00018    -1.27201    -0.35582
    3     0.00067    -0.01972    -0.24990
 ion   16
    1    -1.12980     0.28288    -0.28058
    2     0.27933    -0.81238     0.27072
    3    -0.00859     0.01140    -0.25673
 ion   17
    1    -2.27793     0.00086     0.00051
    2    -0.00360    -2.32932    -0.00069
    3     0.00021    -0.00037    -0.05251
 ion   18
    1    -2.78875     0.15692     0.49309
    2     0.09818    -3.06299     0.42553
    3    -0.07029    -0.04323    -0.05549
 ion   19
    1    -3.05993     0.00460     0.00435
    2    -0.00547    -2.83996    -0.72182
    3     0.00098     0.08143    -0.05521
 ion   20
    1    -2.79059    -0.15511    -0.48917
    2    -0.11628    -3.05793     0.40673
    3     0.07038    -0.04332    -0.05399
 ion   21
    1    -0.29183     1.53081    -0.45257
    2     1.64141    -2.02321    -0.26967
    3    -0.03879    -0.02026    -0.18931
 ion   22
    1    -2.17534    -0.00069    -0.00003
    2     0.00206    -2.15178     0.01123
    3     0.00008    -0.00017    -0.16700
 ion   23
    1    -0.29122    -1.53012     0.45234
    2    -1.62249    -2.03143    -0.26779
    3     0.03991    -0.02288    -0.19052
 ion   24
    1    -2.96598    -0.00563    -0.00132
    2     0.00126     0.75467     0.54453
    3    -0.00207     0.04687    -0.18926
 ion   25
    1     0.09530    -0.00012     0.00012
    2    -0.00005     0.17594     0.09406
    3    -0.00007     0.00170    -0.05456
 ion   26
    1     0.15563    -0.03748     0.07937
    2    -0.03828     0.11304    -0.04185
    3     0.00108    -0.00115    -0.05503
 ion   27
    1     0.36877     0.00002     0.00022
    2    -0.00007     0.36176     0.00507
    3    -0.00003     0.00023    -0.01925
 ion   28
    1     0.15586     0.03756    -0.07872
    2     0.03804     0.11342    -0.04199
    3    -0.00116    -0.00127    -0.05481
 ion   29
    1     0.03179     0.00020    -0.00213
    2     0.00011     0.03900    -0.03902
    3    -0.00003    -0.00022     0.13178
 ion   30
    1     0.23044     0.07033    -0.48275
    2     0.06909     0.14026    -0.38554
    3    -0.01126    -0.00304     0.16445
 ion   31
    1     0.10765     0.00056    -0.00376
    2     0.00038     0.26315     0.59462
    3    -0.00013     0.01028     0.15869
 ion   32
    1     0.23238    -0.07027     0.47663
    2    -0.07019     0.14183    -0.37795
    3     0.01113    -0.00337     0.16471
 ion   33
    1     0.52470     0.00059    -0.00327
    2    -0.00234     0.49113    -0.05193
    3     0.00022    -0.00130     0.17324
