001 1026.6 0.229
002 1020.3 0.000
003  945.0 0.001
004  923.8 0.001
005  796.1 0.005
006  673.2 0.001
007  669.8 0.000
008  629.5 0.008
009  595.8 0.005
010  579.9 0.132
011  516.2 0.050
012  513.9 0.124
013  506.0 0.002
014  499.2 0.000
015  494.8 0.548
016  470.2 0.101
017  457.3 0.483
018  392.5 1.000
019  371.5 0.286
020  346.5 0.000
021  341.3 0.031
022  330.4 0.015
023  308.9 0.000
024  299.2 0.110
025  269.5 0.119
026  269.5 0.064
027  262.4 0.000
028  239.9 0.061
029  234.5 0.009
030  231.9 0.002
031  229.8 0.000
032  200.3 0.000
033  192.3 0.009
034  155.1 0.028
035  146.2 0.004
036  145.4 0.000
037  143.1 0.002
038   88.7 0.053
039   73.7 0.003
040   65.3 0.000
041    0.4 0.892
042    0.3 0.000
043    0.7 0.000
044  151.4 0.106
045  469.0 0.025
