 ion    1
    1     1.08098    -0.11982     0.03354
    2    -0.16619     1.31316    -0.25939
    3    -0.21637     0.19703     1.24527
 ion    2
    1     1.08098    -0.11982    -0.03354
    2    -0.16619     1.31316     0.25938
    3     0.21637    -0.19703     1.24527
 ion    3
    1     1.08098     0.11982     0.03354
    2     0.16619     1.31316     0.25938
    3    -0.21637    -0.19703     1.24527
 ion    4
    1     1.08098     0.11982    -0.03354
    2     0.16619     1.31316    -0.25939
    3     0.21637     0.19703     1.24527
 ion    5
    1     4.97048     0.00009     0.00010
    2     0.00010     4.10886     0.52329
    3     0.00000     0.53468     6.35919
 ion    6
    1     4.97049    -0.00009    -0.00010
    2    -0.00010     4.10896     0.52324
    3    -0.00001     0.53466     6.35952
 ion    7
    1     4.97049     0.00014    -0.00017
    2    -0.00001     4.10889    -0.52326
    3    -0.00004    -0.53469     6.35915
 ion    8
    1     4.97049    -0.00014     0.00017
    2     0.00002     4.10893    -0.52330
    3     0.00004    -0.53464     6.35956
 ion    9
    1     4.94881     0.00005     0.00001
    2    -0.00007     4.24425    -0.03445
    3     0.00001     0.18254     4.19228
 ion   10
    1     4.94880    -0.00005    -0.00002
    2     0.00009     4.24424    -0.03449
    3    -0.00001     0.18245     4.19230
 ion   11
    1     4.94882    -0.00016     0.00004
    2     0.00013     4.24420     0.03434
    3     0.00005    -0.18255     4.19229
 ion   12
    1     4.94878     0.00016    -0.00004
    2    -0.00012     4.24428     0.03457
    3    -0.00005    -0.18243     4.19230
 ion   13
    1    -3.72158     0.60189    -0.17136
    2     0.78070    -1.69019    -0.07377
    3    -0.13844     0.03957    -1.17295
 ion   14
    1    -3.72134     0.60180     0.17145
    2     0.77966    -1.68990     0.07368
    3     0.13842    -0.03937    -1.17288
 ion   15
    1    -3.72139    -0.60182    -0.17149
    2    -0.78025    -1.69049     0.07366
    3    -0.13871    -0.03977    -1.17296
 ion   16
    1    -3.72147    -0.60180     0.17132
    2    -0.78147    -1.69091    -0.07382
    3     0.13810     0.03913    -1.17286
 ion   17
    1    -3.72055     0.60081    -0.17149
    2     0.78160    -1.69130    -0.07394
    3    -0.13801     0.03905    -1.17289
 ion   18
    1    -3.72065    -0.60088     0.17152
    2    -0.78085    -1.69059    -0.07389
    3     0.13835     0.03949    -1.17298
 ion   19
    1    -3.72073    -0.60087    -0.17136
    2    -0.78209    -1.69104     0.07404
    3    -0.13775    -0.03886    -1.17288
 ion   20
    1    -3.72078     0.60089     0.17140
    2     0.78267    -1.69164     0.07402
    3     0.13805    -0.03926    -1.17297
 ion   21
    1    -1.07421     0.00001    -0.00002
    2     0.00002    -1.02610     0.31718
    3     0.00005    -0.22485    -4.73046
 ion   22
    1    -1.07421    -0.00001     0.00002
    2    -0.00002    -1.02612     0.31714
    3    -0.00005    -0.22478    -4.73043
 ion   23
    1    -1.07421     0.00002     0.00001
    2     0.00005    -1.02609    -0.31719
    3     0.00009     0.22483    -4.73046
 ion   24
    1    -1.07421    -0.00002    -0.00001
    2    -0.00005    -1.02614    -0.31714
    3    -0.00008     0.22479    -4.73042
 ion   25
    1    -1.30728     0.00013     0.00025
    2     0.00023    -2.70635    -0.80939
    3    -0.00009    -1.15831    -2.18263
 ion   26
    1    -1.30724    -0.00013    -0.00025
    2    -0.00023    -2.70623    -0.80939
    3     0.00009    -1.15818    -2.18250
 ion   27
    1    -1.30728    -0.00012     0.00022
    2     0.00012    -2.70619     0.80930
    3    -0.00015     1.15831    -2.18261
 ion   28
    1    -1.30724     0.00011    -0.00020
    2    -0.00012    -2.70641     0.80953
    3     0.00015     1.15818    -2.18252
 ion   29
    1    -1.17667     0.00003    -0.00007
    2     0.00073    -2.55226    -1.26384
    3     0.00004    -1.64101    -2.53799
 ion   30
    1    -1.17668    -0.00003     0.00006
    2    -0.00073    -2.55251    -1.26433
    3    -0.00004    -1.64100    -2.53814
 ion   31
    1    -1.17668     0.00020    -0.00022
    2    -0.00001    -2.55236     1.26424
    3     0.00002     1.64102    -2.53803
 ion   32
    1    -1.17667    -0.00021     0.00022
    2     0.00002    -2.55243     1.26397
    3    -0.00002     1.64099    -2.53810
