001 1103.1 0.000
002 1075.2 0.000
003 1068.6 0.058
004 1007.1 0.000
005 1003.9 0.073
006  998.7 0.032
007  990.2 0.000
008  982.0 0.000
009  980.8 0.014
010  980.0 0.000
011  975.3 0.000
012  965.9 0.000
013  962.3 0.000
014  951.6 0.093
015  947.9 0.000
016  940.4 0.126
017  873.7 0.000
018  872.0 0.000
019  735.1 0.054
020  734.1 0.000
021  623.6 0.000
022  609.0 0.008
023  607.6 0.000
024  606.3 0.000
025  605.9 0.030
026  597.3 0.106
027  594.3 0.008
028  581.1 0.000
029  566.5 0.000
030  562.3 0.001
031  558.4 0.000
032  551.2 0.000
033  489.6 0.015
034  460.7 0.040
035  452.6 0.000
036  435.2 0.012
037  434.2 0.000
038  424.1 0.005
039  419.1 0.003
040  418.5 0.000
041  417.6 0.069
042  413.9 0.004
043  406.9 0.001
044  397.3 0.024
045  391.3 0.000
046  388.6 0.000
047  386.6 0.288
048  383.9 0.000
049  359.4 0.000
050  357.3 0.001
051  354.8 0.000
052  334.0 0.000
053  332.5 0.019
054  322.7 0.010
055  309.0 0.000
056  305.6 0.056
057  304.6 0.000
058  301.3 0.019
059  300.8 0.002
060  300.1 0.033
061  293.6 0.000
062  287.6 0.000
063  277.0 0.001
064  277.0 0.001
065  265.4 0.000
066  262.3 0.000
067  254.3 0.060
068  252.1 0.005
069  243.3 0.000
070  234.8 0.000
071  232.2 0.004
072  226.9 0.023
073  226.8 0.000
074  224.3 0.082
075  223.0 0.000
076  216.1 0.001
077  207.0 0.092
078  203.6 0.002
079  201.5 0.000
080  197.8 0.000
081  194.5 0.000
082  178.8 0.000
083  167.9 0.011
084  166.8 0.000
085  159.0 0.001
086  155.7 0.001
087  155.0 0.000
088  153.6 0.001
089  135.6 0.000
090  132.7 0.000
091  129.7 0.000
092  103.9 0.002
093   98.4 0.000
094    0.5 1.000
095    0.5 0.001
096    0.5 0.000
