 Eigenvectors and eigenvalues of the dynamical matrix
 ----------------------------------------------------
 
 
   1 f  =   29.413575 THz   184.810945 2PiTHz  981.131266 cm-1   121.644719 meV
             X         Y         Z           dx          dy          dz
      1.359359  4.058911  1.882365    -0.000006   -0.000073    0.000413  
      4.075742  1.603531  5.788193     0.000008   -0.004551    0.000067  
      4.126757  1.285466  1.935393     0.000003    0.000057   -0.000231  
      1.309109  4.377480  5.731473     0.000006    0.004499   -0.000223  
     -0.071366  0.016473  5.720456     0.074318   -0.069112    0.000646  
      5.467553  5.446800  1.989037    -0.021384    0.021316   -0.000298  
      5.451280  2.797629  5.815926     0.074199    0.069190    0.001140  
      5.494869  2.731192  1.967086    -0.021392   -0.021307   -0.000210  
      1.283347  4.173243  7.675536     0.000884    0.005324   -0.066985  
      4.050858  1.366592  7.718108    -0.000857   -0.005289    0.065465  
      4.101373  1.410232  3.861672     0.000845   -0.005039   -0.063837  
      1.333865  4.146956  3.819900    -0.000857    0.005584    0.065282  
      2.784869  5.446789  1.953581     0.021384    0.021314    0.000265  
      2.694323  0.011092  5.756782    -0.074355   -0.068888   -0.001296  
      2.758136  2.731195  1.930957     0.021388   -0.021303    0.000352  
      2.695254  2.792248  5.779734    -0.074306    0.069010   -0.000802  
      4.120486  4.079964  2.406090     0.000001   -0.000057   -0.000017  
 
   2 f  =   26.721749 THz   167.897703 2PiTHz  891.341616 cm-1   110.512226 meV
             X         Y         Z           dx          dy          dz
      1.359359  4.058911  1.882365     0.000001   -0.001213   -0.000036  
      4.075742  1.603531  5.788193     0.000010   -0.004076   -0.000172  
      4.126757  1.285466  1.935393    -0.000001    0.001306   -0.000053  
      1.309109  4.377480  5.731473    -0.000003    0.004131    0.000415  
     -0.071366  0.016473  5.720456     0.041633   -0.038263    0.000223  
      5.467553  5.446800  1.989037     0.073085   -0.072492    0.000922  
      5.451280  2.797629  5.815926     0.041580    0.038278    0.000560  
      5.494869  2.731192  1.967086     0.072804    0.072633    0.000534  
      1.283347  4.173243  7.675536    -0.000586   -0.003882    0.044097  
      4.050858  1.366592  7.718108     0.000492    0.002663   -0.037982  
      4.101373  1.410232  3.861672    -0.000518    0.003407    0.038696  
      1.333865  4.146956  3.819900     0.000586   -0.003619   -0.045042  
      2.784869  5.446789  1.953581    -0.073081   -0.072486   -0.001002  
      2.694323  0.011092  5.756782    -0.041641   -0.038096   -0.000865  
      2.758136  2.731195  1.930957    -0.072783    0.072621   -0.001380  
      2.695254  2.792248  5.779734    -0.041655    0.038154   -0.000529  
      4.120486  4.079964  2.406090    -0.000003   -0.001506    0.000087  
 
   3 f  =   26.499498 THz   166.501253 2PiTHz  883.928091 cm-1   109.593066 meV
             X         Y         Z           dx          dy          dz
      1.359359  4.058911  1.882365     0.000015    0.000862   -0.001147  
      4.075742  1.603531  5.788193    -0.000006    0.001368    0.000275  
      4.126757  1.285466  1.935393     0.000007    0.000780   -0.000634  
      1.309109  4.377480  5.731473    -0.000008    0.001267    0.000755  
     -0.071366  0.016473  5.720456    -0.002209    0.001182   -0.000973  
      5.467553  5.446800  1.989037    -0.000480    0.002856   -0.001015  
      5.451280  2.797629  5.815926     0.001149    0.000437   -0.000365  
      5.494869  2.731192  1.967086    -0.001783   -0.003374   -0.000415  
      1.283347  4.173243  7.675536    -0.001670   -0.012711    0.125999  
      4.050858  1.366592  7.718108    -0.001664   -0.012836    0.127994  
      4.101373  1.410232  3.861672     0.001633   -0.012711   -0.122469  
      1.333865  4.146956  3.819900     0.001568   -0.012891   -0.120058  
      2.784869  5.446789  1.953581     0.000507    0.002856   -0.001002  
      2.694323  0.011092  5.756782     0.002271    0.001147   -0.000917  
      2.758136  2.731195  1.930957     0.001792   -0.003372   -0.000369  
      2.695254  2.792248  5.779734    -0.001172    0.000401   -0.000393  
      4.120486  4.079964  2.406090    -0.000080   -0.000378    0.005959  
 
   4 f  =   22.486145 THz   141.284616 2PiTHz  750.057060 cm-1    92.995181 meV
             X         Y         Z           dx          dy          dz
      1.359359  4.058911  1.882365     0.000086   -0.000001    0.000002  
      4.075742  1.603531  5.788193    -0.015961   -0.000046   -0.000209  
      4.126757  1.285466  1.935393    -0.000118    0.000001   -0.000001  
      1.309109  4.377480  5.731473     0.015969   -0.000055    0.000209  
     -0.071366  0.016473  5.720456    -0.088999    0.078078   -0.000435  
      5.467553  5.446800  1.989037    -0.004797    0.004956   -0.000138  
      5.451280  2.797629  5.815926     0.089605    0.079171    0.001739  
      5.494869  2.731192  1.967086     0.005490    0.005357   -0.000021  
      1.283347  4.173243  7.675536    -0.006766   -0.000027   -0.000134  
      4.050858  1.366592  7.718108     0.006207   -0.000053    0.000091  
      4.101373  1.410232  3.861672     0.006332   -0.000048    0.000037  
      1.333865  4.146956  3.819900    -0.006643   -0.000042   -0.000051  
      2.784869  5.446789  1.953581    -0.004821   -0.004989    0.000014  
      2.694323  0.011092  5.756782    -0.088499   -0.077451   -0.001859  
      2.758136  2.731195  1.930957     0.005420   -0.005297    0.000169  
      2.695254  2.792248  5.779734     0.089126   -0.078492    0.000595  
      4.120486  4.079964  2.406090    -0.003145   -0.000003   -0.000046  
 
   5 f  =   20.929037 THz   131.501016 2PiTHz  698.117522 cm-1    86.555502 meV
             X         Y         Z           dx          dy          dz
      1.359359  4.058911  1.882365     0.000002    0.000270   -0.000334  
      4.075742  1.603531  5.788193    -0.000081    0.007398    0.000057  
      4.126757  1.285466  1.935393     0.000005   -0.000026   -0.000211  
      1.309109  4.377480  5.731473     0.000061    0.007806   -0.000006  
     -0.071366  0.016473  5.720456     0.105039   -0.061407   -0.000208  
      5.467553  5.446800  1.989037     0.007491   -0.003304   -0.000590  
      5.451280  2.797629  5.815926    -0.103970   -0.060864   -0.003431  
      5.494869  2.731192  1.967086    -0.008246   -0.004760   -0.000687  
      1.283347  4.173243  7.675536    -0.000113    0.019132    0.008728  
      4.050858  1.366592  7.718108    -0.000113    0.020326    0.005170  
      4.101373  1.410232  3.861672    -0.000050    0.021869    0.000785  
      1.333865  4.146956  3.819900     0.000015    0.021047   -0.000092  
      2.784869  5.446789  1.953581    -0.007546   -0.003366   -0.000786  
      2.694323  0.011092  5.756782    -0.105662   -0.061409   -0.002953  
      2.758136  2.731195  1.930957     0.008344   -0.004853   -0.000468  
      2.695254  2.792248  5.779734     0.104980   -0.061173   -0.000717  
      4.120486  4.079964  2.406090    -0.000031    0.002866    0.002178  
 
   6 f  =   19.914632 THz   125.127322 2PiTHz  664.280617 cm-1    82.360263 meV
             X         Y         Z           dx          dy          dz
      1.359359  4.058911  1.882365     0.005407   -0.000004    0.000073  
      4.075742  1.603531  5.788193    -0.001712    0.000004   -0.000022  
      4.126757  1.285466  1.935393    -0.005136    0.000009   -0.000069  
      1.309109  4.377480  5.731473     0.001545   -0.000005    0.000020  
     -0.071366  0.016473  5.720456    -0.003679    0.002311   -0.000101  
      5.467553  5.446800  1.989037     0.090743   -0.088836    0.000813  
      5.451280  2.797629  5.815926     0.005323    0.004733   -0.000018  
      5.494869  2.731192  1.967086    -0.084570   -0.085155   -0.000596  
      1.283347  4.173243  7.675536    -0.008663    0.000031   -0.000168  
      4.050858  1.366592  7.718108     0.007278   -0.000011    0.000142  
      4.101373  1.410232  3.861672     0.006995    0.000002    0.000042  
      1.333865  4.146956  3.819900    -0.009790    0.000022   -0.000086  
      2.784869  5.446789  1.953581     0.090619    0.088755    0.001569  
      2.694323  0.011092  5.756782    -0.003709   -0.002296    0.000009  
      2.758136  2.731195  1.930957    -0.084540    0.085173   -0.001615  
      2.695254  2.792248  5.779734     0.005425   -0.004760    0.000157  
      4.120486  4.079964  2.406090    -0.028652   -0.000032   -0.000378  
 
   7 f  =   19.451942 THz   122.220158 2PiTHz  648.846952 cm-1    80.446733 meV
             X         Y         Z           dx          dy          dz
      1.359359  4.058911  1.882365     0.000034    0.003865   -0.002842  
      4.075742  1.603531  5.788193    -0.000093   -0.008772   -0.000292  
      4.126757  1.285466  1.935393    -0.000029   -0.004065    0.001435  
      1.309109  4.377480  5.731473    -0.000109    0.008473    0.001277  
     -0.071366  0.016473  5.720456     0.030624   -0.026752   -0.001988  
      5.467553  5.446800  1.989037    -0.045452    0.041259   -0.000196  
      5.451280  2.797629  5.815926     0.034048    0.028303   -0.000475  
      5.494869  2.731192  1.967086    -0.043766   -0.045167   -0.000332  
      1.283347  4.173243  7.675536    -0.001853   -0.022882    0.108978  
      4.050858  1.366592  7.718108     0.000975    0.023140   -0.104817  
      4.101373  1.410232  3.861672    -0.001519    0.022427    0.083308  
      1.333865  4.146956  3.819900     0.000566   -0.021599   -0.076835  
      2.784869  5.446789  1.953581     0.045813    0.041955    0.001006  
      2.694323  0.011092  5.756782    -0.028891   -0.023975   -0.002753  
      2.758136  2.731195  1.930957     0.044037   -0.045784    0.000827  
      2.695254  2.792248  5.779734    -0.032278    0.025447   -0.001378  
      4.120486  4.079964  2.406090    -0.000095    0.021562   -0.001073  
 
   8 f  =   19.303066 THz   121.284738 2PiTHz  643.880959 cm-1    79.831029 meV
             X         Y         Z           dx          dy          dz
      1.359359  4.058911  1.882365    -0.000383   -0.000058    0.000029  
      4.075742  1.603531  5.788193    -0.007735    0.000108   -0.000096  
      4.126757  1.285466  1.935393    -0.000918    0.000059   -0.000038  
      1.309109  4.377480  5.731473    -0.008017   -0.000111   -0.000122  
     -0.071366  0.016473  5.720456     0.065829   -0.095795    0.000330  
      5.467553  5.446800  1.989037     0.012243   -0.025655    0.000289  
      5.451280  2.797629  5.815926     0.064863    0.094532    0.002042  
      5.494869  2.731192  1.967086     0.015775    0.029830    0.000067  
      1.283347  4.173243  7.675536    -0.029041    0.000347   -0.001763  
      4.050858  1.366592  7.718108    -0.028098   -0.000417    0.001203  
      4.101373  1.410232  3.861672    -0.029798   -0.000406   -0.001390  
      1.333865  4.146956  3.819900    -0.031165    0.000340    0.000783  
      2.784869  5.446789  1.953581     0.011088    0.024560   -0.000066  
      2.694323  0.011092  5.756782     0.067321    0.096265    0.001338  
      2.758136  2.731195  1.930957     0.014519   -0.028547    0.000246  
      2.695254  2.792248  5.779734     0.066114   -0.094880   -0.000440  
      4.120486  4.079964  2.406090    -0.008448   -0.000348   -0.000112  
 
   9 f  =   18.362174 THz   115.372941 2PiTHz  612.496190 cm-1    75.939815 meV
             X         Y         Z           dx          dy          dz
      1.359359  4.058911  1.882365    -0.000020    0.004647    0.001378  
      4.075742  1.603531  5.788193    -0.000007   -0.001283    0.000350  
      4.126757  1.285466  1.935393    -0.000012    0.001483    0.001079  
      1.309109  4.377480  5.731473    -0.000017   -0.000991    0.000410  
     -0.071366  0.016473  5.720456    -0.009728    0.005501    0.015216  
      5.467553  5.446800  1.989037     0.100907   -0.047410    0.016717  
      5.451280  2.797629  5.815926     0.009142    0.005648    0.015182  
      5.494869  2.731192  1.967086    -0.101894   -0.046400    0.014603  
      1.283347  4.173243  7.675536     0.000496    0.026639   -0.038916  
      4.050858  1.366592  7.718108     0.000445    0.030680   -0.034892  
      4.101373  1.410232  3.861672     0.000548    0.028608   -0.041822  
      1.333865  4.146956  3.819900     0.000561    0.021839   -0.044352  
      2.784869  5.446789  1.953581    -0.101371   -0.047482    0.014060  
      2.694323  0.011092  5.756782     0.009498    0.005649    0.015462  
      2.758136  2.731195  1.930957     0.101511   -0.046415    0.017282  
      2.695254  2.792248  5.779734    -0.009490    0.005473    0.014935  
      4.120486  4.079964  2.406090     0.000026    0.030652   -0.000975  
 
  10 f  =   18.253211 THz   114.688306 2PiTHz  608.861573 cm-1    75.489180 meV
             X         Y         Z           dx          dy          dz
      1.359359  4.058911  1.882365    -0.000037   -0.001689    0.003328  
      4.075742  1.603531  5.788193    -0.000029    0.000564    0.000578  
      4.126757  1.285466  1.935393    -0.000029   -0.000527    0.003305  
      1.309109  4.377480  5.731473    -0.000028    0.001192    0.000858  
     -0.071366  0.016473  5.720456     0.008061   -0.005084    0.039666  
      5.467553  5.446800  1.989037    -0.043175    0.017722    0.038324  
      5.451280  2.797629  5.815926    -0.007087   -0.003225    0.039621  
      5.494869  2.731192  1.967086     0.035896    0.017963    0.039598  
      1.283347  4.173243  7.675536     0.001358   -0.002312   -0.098540  
      4.050858  1.366592  7.718108     0.001337   -0.003000   -0.099690  
      4.101373  1.410232  3.861672     0.001355   -0.019412   -0.098581  
      1.333865  4.146956  3.819900     0.001480   -0.019626   -0.108230  
      2.784869  5.446789  1.953581     0.041863    0.017101    0.039441  
      2.694323  0.011092  5.756782    -0.008851   -0.004669    0.039430  
      2.758136  2.731195  1.930957    -0.037253    0.018649    0.038647  
      2.695254  2.792248  5.779734     0.006362   -0.003612    0.039773  
      4.120486  4.079964  2.406090     0.000162   -0.012052   -0.004867  
 
  11 f  =   18.155945 THz   114.077169 2PiTHz  605.617150 cm-1    75.086923 meV
             X         Y         Z           dx          dy          dz
      1.359359  4.058911  1.882365    -0.001651    0.000000   -0.000009  
      4.075742  1.603531  5.788193     0.003017    0.000001    0.000040  
      4.126757  1.285466  1.935393    -0.004698   -0.000005   -0.000049  
      1.309109  4.377480  5.731473     0.003005    0.000005    0.000041  
     -0.071366  0.016473  5.720456    -0.019854    0.028963   -0.000262  
      5.467553  5.446800  1.989037     0.047119   -0.101584    0.001099  
      5.451280  2.797629  5.815926    -0.020912   -0.029783   -0.000573  
      5.494869  2.731192  1.967086     0.051478    0.108599    0.000281  
      1.283347  4.173243  7.675536    -0.024813   -0.000031   -0.000639  
      4.050858  1.366592  7.718108    -0.020676    0.000036   -0.000646  
      4.101373  1.410232  3.861672    -0.022752   -0.000017   -0.000613  
      1.333865  4.146956  3.819900    -0.027969   -0.000088   -0.000781  
      2.784869  5.446789  1.953581     0.047386    0.101709    0.000400  
      2.694323  0.011092  5.756782    -0.020148   -0.028900    0.000044  
      2.758136  2.731195  1.930957     0.051303   -0.108566    0.001312  
      2.695254  2.792248  5.779734    -0.021047    0.029640    0.000325  
      4.120486  4.079964  2.406090    -0.035294    0.000004   -0.000472  
 
  12 f  =   16.688431 THz   104.856502 2PiTHz  556.666127 cm-1    69.017772 meV
             X         Y         Z           dx          dy          dz
      1.359359  4.058911  1.882365    -0.000067    0.000862    0.004952  
      4.075742  1.603531  5.788193     0.000021   -0.001531   -0.001497  
      4.126757  1.285466  1.935393     0.000072   -0.001019   -0.005281  
      1.309109  4.377480  5.731473    -0.000020    0.001613    0.001873  
     -0.071366  0.016473  5.720456     0.002927   -0.001755    0.009031  
      5.467553  5.446800  1.989037    -0.006699    0.003271   -0.001222  
      5.451280  2.797629  5.815926     0.002023    0.002077   -0.012105  
      5.494869  2.731192  1.967086    -0.003155   -0.005499   -0.000773  
      1.283347  4.173243  7.675536     0.001482    0.006295   -0.110231  
      4.050858  1.366592  7.718108    -0.001505   -0.006578    0.115155  
      4.101373  1.410232  3.861672    -0.001822    0.017947    0.134371  
      1.333865  4.146956  3.819900     0.001696   -0.018104   -0.129598  
      2.784869  5.446789  1.953581     0.006727    0.003265   -0.001037  
      2.694323  0.011092  5.756782    -0.003206   -0.001760    0.008933  
      2.758136  2.731195  1.930957     0.003154   -0.005470   -0.000684  
      2.695254  2.792248  5.779734    -0.001714    0.002047   -0.012145  
      4.120486  4.079964  2.406090     0.000029    0.011403   -0.000383  
 
  13 f  =   15.407370 THz    96.807362 2PiTHz  513.934551 cm-1    63.719735 meV
             X         Y         Z           dx          dy          dz
      1.359359  4.058911  1.882365     0.013027   -0.000082    0.000169  
      4.075742  1.603531  5.788193    -0.000401   -0.000000   -0.000008  
      4.126757  1.285466  1.935393    -0.010843    0.000096   -0.000145  
      1.309109  4.377480  5.731473     0.000532    0.000002    0.000010  
     -0.071366  0.016473  5.720456     0.001885   -0.002446   -0.001017  
      5.467553  5.446800  1.989037     0.023342    0.039488   -0.003657  
      5.451280  2.797629  5.815926    -0.002331   -0.002123   -0.000945  
      5.494869  2.731192  1.967086     0.037838   -0.017605   -0.003966  
      1.283347  4.173243  7.675536    -0.012327    0.000115   -0.000120  
      4.050858  1.366592  7.718108     0.016926   -0.000083    0.000188  
      4.101373  1.410232  3.861672     0.014736   -0.000118    0.000325  
      1.333865  4.146956  3.819900    -0.018490    0.000083   -0.000346  
      2.784869  5.446789  1.953581     0.022891   -0.038918    0.004224  
      2.694323  0.011092  5.756782     0.001802    0.002407    0.001052  
      2.758136  2.731195  1.930957     0.038184    0.017978    0.005061  
      2.695254  2.792248  5.779734    -0.002394    0.002135    0.000866  
      4.120486  4.079964  2.406090    -0.339179   -0.002494   -0.004483  
 
  14 f  =   15.398000 THz    96.748485 2PiTHz  513.621979 cm-1    63.680981 meV
             X         Y         Z           dx          dy          dz
      1.359359  4.058911  1.882365    -0.000093   -0.011226   -0.000386  
      4.075742  1.603531  5.788193     0.000009    0.000201   -0.000273  
      4.126757  1.285466  1.935393     0.000083    0.013331   -0.000181  
      1.309109  4.377480  5.731473    -0.000006   -0.000017    0.000412  
     -0.071366  0.016473  5.720456     0.003321   -0.002107   -0.000965  
      5.467553  5.446800  1.989037     0.023808    0.037773   -0.002595  
      5.451280  2.797629  5.815926     0.003311    0.001372    0.000018  
      5.494869  2.731192  1.967086    -0.031074    0.024998    0.005137  
      1.283347  4.173243  7.675536     0.000010    0.015669    0.006251  
      4.050858  1.366592  7.718108    -0.000047   -0.011932   -0.005738  
      4.101373  1.410232  3.861672    -0.000318   -0.017405    0.015318  
      1.333865  4.146956  3.819900     0.000322    0.011713   -0.013305  
      2.784869  5.446789  1.953581    -0.024078    0.038345   -0.003282  
      2.694323  0.011092  5.756782    -0.003368   -0.002172   -0.001086  
      2.758136  2.731195  1.930957     0.030396    0.024710    0.005902  
      2.695254  2.792248  5.779734    -0.003311    0.001359   -0.000087  
      4.120486  4.079964  2.406090     0.002516   -0.339109   -0.001421  
 
  15 f  =   14.148314 THz    88.896478 2PiTHz  471.936951 cm-1    58.512698 meV
             X         Y         Z           dx          dy          dz
      1.359359  4.058911  1.882365     0.000047   -0.000414   -0.003745  
      4.075742  1.603531  5.788193    -0.000043   -0.000095    0.003136  
      4.126757  1.285466  1.935393     0.000048    0.001073   -0.003743  
      1.309109  4.377480  5.731473    -0.000041    0.000090    0.003105  
     -0.071366  0.016473  5.720456    -0.003580   -0.003205   -0.011846  
      5.467553  5.446800  1.989037    -0.086365   -0.088592    0.013504  
      5.451280  2.797629  5.815926    -0.003426    0.003230   -0.012515  
      5.494869  2.731192  1.967086    -0.085650    0.085579    0.015024  
      1.283347  4.173243  7.675536    -0.000065   -0.002322    0.004051  
      4.050858  1.366592  7.718108    -0.000045    0.001079    0.005469  
      4.101373  1.410232  3.861672    -0.000016    0.004890    0.000428  
      1.333865  4.146956  3.819900    -0.000025   -0.001708    0.003984  
      2.784869  5.446789  1.953581     0.085991   -0.088568    0.015805  
      2.694323  0.011092  5.756782     0.003878   -0.003257   -0.011763  
      2.758136  2.731195  1.930957     0.085267    0.085581    0.017367  
      2.695254  2.792248  5.779734     0.003734    0.003283   -0.012414  
      4.120486  4.079964  2.406090     0.000404   -0.008156   -0.029005  
 
  16 f  =   13.111412 THz    82.381434 2PiTHz  437.349641 cm-1    54.224420 meV
             X         Y         Z           dx          dy          dz
      1.359359  4.058911  1.882365     0.000272    0.000009   -0.020465  
      4.075742  1.603531  5.788193    -0.000240    0.000315    0.018317  
      4.126757  1.285466  1.935393     0.000268   -0.000208   -0.020482  
      1.309109  4.377480  5.731473    -0.000234   -0.000489    0.018027  
     -0.071366  0.016473  5.720456    -0.001138   -0.000166   -0.059942  
      5.467553  5.446800  1.989037     0.015865    0.016509    0.076175  
      5.451280  2.797629  5.815926     0.000725    0.000199   -0.066894  
      5.494869  2.731192  1.967086     0.017651   -0.016053    0.084013  
      1.283347  4.173243  7.675536     0.000177    0.002798    0.000592  
      4.050858  1.366592  7.718108    -0.000181   -0.008067    0.001872  
      4.101373  1.410232  3.861672     0.000196    0.008569    0.000638  
      1.333865  4.146956  3.819900    -0.000280   -0.002131    0.006570  
      2.784869  5.446789  1.953581    -0.017882    0.016543    0.075467  
      2.694323  0.011092  5.756782     0.002669   -0.000195   -0.059668  
      2.758136  2.731195  1.930957    -0.019855   -0.016085    0.083263  
      2.695254  2.792248  5.779734     0.000985    0.000234   -0.066575  
      4.120486  4.079964  2.406090     0.000681    0.005055   -0.051477  
 
  17 f  =   12.899634 THz    81.050792 2PiTHz  430.285481 cm-1    53.348576 meV
             X         Y         Z           dx          dy          dz
      1.359359  4.058911  1.882365     0.000012    0.000348    0.000279  
      4.075742  1.603531  5.788193    -0.000002   -0.000382   -0.000303  
      4.126757  1.285466  1.935393    -0.000040   -0.001413    0.002501  
      1.309109  4.377480  5.731473     0.000031    0.000593   -0.002172  
     -0.071366  0.016473  5.720456    -0.003985   -0.003088    0.059045  
      5.467553  5.446800  1.989037     0.002731    0.002965   -0.072761  
      5.451280  2.797629  5.815926    -0.002357    0.002347   -0.052669  
      5.494869  2.731192  1.967086    -0.001576    0.004453    0.064695  
      1.283347  4.173243  7.675536     0.001046    0.078266    0.011331  
      4.050858  1.366592  7.718108    -0.000861   -0.084056   -0.011899  
      4.101373  1.410232  3.861672     0.001441    0.091784   -0.014934  
      1.333865  4.146956  3.819900    -0.001553   -0.091157    0.014971  
      2.784869  5.446789  1.953581    -0.000901    0.002982   -0.074672  
      2.694323  0.011092  5.756782     0.002467   -0.003090    0.060658  
      2.758136  2.731195  1.930957    -0.000150    0.004397    0.062850  
      2.695254  2.792248  5.779734     0.003701    0.002365   -0.050998  
      4.120486  4.079964  2.406090    -0.000041    0.003824    0.002115  
 
  18 f  =   12.880249 THz    80.928989 2PiTHz  429.638847 cm-1    53.268404 meV
             X         Y         Z           dx          dy          dz
      1.359359  4.058911  1.882365     0.001395   -0.000003    0.000057  
      4.075742  1.603531  5.788193    -0.000684   -0.000000   -0.000039  
      4.126757  1.285466  1.935393    -0.000561    0.000021    0.000000  
      1.309109  4.377480  5.731473     0.000696   -0.000002    0.000004  
     -0.071366  0.016473  5.720456     0.000981   -0.001206   -0.056062  
      5.467553  5.446800  1.989037    -0.004984   -0.000671    0.069049  
      5.451280  2.797629  5.815926     0.000536   -0.000171   -0.054768  
      5.494869  2.731192  1.967086    -0.003920    0.002194    0.068871  
      1.283347  4.173243  7.675536     0.083539   -0.001177    0.000931  
      4.050858  1.366592  7.718108    -0.078325    0.001148   -0.000871  
      4.101373  1.410232  3.861672     0.094227   -0.001181    0.001446  
      1.333865  4.146956  3.819900    -0.094632    0.001299   -0.001476  
      2.784869  5.446789  1.953581    -0.003031    0.000484   -0.067419  
      2.694323  0.011092  5.756782    -0.000172    0.000867    0.054703  
      2.758136  2.731195  1.930957    -0.001997   -0.002231   -0.071109  
      2.695254  2.792248  5.779734    -0.000606    0.000524    0.056435  
      4.120486  4.079964  2.406090    -0.002768   -0.000130    0.000031  
 
  19 f  =   12.449419 THz    78.222009 2PiTHz  415.267933 cm-1    51.486639 meV
             X         Y         Z           dx          dy          dz
      1.359359  4.058911  1.882365    -0.000008    0.000853    0.000209  
      4.075742  1.603531  5.788193    -0.000025   -0.002503   -0.000227  
      4.126757  1.285466  1.935393    -0.000011   -0.000932    0.000166  
      1.309109  4.377480  5.731473    -0.000028    0.002343   -0.000088  
     -0.071366  0.016473  5.720456    -0.084432   -0.090148   -0.001763  
      5.467553  5.446800  1.989037     0.003801    0.004638    0.001530  
      5.451280  2.797629  5.815926    -0.085312    0.090843    0.002108  
      5.494869  2.731192  1.967086     0.003002   -0.002281   -0.003924  
      1.283347  4.173243  7.675536    -0.000010   -0.012372   -0.000527  
      4.050858  1.366592  7.718108     0.000394    0.011690    0.000424  
      4.101373  1.410232  3.861672    -0.000016    0.005569    0.000261  
      1.333865  4.146956  3.819900     0.000428   -0.005322    0.000126  
      2.784869  5.446789  1.953581    -0.003817    0.004780    0.001831  
      2.694323  0.011092  5.756782     0.084383   -0.090731    0.000331  
      2.758136  2.731195  1.930957    -0.002884   -0.002432   -0.003594  
      2.695254  2.792248  5.779734     0.085297    0.091610    0.004193  
      4.120486  4.079964  2.406090     0.000018   -0.007098   -0.003590  
 
  20 f  =   11.122883 THz    69.887136 2PiTHz  371.019444 cm-1    46.000528 meV
             X         Y         Z           dx          dy          dz
      1.359359  4.058911  1.882365    -0.016955   -0.000006   -0.000225  
      4.075742  1.603531  5.788193     0.011118    0.000020    0.000144  
      4.126757  1.285466  1.935393     0.013857    0.000008    0.000183  
      1.309109  4.377480  5.731473    -0.009839    0.000002   -0.000128  
     -0.071366  0.016473  5.720456    -0.008119    0.014960   -0.006832  
      5.467553  5.446800  1.989037     0.025487    0.001893    0.002289  
      5.451280  2.797629  5.815926     0.005447    0.013900   -0.004052  
      5.494869  2.731192  1.967086     0.015342   -0.018372    0.000216  
      1.283347  4.173243  7.675536     0.116560   -0.000012    0.001561  
      4.050858  1.366592  7.718108    -0.118162   -0.000133   -0.001569  
      4.101373  1.410232  3.861672    -0.118436   -0.000112   -0.001576  
      1.333865  4.146956  3.819900     0.088941    0.000037    0.001168  
      2.784869  5.446789  1.953581     0.025502   -0.001888   -0.001604  
      2.694323  0.011092  5.756782    -0.008196   -0.015068    0.006637  
      2.758136  2.731195  1.930957     0.015389    0.018376    0.000190  
      2.695254  2.792248  5.779734     0.005323   -0.013891    0.004187  
      4.120486  4.079964  2.406090    -0.055421    0.000072   -0.000730  
 
  21 f  =   11.064673 THz    69.521393 2PiTHz  369.077776 cm-1    45.759792 meV
             X         Y         Z           dx          dy          dz
      1.359359  4.058911  1.882365    -0.000019    0.013074    0.000799  
      4.075742  1.603531  5.788193     0.000005   -0.013228    0.001322  
      4.126757  1.285466  1.935393     0.000034   -0.016585   -0.001882  
      1.309109  4.377480  5.731473     0.000026    0.013951   -0.000526  
     -0.071366  0.016473  5.720456     0.000270    0.014083   -0.005084  
      5.467553  5.446800  1.989037     0.017946    0.015804   -0.001185  
      5.451280  2.797629  5.815926    -0.001291   -0.015407    0.006472  
      5.494869  2.731192  1.967086    -0.001779    0.027052    0.000398  
      1.283347  4.173243  7.675536     0.000203   -0.112755   -0.021659  
      4.050858  1.366592  7.718108    -0.000492    0.112110    0.021609  
      4.101373  1.410232  3.861672     0.000154    0.086904   -0.024847  
      1.333865  4.146956  3.819900    -0.000452   -0.114210    0.027851  
      2.784869  5.446789  1.953581    -0.017837    0.015711   -0.001679  
      2.694323  0.011092  5.756782    -0.000195    0.014244   -0.005103  
      2.758136  2.731195  1.930957     0.001812    0.027186    0.000475  
      2.695254  2.792248  5.779734     0.001100   -0.015582    0.006491  
      4.120486  4.079964  2.406090     0.000068   -0.052514   -0.001816  
 
  22 f  =    9.908071 THz    62.254247 2PiTHz  330.497678 cm-1    40.976471 meV
             X         Y         Z           dx          dy          dz
      1.359359  4.058911  1.882365    -0.001548    0.000026   -0.000094  
      4.075742  1.603531  5.788193     0.001158   -0.000031   -0.000093  
      4.126757  1.285466  1.935393     0.000696    0.000043    0.000115  
      1.309109  4.377480  5.731473    -0.000941   -0.000020    0.000088  
     -0.071366  0.016473  5.720456    -0.001319    0.000531    0.042112  
      5.467553  5.446800  1.989037     0.010838    0.005557   -0.066101  
      5.451280  2.797629  5.815926     0.000600    0.001802   -0.057084  
      5.494869  2.731192  1.967086     0.001149    0.001284    0.052475  
      1.283347  4.173243  7.675536    -0.094589   -0.000105   -0.001391  
      4.050858  1.366592  7.718108    -0.106353   -0.000049   -0.001284  
      4.101373  1.410232  3.861672     0.092443    0.000552    0.001270  
      1.333865  4.146956  3.819900     0.094919    0.000454    0.001098  
      2.784869  5.446789  1.953581     0.009512   -0.006159    0.064429  
      2.694323  0.011092  5.756782    -0.000218   -0.000351   -0.044301  
      2.758136  2.731195  1.930957     0.002076   -0.001891   -0.050558  
      2.695254  2.792248  5.779734    -0.000852   -0.001637    0.059136  
      4.120486  4.079964  2.406090    -0.002063   -0.000292   -0.000029  
 
  23 f  =    9.842734 THz    61.843723 2PiTHz  328.318274 cm-1    40.706260 meV
             X         Y         Z           dx          dy          dz
      1.359359  4.058911  1.882365    -0.000078   -0.003970   -0.003737  
      4.075742  1.603531  5.788193     0.000042    0.008336   -0.004602  
      4.126757  1.285466  1.935393    -0.000116   -0.018525    0.004859  
      1.309109  4.377480  5.731473    -0.000004   -0.000360    0.004462  
     -0.071366  0.016473  5.720456     0.005872   -0.005920   -0.033087  
      5.467553  5.446800  1.989037     0.047082    0.078613   -0.022472  
      5.451280  2.797629  5.815926    -0.004486   -0.000918    0.028790  
      5.494869  2.731192  1.967086    -0.050669    0.081095    0.022178  
      1.283347  4.173243  7.675536    -0.000377   -0.038356   -0.006709  
      4.050858  1.366592  7.718108    -0.000104   -0.075397   -0.005089  
      4.101373  1.410232  3.861672    -0.000084   -0.059179    0.011619  
      1.333865  4.146956  3.819900    -0.000379   -0.010685   -0.004810  
      2.784869  5.446789  1.953581    -0.045311    0.078001   -0.023857  
      2.694323  0.011092  5.756782    -0.005177   -0.005834   -0.032290  
      2.758136  2.731195  1.930957     0.051295    0.081848    0.024885  
      2.695254  2.792248  5.779734     0.003759   -0.000650    0.029437  
      4.120486  4.079964  2.406090     0.000801    0.101092    0.000571  
 
  24 f  =    9.824846 THz    61.731330 2PiTHz  327.721598 cm-1    40.632281 meV
             X         Y         Z           dx          dy          dz
      1.359359  4.058911  1.882365    -0.018294    0.000016   -0.000236  
      4.075742  1.603531  5.788193     0.002417   -0.000103    0.000007  
      4.126757  1.285466  1.935393    -0.005342    0.000178   -0.000048  
      1.309109  4.377480  5.731473     0.008609    0.000003    0.000116  
     -0.071366  0.016473  5.720456    -0.009657   -0.002623   -0.020160  
      5.467553  5.446800  1.989037     0.085233    0.051492   -0.006515  
      5.451280  2.797629  5.815926    -0.012271   -0.004614   -0.012658  
      5.494869  2.731192  1.967086     0.082389   -0.052231   -0.012403  
      1.283347  4.173243  7.675536    -0.063519    0.000055   -0.000852  
      4.050858  1.366592  7.718108    -0.020904    0.000294   -0.000213  
      4.101373  1.410232  3.861672    -0.028494    0.000842   -0.000477  
      1.333865  4.146956  3.819900    -0.078992    0.000671   -0.001076  
      2.784869  5.446789  1.953581     0.085881   -0.052858    0.008540  
      2.694323  0.011092  5.756782    -0.009948    0.002643    0.019681  
      2.758136  2.731195  1.930957     0.081059    0.050770    0.014828  
      2.695254  2.792248  5.779734    -0.012480    0.004805    0.012520  
      4.120486  4.079964  2.406090     0.106530   -0.000819    0.001434  
 
  25 f  =    9.757748 THz    61.309739 2PiTHz  325.483441 cm-1    40.354785 meV
             X         Y         Z           dx          dy          dz
      1.359359  4.058911  1.882365     0.000212    0.002463   -0.008157  
      4.075742  1.603531  5.788193     0.000099   -0.003099   -0.010594  
      4.126757  1.285466  1.935393    -0.000108    0.004525    0.010339  
      1.309109  4.377480  5.731473    -0.000148   -0.001484    0.010031  
     -0.071366  0.016473  5.720456    -0.000017    0.004662   -0.083416  
      5.467553  5.446800  1.989037    -0.017853   -0.028758   -0.073738  
      5.451280  2.797629  5.815926    -0.001124    0.003183    0.078632  
      5.494869  2.731192  1.967086     0.019301   -0.028946    0.072767  
      1.283347  4.173243  7.675536     0.001444   -0.012055   -0.010835  
      4.050858  1.366592  7.718108     0.000984    0.007190    0.009460  
      4.101373  1.410232  3.861672    -0.000752    0.045477    0.002617  
      1.333865  4.146956  3.819900    -0.000381    0.044232   -0.010734  
      2.784869  5.446789  1.953581     0.018608   -0.027983   -0.075188  
      2.694323  0.011092  5.756782     0.002275    0.004715   -0.081612  
      2.758136  2.731195  1.930957    -0.022044   -0.029367    0.074753  
      2.695254  2.792248  5.779734    -0.000820    0.003173    0.077460  
      4.120486  4.079964  2.406090    -0.000566   -0.029484    0.002925  
 
  26 f  =    9.583991 THz    60.217992 2PiTHz  319.687530 cm-1    39.636184 meV
             X         Y         Z           dx          dy          dz
      1.359359  4.058911  1.882365     0.001251    0.000157    0.001025  
      4.075742  1.603531  5.788193    -0.001376   -0.000120    0.000108  
      4.126757  1.285466  1.935393     0.001655    0.000107    0.000353  
      1.309109  4.377480  5.731473    -0.000859    0.000149   -0.000606  
     -0.071366  0.016473  5.720456     0.004039    0.000174   -0.089891  
      5.467553  5.446800  1.989037    -0.014999   -0.011301   -0.062554  
      5.451280  2.797629  5.815926     0.004306    0.000174   -0.088639  
      5.494869  2.731192  1.967086    -0.011051    0.007398   -0.103022  
      1.283347  4.173243  7.675536     0.017007   -0.014494   -0.000983  
      4.050858  1.366592  7.718108     0.000687   -0.012682   -0.001483  
      4.101373  1.410232  3.861672     0.020167    0.013431   -0.001490  
      1.333865  4.146956  3.819900     0.002378    0.012205   -0.001028  
      2.784869  5.446789  1.953581    -0.016463    0.010956    0.066512  
      2.694323  0.011092  5.756782     0.001547    0.000161    0.092495  
      2.758136  2.731195  1.930957    -0.014113   -0.007912    0.098143  
      2.695254  2.792248  5.779734     0.001852   -0.000674    0.081679  
      4.120486  4.079964  2.406090    -0.006988   -0.001860    0.000331  
 
  27 f  =    9.552509 THz    60.020187 2PiTHz  318.637417 cm-1    39.505987 meV
             X         Y         Z           dx          dy          dz
      1.359359  4.058911  1.882365    -0.000209    0.001411    0.008619  
      4.075742  1.603531  5.788193     0.000148   -0.000989    0.000775  
      4.126757  1.285466  1.935393    -0.000219    0.000663    0.003380  
      1.309109  4.377480  5.731473     0.000149    0.001377   -0.004806  
     -0.071366  0.016473  5.720456    -0.000362    0.001088    0.017447  
      5.467553  5.446800  1.989037     0.000860    0.000535    0.023015  
      5.451280  2.797629  5.815926    -0.000065   -0.001283   -0.018503  
      5.494869  2.731192  1.967086     0.002290   -0.001893   -0.005261  
      1.283347  4.173243  7.675536    -0.001557   -0.130987   -0.011419  
      4.050858  1.366592  7.718108     0.000453   -0.115957   -0.013252  
      4.101373  1.410232  3.861672    -0.002298    0.119416   -0.015304  
      1.333865  4.146956  3.819900    -0.000077    0.109669   -0.009928  
      2.784869  5.446789  1.953581     0.001871   -0.001782    0.009266  
      2.694323  0.011092  5.756782    -0.000475    0.001142   -0.003006  
      2.758136  2.731195  1.930957     0.000537   -0.000469   -0.028473  
      2.695254  2.792248  5.779734     0.000096   -0.001291   -0.037509  
      4.120486  4.079964  2.406090     0.000513   -0.014844    0.003648  
 
  28 f  =    9.255389 THz    58.153321 2PiTHz  308.726530 cm-1    38.277194 meV
             X         Y         Z           dx          dy          dz
      1.359359  4.058911  1.882365    -0.001405    0.000014   -0.000144  
      4.075742  1.603531  5.788193    -0.001402    0.000037   -0.000109  
      4.126757  1.285466  1.935393     0.000420   -0.000038    0.000097  
      1.309109  4.377480  5.731473    -0.000032   -0.000013    0.000123  
     -0.071366  0.016473  5.720456     0.001899   -0.000478   -0.020247  
      5.467553  5.446800  1.989037     0.007654    0.006087   -0.117938  
      5.451280  2.797629  5.815926     0.001609   -0.001252   -0.001954  
      5.494869  2.731192  1.967086    -0.009736    0.009842    0.095600  
      1.283347  4.173243  7.675536     0.064521    0.000171    0.000801  
      4.050858  1.366592  7.718108     0.070807    0.000196    0.000969  
      4.101373  1.410232  3.861672    -0.053165   -0.000407   -0.000636  
      1.333865  4.146956  3.819900    -0.056841   -0.000289   -0.000763  
      2.784869  5.446789  1.953581     0.004456   -0.005963    0.117432  
      2.694323  0.011092  5.756782     0.001326    0.000476    0.019587  
      2.758136  2.731195  1.930957    -0.007092   -0.009658   -0.095233  
      2.695254  2.792248  5.779734     0.001526    0.001221    0.002734  
      4.120486  4.079964  2.406090     0.002009    0.000121    0.000039  
 
  29 f  =    8.912459 THz    55.998632 2PiTHz  297.287635 cm-1    36.858953 meV
             X         Y         Z           dx          dy          dz
      1.359359  4.058911  1.882365    -0.017726    0.000124   -0.000306  
      4.075742  1.603531  5.788193    -0.017801    0.000175   -0.000302  
      4.126757  1.285466  1.935393    -0.010966   -0.000019   -0.000067  
      1.309109  4.377480  5.731473    -0.017311   -0.000128   -0.000154  
     -0.071366  0.016473  5.720456     0.043226    0.017979    0.006279  
      5.467553  5.446800  1.989037     0.049769   -0.002162    0.007517  
      5.451280  2.797629  5.815926     0.043579   -0.019062    0.001576  
      5.494869  2.731192  1.967086     0.045738    0.003737   -0.002749  
      1.283347  4.173243  7.675536     0.085455   -0.000451    0.001111  
      4.050858  1.366592  7.718108     0.088017   -0.000024    0.001100  
      4.101373  1.410232  3.861672     0.096562    0.000067    0.001339  
      1.333865  4.146956  3.819900     0.086410   -0.000405    0.001118  
      2.784869  5.446789  1.953581     0.050029    0.001792   -0.006045  
      2.694323  0.011092  5.756782     0.042867   -0.017767   -0.004999  
      2.758136  2.731195  1.930957     0.045570   -0.004170    0.003756  
      2.695254  2.792248  5.779734     0.043185    0.018908   -0.000632  
      4.120486  4.079964  2.406090     0.029223   -0.000402    0.000390  
 
  30 f  =    8.789267 THz    55.224592 2PiTHz  293.178380 cm-1    36.349470 meV
             X         Y         Z           dx          dy          dz
      1.359359  4.058911  1.882365     0.000384    0.009625   -0.023518  
      4.075742  1.603531  5.788193     0.000380    0.011941   -0.022428  
      4.126757  1.285466  1.935393    -0.000300    0.013498    0.024217  
      1.309109  4.377480  5.731473    -0.000273    0.011627    0.022932  
     -0.071366  0.016473  5.720456    -0.005669   -0.021176    0.008603  
      5.467553  5.446800  1.989037     0.003836   -0.037561    0.015939  
      5.451280  2.797629  5.815926     0.004541   -0.022400   -0.014083  
      5.494869  2.731192  1.967086    -0.001815   -0.036913   -0.017927  
      1.283347  4.173243  7.675536    -0.000247   -0.069507   -0.015334  
      4.050858  1.366592  7.718108    -0.000306   -0.070039   -0.003720  
      4.101373  1.410232  3.861672    -0.000322   -0.061798    0.007809  
      1.333865  4.146956  3.819900    -0.000404   -0.087836    0.009733  
      2.784869  5.446789  1.953581    -0.004554   -0.037621    0.015586  
      2.694323  0.011092  5.756782     0.004930   -0.021016    0.008488  
      2.758136  2.731195  1.930957     0.002024   -0.036859   -0.017577  
      2.695254  2.792248  5.779734    -0.004154   -0.022392   -0.013863  
      4.120486  4.079964  2.406090    -0.000106   -0.026044    0.005498  
 
  31 f  =    8.576261 THz    53.886236 2PiTHz  286.073271 cm-1    35.468549 meV
             X         Y         Z           dx          dy          dz
      1.359359  4.058911  1.882365     0.000352   -0.006147   -0.026839  
      4.075742  1.603531  5.788193     0.000297   -0.009426   -0.025454  
      4.126757  1.285466  1.935393    -0.000314   -0.012069    0.026696  
      1.309109  4.377480  5.731473    -0.000290   -0.013563    0.024687  
     -0.071366  0.016473  5.720456     0.010006    0.027800    0.023915  
      5.467553  5.446800  1.989037    -0.002791    0.027909    0.026102  
      5.451280  2.797629  5.815926    -0.009538    0.026610   -0.019862  
      5.494869  2.731192  1.967086     0.004543    0.030575   -0.023746  
      1.283347  4.173243  7.675536     0.000087    0.060510    0.001613  
      4.050858  1.366592  7.718108    -0.000133    0.053594    0.012855  
      4.101373  1.410232  3.861672    -0.000248    0.071475   -0.007202  
      1.333865  4.146956  3.819900    -0.000146    0.057233   -0.005991  
      2.784869  5.446789  1.953581     0.001938    0.027978    0.025788  
      2.694323  0.011092  5.756782    -0.010151    0.027621    0.022150  
      2.758136  2.731195  1.930957    -0.003994    0.030646   -0.023626  
      2.695254  2.792248  5.779734     0.009918    0.026682   -0.018274  
      4.120486  4.079964  2.406090     0.000006    0.010773   -0.007250  
 
  32 f  =    8.422423 THz    52.919646 2PiTHz  280.941797 cm-1    34.832328 meV
             X         Y         Z           dx          dy          dz
      1.359359  4.058911  1.882365     0.000599   -0.000217   -0.000307  
      4.075742  1.603531  5.788193    -0.001335    0.000724   -0.000321  
      4.126757  1.285466  1.935393     0.000601   -0.000444    0.000315  
      1.309109  4.377480  5.731473    -0.001297    0.000524    0.000249  
     -0.071366  0.016473  5.720456     0.007831    0.004592   -0.111926  
      5.467553  5.446800  1.989037     0.001624    0.003301   -0.017298  
      5.451280  2.797629  5.815926     0.010662   -0.012729    0.113236  
      5.494869  2.731192  1.967086    -0.002662    0.002730    0.018264  
      1.283347  4.173243  7.675536    -0.049721    0.002420   -0.000527  
      4.050858  1.366592  7.718108    -0.054391    0.002408   -0.000395  
      4.101373  1.410232  3.861672     0.042914    0.002764    0.000391  
      1.333865  4.146956  3.819900     0.044277    0.002689    0.000322  
      2.784869  5.446789  1.953581     0.001621   -0.001391    0.018087  
      2.694323  0.011092  5.756782     0.012502   -0.015313    0.113040  
      2.758136  2.731195  1.930957    -0.002657   -0.000693   -0.018837  
      2.695254  2.792248  5.779734     0.005915    0.002138   -0.113576  
      4.120486  4.079964  2.406090    -0.003398    0.000367    0.000030  
 
  33 f  =    8.377398 THz    52.636745 2PiTHz  279.439922 cm-1    34.646119 meV
             X         Y         Z           dx          dy          dz
      1.359359  4.058911  1.882365    -0.000004    0.003594    0.002273  
      4.075742  1.603531  5.788193    -0.000383   -0.012180    0.002864  
      4.126757  1.285466  1.935393     0.000196    0.006454   -0.002748  
      1.309109  4.377480  5.731473     0.000127   -0.011056   -0.001801  
     -0.071366  0.016473  5.720456     0.067232    0.093429   -0.008315  
      5.467553  5.446800  1.989037     0.003591   -0.013991   -0.002714  
      5.451280  2.797629  5.815926    -0.064436    0.090479    0.006625  
      5.494869  2.731192  1.967086    -0.004139   -0.014887    0.000923  
      1.283347  4.173243  7.675536    -0.003093   -0.036516   -0.002028  
      4.050858  1.366592  7.718108    -0.003626   -0.037501   -0.004497  
      4.101373  1.410232  3.861672     0.001898   -0.039048    0.002681  
      1.333865  4.146956  3.819900     0.002204   -0.043022    0.003868  
      2.784869  5.446789  1.953581    -0.003707   -0.014298   -0.000714  
      2.694323  0.011092  5.756782    -0.064516    0.091895    0.003195  
      2.758136  2.731195  1.930957     0.003535   -0.014985   -0.001033  
      2.695254  2.792248  5.779734     0.066178    0.092936   -0.004888  
      4.120486  4.079964  2.406090    -0.000439   -0.006745   -0.000199  
 
  34 f  =    7.939175 THz    49.883309 2PiTHz  264.822379 cm-1    32.833776 meV
             X         Y         Z           dx          dy          dz
      1.359359  4.058911  1.882365     0.007796    0.000694    0.000158  
      4.075742  1.603531  5.788193    -0.009512    0.001149   -0.000015  
      4.126757  1.285466  1.935393     0.005339   -0.000620   -0.000032  
      1.309109  4.377480  5.731473    -0.009228   -0.000931   -0.000166  
     -0.071366  0.016473  5.720456     0.080592    0.070704    0.011944  
      5.467553  5.446800  1.989037    -0.015445    0.005905    0.001221  
      5.451280  2.797629  5.815926     0.082760   -0.073138   -0.012891  
      5.494869  2.731192  1.967086    -0.012178   -0.008414   -0.000257  
      1.283347  4.173243  7.675536    -0.046140   -0.000272   -0.000405  
      4.050858  1.366592  7.718108    -0.044018    0.000579   -0.000781  
      4.101373  1.410232  3.861672    -0.058792    0.000474   -0.000559  
      1.333865  4.146956  3.819900    -0.054761    0.000031   -0.000984  
      2.784869  5.446789  1.953581    -0.015030   -0.006241   -0.001914  
      2.694323  0.011092  5.756782     0.080985   -0.072645   -0.009686  
      2.758136  2.731195  1.930957    -0.012438    0.008002    0.000030  
      2.695254  2.792248  5.779734     0.080606    0.072463    0.015102  
      4.120486  4.079964  2.406090    -0.003678   -0.001525   -0.000080  
 
  35 f  =    7.625370 THz    47.911611 2PiTHz  254.354954 cm-1    31.535981 meV
             X         Y         Z           dx          dy          dz
      1.359359  4.058911  1.882365    -0.000157    0.039622    0.002776  
      4.075742  1.603531  5.788193     0.000267    0.034325    0.002600  
      4.126757  1.285466  1.935393    -0.000108   -0.033256   -0.000267  
      1.309109  4.377480  5.731473     0.000272   -0.034062   -0.000689  
     -0.071366  0.016473  5.720456     0.006584   -0.011639   -0.002577  
      5.467553  5.446800  1.989037    -0.006336   -0.012683   -0.004740  
      5.451280  2.797629  5.815926     0.005598    0.013121   -0.008818  
      5.494869  2.731192  1.967086     0.006306   -0.010391   -0.002870  
      1.283347  4.173243  7.675536     0.000757    0.002113    0.002501  
      4.050858  1.366592  7.718108     0.000893    0.002333   -0.009648  
      4.101373  1.410232  3.861672     0.000956   -0.006047    0.003558  
      1.333865  4.146956  3.819900     0.001084    0.003448   -0.010631  
      2.784869  5.446789  1.953581     0.007002   -0.012513   -0.004581  
      2.694323  0.011092  5.756782    -0.010602   -0.008126   -0.002467  
      2.758136  2.731195  1.930957    -0.005894   -0.010719   -0.002950  
      2.695254  2.792248  5.779734    -0.009510    0.009494   -0.009445  
      4.120486  4.079964  2.406090     0.000027   -0.078908    0.004414  
 
  36 f  =    7.227172 THz    45.409664 2PiTHz  241.072525 cm-1    29.889170 meV
             X         Y         Z           dx          dy          dz
      1.359359  4.058911  1.882365    -0.041858    0.000011   -0.000520  
      4.075742  1.603531  5.788193    -0.016579    0.000061   -0.000227  
      4.126757  1.285466  1.935393     0.048652   -0.000021    0.000664  
      1.309109  4.377480  5.731473     0.016730    0.000030    0.000204  
     -0.071366  0.016473  5.720456     0.003082   -0.017962    0.004814  
      5.467553  5.446800  1.989037    -0.012736   -0.016978    0.001924  
      5.451280  2.797629  5.815926    -0.002033   -0.018581    0.004267  
      5.494869  2.731192  1.967086    -0.010543   -0.004052   -0.000760  
      1.283347  4.173243  7.675536    -0.026302    0.000050   -0.000367  
      4.050858  1.366592  7.718108     0.024578    0.000051    0.000300  
      4.101373  1.410232  3.861672     0.030419    0.000047    0.000380  
      1.333865  4.146956  3.819900    -0.026182    0.000032   -0.000369  
      2.784869  5.446789  1.953581    -0.012667    0.016989   -0.002224  
      2.694323  0.011092  5.756782     0.003651    0.017389   -0.004841  
      2.758136  2.731195  1.930957    -0.010577    0.004084    0.000460  
      2.695254  2.792248  5.779734    -0.002386    0.018023   -0.004500  
      4.120486  4.079964  2.406090    -0.086777   -0.000025   -0.001083  
 
  37 f  =    7.047008 THz    44.277654 2PiTHz  235.062869 cm-1    29.144068 meV
             X         Y         Z           dx          dy          dz
      1.359359  4.058911  1.882365    -0.000380   -0.001746    0.032708  
      4.075742  1.603531  5.788193     0.000208   -0.002339   -0.017281  
      4.126757  1.285466  1.935393    -0.000459    0.000462    0.032496  
      1.309109  4.377480  5.731473     0.000197    0.001833   -0.017207  
     -0.071366  0.016473  5.720456     0.000559    0.001325   -0.081821  
      5.467553  5.446800  1.989037    -0.000718    0.000976    0.010528  
      5.451280  2.797629  5.815926     0.000280    0.000745   -0.081244  
      5.494869  2.731192  1.967086    -0.000668    0.001466    0.009926  
      1.283347  4.173243  7.675536     0.000188    0.023161   -0.018402  
      4.050858  1.366592  7.718108     0.000144    0.022851   -0.019641  
      4.101373  1.410232  3.861672     0.000178   -0.017135   -0.023043  
      1.333865  4.146956  3.819900     0.000261   -0.018750   -0.022894  
      2.784869  5.446789  1.953581     0.000391    0.000967    0.010546  
      2.694323  0.011092  5.756782     0.001904    0.001002   -0.081712  
      2.758136  2.731195  1.930957     0.000436    0.001517    0.009885  
      2.695254  2.792248  5.779734     0.002198    0.001075   -0.081229  
      4.120486  4.079964  2.406090    -0.000416    0.003420    0.036927  
 
  38 f  =    6.762120 THz    42.487652 2PiTHz  225.560040 cm-1    27.965868 meV
             X         Y         Z           dx          dy          dz
      1.359359  4.058911  1.882365    -0.000047    0.007071    0.004213  
      4.075742  1.603531  5.788193     0.000384   -0.002681   -0.030959  
      4.126757  1.285466  1.935393    -0.000056   -0.005406    0.004287  
      1.309109  4.377480  5.731473     0.000420    0.003333   -0.031440  
     -0.071366  0.016473  5.720456    -0.000346    0.001555    0.040818  
      5.467553  5.446800  1.989037     0.000604   -0.002053    0.074694  
      5.451280  2.797629  5.815926    -0.001389   -0.000498    0.042518  
      5.494869  2.731192  1.967086     0.001988   -0.004121    0.074273  
      1.283347  4.173243  7.675536    -0.000553   -0.000108    0.044357  
      4.050858  1.366592  7.718108    -0.000605   -0.014490    0.045250  
      4.101373  1.410232  3.861672    -0.000581   -0.005124    0.044544  
      1.333865  4.146956  3.819900    -0.000574    0.007408    0.043356  
      2.784869  5.446789  1.953581    -0.002734   -0.001890    0.074726  
      2.694323  0.011092  5.756782    -0.000656    0.001515    0.040834  
      2.758136  2.731195  1.930957    -0.003803   -0.003987    0.074070  
      2.695254  2.792248  5.779734     0.000292   -0.000453    0.042474  
      4.120486  4.079964  2.406090     0.000684   -0.010034   -0.052053  
 
  39 f  =    6.626367 THz    41.634692 2PiTHz  221.031812 cm-1    27.404440 meV
             X         Y         Z           dx          dy          dz
      1.359359  4.058911  1.882365     0.000059    0.031785   -0.001797  
      4.075742  1.603531  5.788193    -0.000169   -0.034884    0.004023  
      4.126757  1.285466  1.935393     0.000025   -0.027810   -0.000452  
      1.309109  4.377480  5.731473    -0.000145    0.034514    0.005309  
     -0.071366  0.016473  5.720456    -0.007637    0.010559   -0.003531  
      5.467553  5.446800  1.989037    -0.001616   -0.010448   -0.008378  
      5.451280  2.797629  5.815926    -0.007448   -0.010166   -0.006981  
      5.494869  2.731192  1.967086     0.005539   -0.002228   -0.011545  
      1.283347  4.173243  7.675536    -0.000040    0.055982   -0.009266  
      4.050858  1.366592  7.718108    -0.000180   -0.051354   -0.002352  
      4.101373  1.410232  3.861672    -0.000086   -0.051803   -0.009869  
      1.333865  4.146956  3.819900    -0.000158    0.051215   -0.001485  
      2.784869  5.446789  1.953581     0.001770   -0.010504   -0.008328  
      2.694323  0.011092  5.756782     0.008955    0.009452   -0.003316  
      2.758136  2.731195  1.930957    -0.005292   -0.002151   -0.011671  
      2.695254  2.792248  5.779734     0.008876   -0.008973   -0.006699  
      4.120486  4.079964  2.406090    -0.000059   -0.048358    0.005429  
 
  40 f  =    5.941228 THz    37.329837 2PiTHz  198.178037 cm-1    24.570934 meV
             X         Y         Z           dx          dy          dz
      1.359359  4.058911  1.882365    -0.006694   -0.000004   -0.000081  
      4.075742  1.603531  5.788193     0.013895   -0.000032    0.000155  
      4.126757  1.285466  1.935393     0.008522   -0.000003    0.000130  
      1.309109  4.377480  5.731473    -0.013287    0.000003   -0.000209  
     -0.071366  0.016473  5.720456    -0.001383    0.013423    0.000658  
      5.467553  5.446800  1.989037     0.078660    0.081164    0.013511  
      5.451280  2.797629  5.815926     0.002466    0.012191   -0.001068  
      5.494869  2.731192  1.967086    -0.088229    0.082909   -0.012872  
      1.283347  4.173243  7.675536    -0.014196    0.000014   -0.000159  
      4.050858  1.366592  7.718108     0.012230   -0.000052    0.000201  
      4.101373  1.410232  3.861672     0.009545   -0.000019    0.000162  
      1.333865  4.146956  3.819900    -0.014655   -0.000028   -0.000160  
      2.784869  5.446789  1.953581     0.078971   -0.081155   -0.011312  
      2.694323  0.011092  5.756782    -0.001589   -0.013179   -0.000743  
      2.758136  2.731195  1.930957    -0.088513   -0.082878    0.010706  
      2.695254  2.792248  5.779734     0.002682   -0.011961    0.001242  
      4.120486  4.079964  2.406090    -0.008081    0.000024   -0.000211  
 
  41 f  =    5.906425 THz    37.111164 2PiTHz  197.017137 cm-1    24.427001 meV
             X         Y         Z           dx          dy          dz
      1.359359  4.058911  1.882365     0.011256   -0.000024    0.000144  
      4.075742  1.603531  5.788193    -0.041082    0.000076   -0.000542  
      4.126757  1.285466  1.935393    -0.012794   -0.000010   -0.000172  
      1.309109  4.377480  5.731473     0.041487    0.000036    0.000542  
     -0.071366  0.016473  5.720456     0.002896   -0.042198    0.002178  
      5.467553  5.446800  1.989037     0.028773    0.031000    0.002514  
      5.451280  2.797629  5.815926    -0.002987   -0.041601   -0.000230  
      5.494869  2.731192  1.967086    -0.025969    0.029289   -0.005456  
      1.283347  4.173243  7.675536     0.039859    0.000112    0.000550  
      4.050858  1.366592  7.718108    -0.042506    0.000081   -0.000551  
      4.101373  1.410232  3.861672    -0.035804    0.000163   -0.000482  
      1.333865  4.146956  3.819900     0.038890    0.000060    0.000510  
      2.784869  5.446789  1.953581     0.028867   -0.030975   -0.001671  
      2.694323  0.011092  5.756782     0.003658    0.041513   -0.002023  
      2.758136  2.731195  1.930957    -0.026132   -0.029266    0.004720  
      2.695254  2.792248  5.779734    -0.003757    0.040909    0.000136  
      4.120486  4.079964  2.406090     0.016394    0.000002    0.000255  
 
  42 f  =    2.702148 THz    16.978099 2PiTHz   90.133969 cm-1    11.175183 meV
             X         Y         Z           dx          dy          dz
      1.359359  4.058911  1.882365    -0.000108    0.001855    0.008078  
      4.075742  1.603531  5.788193    -0.000000   -0.000091    0.003132  
      4.126757  1.285466  1.935393    -0.000018    0.000785    0.001853  
      1.309109  4.377480  5.731473    -0.000060   -0.001860    0.000566  
     -0.071366  0.016473  5.720456     0.000534   -0.002269   -0.054231  
      5.467553  5.446800  1.989037     0.001739    0.003257    0.037699  
      5.451280  2.797629  5.815926     0.000867   -0.003381    0.050971  
      5.494869  2.731192  1.967086     0.003117   -0.001820   -0.060897  
      1.283347  4.173243  7.675536    -0.000447    0.072825    0.001754  
      4.050858  1.366592  7.718108     0.000619   -0.070725   -0.005043  
      4.101373  1.410232  3.861672    -0.000431    0.074441   -0.007540  
      1.333865  4.146956  3.819900     0.000467   -0.072359   -0.001092  
      2.784869  5.446789  1.953581    -0.002759    0.003309    0.036965  
      2.694323  0.011092  5.756782     0.000186   -0.001617   -0.053449  
      2.758136  2.731195  1.930957    -0.001424   -0.001755   -0.061579  
      2.695254  2.792248  5.779734    -0.001565   -0.002770    0.051629  
      4.120486  4.079964  2.406090     0.002691   -0.006079   -0.207630  
 
  43 f  =    2.530445 THz    15.899256 2PiTHz   84.406566 cm-1    10.465076 meV
             X         Y         Z           dx          dy          dz
      1.359359  4.058911  1.882365    -0.002732   -0.000014    0.000074  
      4.075742  1.603531  5.788193     0.006343    0.000025    0.000080  
      4.126757  1.285466  1.935393    -0.004287   -0.000015   -0.000029  
      1.309109  4.377480  5.731473     0.001438    0.000012    0.000073  
     -0.071366  0.016473  5.720456    -0.005042   -0.005394    0.063718  
      5.467553  5.446800  1.989037    -0.002610   -0.000139   -0.059931  
      5.451280  2.797629  5.815926     0.011105   -0.008605    0.064090  
      5.494869  2.731192  1.967086    -0.002169   -0.000166   -0.059699  
      1.283347  4.173243  7.675536     0.084625    0.000144    0.001131  
      4.050858  1.366592  7.718108    -0.086590   -0.000253   -0.001165  
      4.101373  1.410232  3.861672     0.085037    0.000282    0.001066  
      1.333865  4.146956  3.819900    -0.093100   -0.000103   -0.001243  
      2.784869  5.446789  1.953581    -0.004222    0.000160    0.059893  
      2.694323  0.011092  5.756782    -0.003337    0.005410   -0.064143  
      2.758136  2.731195  1.930957    -0.003799    0.000072    0.059114  
      2.695254  2.792248  5.779734     0.012761    0.008663   -0.063567  
      4.120486  4.079964  2.406090     0.006286   -0.000033   -0.002037  
 
  44 f  =    2.319220 THz    14.572090 2PiTHz   77.360857 cm-1     9.591520 meV
             X         Y         Z           dx          dy          dz
      1.359359  4.058911  1.882365    -0.000250   -0.008829    0.004718  
      4.075742  1.603531  5.788193    -0.001819    0.008086    0.001758  
      4.126757  1.285466  1.935393    -0.000260   -0.007742    0.009253  
      1.309109  4.377480  5.731473     0.002076    0.009049    0.002596  
     -0.071366  0.016473  5.720456     0.014916    0.020606    0.032750  
      5.467553  5.446800  1.989037     0.003089   -0.004265   -0.048653  
      5.451280  2.797629  5.815926    -0.012903    0.018697   -0.034972  
      5.494869  2.731192  1.967086     0.003658   -0.010836    0.016683  
      1.283347  4.173243  7.675536     0.001200   -0.046464   -0.004512  
      4.050858  1.366592  7.718108    -0.001019    0.047138   -0.000398  
      4.101373  1.410232  3.861672     0.000681   -0.052167   -0.002826  
      1.333865  4.146956  3.819900    -0.000669    0.045540   -0.007266  
      2.784869  5.446789  1.953581    -0.001831   -0.004488   -0.047555  
      2.694323  0.011092  5.756782     0.010703   -0.004522    0.030972  
      2.758136  2.731195  1.930957    -0.004599   -0.011140    0.017794  
      2.695254  2.792248  5.779734    -0.011732   -0.006233   -0.035958  
      4.120486  4.079964  2.406090     0.003759   -0.002104   -0.290366  
 
  45 f  =    2.295788 THz    14.424862 2PiTHz   76.579247 cm-1     9.494612 meV
             X         Y         Z           dx          dy          dz
      1.359359  4.058911  1.882365     0.001346   -0.001847    0.000638  
      4.075742  1.603531  5.788193     0.011640    0.001646    0.000433  
      4.126757  1.285466  1.935393     0.001042   -0.001691    0.001399  
      1.309109  4.377480  5.731473    -0.013905    0.001798    0.000154  
     -0.071366  0.016473  5.720456    -0.087131   -0.081175   -0.003741  
      5.467553  5.446800  1.989037     0.000459   -0.001754   -0.001976  
      5.451280  2.797629  5.815926     0.084217   -0.080635   -0.008850  
      5.494869  2.731192  1.967086     0.002315   -0.002984    0.008255  
      1.283347  4.173243  7.675536    -0.009806   -0.006938   -0.000773  
      4.050858  1.366592  7.718108     0.008509    0.007411    0.000120  
      4.101373  1.410232  3.861672    -0.005949   -0.007748   -0.000495  
      1.333865  4.146956  3.819900     0.007643    0.007193   -0.000997  
      2.784869  5.446789  1.953581     0.000098   -0.000329   -0.012437  
      2.694323  0.011092  5.756782    -0.087878    0.084954    0.011330  
      2.758136  2.731195  1.930957     0.001051   -0.000999   -0.002703  
      2.695254  2.792248  5.779734     0.084048    0.083718    0.000196  
      4.120486  4.079964  2.406090     0.000914   -0.000793   -0.042080  
 
  46 f  =    1.919591 THz    12.061145 2PiTHz   64.030658 cm-1     7.938786 meV
             X         Y         Z           dx          dy          dz
      1.359359  4.058911  1.882365    -0.000316   -0.033672    0.001817  
      4.075742  1.603531  5.788193     0.000168    0.032692   -0.003406  
      4.126757  1.285466  1.935393    -0.000212   -0.034277   -0.005442  
      1.309109  4.377480  5.731473     0.000428    0.032902    0.002660  
     -0.071366  0.016473  5.720456     0.004051    0.031481   -0.008955  
      5.467553  5.446800  1.989037    -0.006497   -0.025761    0.013588  
      5.451280  2.797629  5.815926    -0.003940    0.031657    0.010233  
      5.494869  2.731192  1.967086     0.004574   -0.024273   -0.006949  
      1.283347  4.173243  7.675536     0.000080    0.018155    0.002122  
      4.050858  1.366592  7.718108     0.000023   -0.010284   -0.001674  
      4.101373  1.410232  3.861672     0.000076    0.022037   -0.000280  
      1.333865  4.146956  3.819900    -0.000054   -0.008496    0.003748  
      2.784869  5.446789  1.953581     0.005713   -0.025664    0.013797  
      2.694323  0.011092  5.756782    -0.000862    0.029065   -0.009099  
      2.758136  2.731195  1.930957    -0.004795   -0.024349   -0.006981  
      2.695254  2.792248  5.779734     0.001825    0.029382    0.010233  
      4.120486  4.079964  2.406090    -0.001133   -0.032953    0.066868  
 
  47 f  =    1.897491 THz    11.922289 2PiTHz   63.293494 cm-1     7.847390 meV
             X         Y         Z           dx          dy          dz
      1.359359  4.058911  1.882365     0.000328   -0.002865   -0.035455  
      4.075742  1.603531  5.788193    -0.000385    0.002598    0.037776  
      4.126757  1.285466  1.935393    -0.000604   -0.002774    0.035273  
      1.309109  4.377480  5.731473     0.000652    0.002878   -0.037488  
     -0.071366  0.016473  5.720456     0.000495    0.002752   -0.005780  
      5.467553  5.446800  1.989037    -0.000089   -0.003062    0.003100  
      5.451280  2.797629  5.815926    -0.000314    0.002731    0.005573  
      5.494869  2.731192  1.967086     0.000858   -0.001625   -0.002689  
      1.283347  4.173243  7.675536     0.000249    0.002596   -0.012743  
      4.050858  1.366592  7.718108    -0.000209   -0.001933    0.012308  
      4.101373  1.410232  3.861672    -0.000078    0.003807    0.010915  
      1.333865  4.146956  3.819900     0.000098   -0.002923   -0.011059  
      2.784869  5.446789  1.953581    -0.000219   -0.002999    0.003175  
      2.694323  0.011092  5.756782     0.000259    0.002384   -0.005887  
      2.758136  2.731195  1.930957    -0.000965   -0.001637   -0.002610  
      2.695254  2.792248  5.779734     0.000097    0.002448    0.005505  
      4.120486  4.079964  2.406090    -0.000237   -0.003679    0.009002  
 
  48 f  =    1.747787 THz    10.981673 2PiTHz   58.299915 cm-1     7.228265 meV
             X         Y         Z           dx          dy          dz
      1.359359  4.058911  1.882365     0.035027   -0.000290    0.000340  
      4.075742  1.603531  5.788193    -0.034110    0.000254   -0.000329  
      4.126757  1.285466  1.935393     0.034699   -0.000290    0.000543  
      1.309109  4.377480  5.731473    -0.033176    0.000251   -0.000559  
     -0.071366  0.016473  5.720456    -0.030401   -0.002465    0.005823  
      5.467553  5.446800  1.989037     0.026676    0.005811   -0.006371  
      5.451280  2.797629  5.815926    -0.034869    0.007048    0.006197  
      5.494869  2.731192  1.967086     0.025918   -0.005324   -0.006571  
      1.283347  4.173243  7.675536     0.006160    0.000162    0.000048  
      4.050858  1.366592  7.718108    -0.012775   -0.000149   -0.000145  
      4.101373  1.410232  3.861672     0.004678    0.000236    0.000095  
      1.333865  4.146956  3.819900    -0.015604   -0.000150   -0.000223  
      2.784869  5.446789  1.953581     0.026590   -0.006275    0.007355  
      2.694323  0.011092  5.756782    -0.030315    0.002981   -0.006878  
      2.758136  2.731195  1.930957     0.025649    0.004881    0.007013  
      2.695254  2.792248  5.779734    -0.034622   -0.006560   -0.006848  
      4.120486  4.079964  2.406090     0.033053   -0.000298    0.000927  
 
  49 fi =    0.005652 THz     0.035510 2PiTHz    0.188517 cm-1     0.023373 meV
             X         Y         Z           dx          dy          dz
      1.359359  4.058911  1.882365    -0.015286    0.026574    0.011421  
      4.075742  1.603531  5.788193    -0.015293    0.026573    0.011387  
      4.126757  1.285466  1.935393    -0.015284    0.026575    0.011400  
      1.309109  4.377480  5.731473    -0.015300    0.026578    0.011428  
     -0.071366  0.016473  5.720456    -0.015304    0.026576    0.011582  
      5.467553  5.446800  1.989037    -0.015277    0.026580    0.011256  
      5.451280  2.797629  5.815926    -0.015298    0.026580    0.011358  
      5.494869  2.731192  1.967086    -0.015290    0.026576    0.011443  
      1.283347  4.173243  7.675536    -0.015218    0.026421    0.011403  
      4.050858  1.366592  7.718108    -0.015362    0.026726    0.011420  
      4.101373  1.410232  3.861672    -0.015206    0.026402    0.011411  
      1.333865  4.146956  3.819900    -0.015379    0.026712    0.011404  
      2.784869  5.446789  1.953581    -0.015272    0.026556    0.011360  
      2.694323  0.011092  5.756782    -0.015317    0.026600    0.011496  
      2.758136  2.731195  1.930957    -0.015303    0.026572    0.011542  
      2.695254  2.792248  5.779734    -0.015282    0.026585    0.011236  
      4.120486  4.079964  2.406090    -0.015276    0.026590    0.011249  
 
  50 fi =    0.006113 THz     0.038408 2PiTHz    0.203903 cm-1     0.025281 meV
             X         Y         Z           dx          dy          dz
      1.359359  4.058911  1.882365    -0.022060   -0.019085    0.014922  
      4.075742  1.603531  5.788193    -0.022022   -0.019042    0.014805  
      4.126757  1.285466  1.935393    -0.022056   -0.019080    0.014804  
      1.309109  4.377480  5.731473    -0.022027   -0.019049    0.014920  
     -0.071366  0.016473  5.720456    -0.021997   -0.019014    0.014903  
      5.467553  5.446800  1.989037    -0.022040   -0.019063    0.014842  
      5.451280  2.797629  5.815926    -0.022037   -0.019031    0.014995  
      5.494869  2.731192  1.967086    -0.022070   -0.019078    0.014754  
      1.283347  4.173243  7.675536    -0.021928   -0.019005    0.014900  
      4.050858  1.366592  7.718108    -0.022150   -0.019116    0.014840  
      4.101373  1.410232  3.861672    -0.021915   -0.018976    0.014847  
      1.333865  4.146956  3.819900    -0.022180   -0.019164    0.014904  
      2.784869  5.446789  1.953581    -0.022045   -0.019090    0.014999  
      2.694323  0.011092  5.756782    -0.022014   -0.019051    0.014718  
      2.758136  2.731195  1.930957    -0.022070   -0.019093    0.014909  
      2.695254  2.792248  5.779734    -0.022024   -0.019047    0.014850  
      4.120486  4.079964  2.406090    -0.022052   -0.019092    0.014978  
 
  51 fi =    0.006536 THz     0.041069 2PiTHz    0.218029 cm-1     0.027032 meV
             X         Y         Z           dx          dy          dz
      1.359359  4.058911  1.882365    -0.018735    0.000749   -0.026891  
      4.075742  1.603531  5.788193    -0.018712    0.000726   -0.026730  
      4.126757  1.285466  1.935393    -0.018736    0.000742   -0.026739  
      1.309109  4.377480  5.731473    -0.018713    0.000731   -0.026892  
     -0.071366  0.016473  5.720456    -0.018696    0.000747   -0.026757  
      5.467553  5.446800  1.989037    -0.018722    0.000756   -0.026888  
      5.451280  2.797629  5.815926    -0.018720    0.000737   -0.026696  
      5.494869  2.731192  1.967086    -0.018746    0.000754   -0.026934  
      1.283347  4.173243  7.675536    -0.018598    0.000788   -0.026848  
      4.050858  1.366592  7.718108    -0.018852    0.000673   -0.026800  
      4.101373  1.410232  3.861672    -0.018586    0.000771   -0.026793  
      1.333865  4.146956  3.819900    -0.018878    0.000743   -0.026859  
      2.784869  5.446789  1.953581    -0.018722    0.000731   -0.026713  
      2.694323  0.011092  5.756782    -0.018681    0.000694   -0.026950  
      2.758136  2.731195  1.930957    -0.018747    0.000744   -0.026757  
      2.695254  2.792248  5.779734    -0.018711    0.000731   -0.026889  
      4.120486  4.079964  2.406090    -0.018725    0.000740   -0.026827  
 
