 Eigenvectors and eigenvalues of the dynamical matrix
 ----------------------------------------------------
 
 
   1 f  =   30.568879 THz   192.069933 2PiTHz 1019.668055 cm-1   126.422669 meV
             X         Y         Z           dx          dy          dz
      1.637819  0.945297  0.053204     0.029313   -0.000000   -0.000046  
     13.868318  2.835890  0.034091    -0.000448   -0.000000    0.000001  
      5.849558  2.835890  1.952831    -0.026496    0.000000    0.000042  
      8.821976  0.945297  1.948217    -0.000541    0.000000    0.000001  
      1.013496  2.835890  0.054389    -0.005590   -0.000005    0.000009  
     14.297113  0.945297  0.033432     0.001845    0.000004   -0.000002  
      6.459543  0.945297  1.951983     0.004363   -0.000003   -0.000006  
      8.427377  2.835890  1.948879    -0.001750    0.000002    0.000003  
      1.364543  0.945297  1.959800    -0.001589   -0.000000    0.000011  
     13.988087  2.835890  1.939935    -0.000011    0.000004   -0.000000  
      6.127677  2.835890  0.046475     0.001291    0.000000    0.000004  
      8.621031  0.945297  0.042535     0.000038    0.000003   -0.000000  
      3.328255  0.945297  0.050658    -0.170640   -0.000010    0.000258  
     12.100321  2.835890  0.036844     0.003161    0.000003   -0.000005  
      4.159435  2.835890  1.955623     0.154688   -0.000001   -0.000269  
     10.584933  0.945297  1.945449     0.004041    0.000000   -0.000006  
     11.454511  2.835890  1.943745    -0.001823    0.000000    0.000004  
 
   2 f  =   29.507175 THz   185.399050 2PiTHz  984.253424 cm-1   122.031817 meV
             X         Y         Z           dx          dy          dz
      1.637819  0.945297  0.053204    -0.025843    0.000000    0.000038  
     13.868318  2.835890  0.034091     0.000885   -0.000000   -0.000001  
      5.849558  2.835890  1.952831    -0.027845   -0.000000    0.000045  
      8.821976  0.945297  1.948217     0.004419   -0.000000   -0.000007  
      1.013496  2.835890  0.054389     0.003293    0.000002   -0.000001  
     14.297113  0.945297  0.033432    -0.002310   -0.000003    0.000004  
      6.459543  0.945297  1.951983    -0.002045    0.000001    0.000002  
      8.427377  2.835890  1.948879    -0.007029    0.000002    0.000011  
      1.364543  0.945297  1.959800    -0.000539    0.000001    0.000003  
     13.988087  2.835890  1.939935    -0.000030   -0.000001    0.000001  
      6.127677  2.835890  0.046475    -0.002422   -0.000001    0.000009  
      8.621031  0.945297  0.042535    -0.002188   -0.000000    0.000005  
      3.328255  0.945297  0.050658     0.154187    0.000004   -0.000230  
     12.100321  2.835890  0.036844    -0.005448   -0.000005    0.000009  
      4.159435  2.835890  1.955623     0.171718   -0.000001   -0.000295  
     10.584933  0.945297  1.945449    -0.018655    0.000002    0.000027  
     11.454511  2.835890  1.943745     0.003540    0.000001   -0.000005  
 
   3 f  =   26.860813 THz   168.771463 2PiTHz  895.980264 cm-1   111.087345 meV
             X         Y         Z           dx          dy          dz
      1.637819  0.945297  0.053204     0.001216   -0.000001   -0.000002  
     13.868318  2.835890  0.034091    -0.023863    0.000000    0.000037  
      5.849558  2.835890  1.952831     0.000989    0.000000   -0.000001  
      8.821976  0.945297  1.948217     0.029703    0.000000   -0.000047  
      1.013496  2.835890  0.054389    -0.000717    0.000004    0.000002  
     14.297113  0.945297  0.033432     0.006216    0.000002   -0.000011  
      6.459543  0.945297  1.951983     0.005027   -0.000002   -0.000008  
      8.427377  2.835890  1.948879    -0.003855    0.000002    0.000005  
      1.364543  0.945297  1.959800     0.001023    0.000000   -0.000002  
     13.988087  2.835890  1.939935     0.002543   -0.000006   -0.000007  
      6.127677  2.835890  0.046475     0.000616    0.000004   -0.000002  
      8.621031  0.945297  0.042535    -0.000904   -0.000005    0.000005  
      3.328255  0.945297  0.050658    -0.009223    0.000009    0.000014  
     12.100321  2.835890  0.036844     0.142569   -0.000012   -0.000204  
      4.159435  2.835890  1.955623    -0.008769   -0.000000    0.000016  
     10.584933  0.945297  1.945449    -0.182220    0.000001    0.000271  
     11.454511  2.835890  1.943745    -0.001145   -0.000002    0.000006  
 
   4 f  =   24.615868 THz   154.666063 2PiTHz  821.096990 cm-1   101.803006 meV
             X         Y         Z           dx          dy          dz
      1.637819  0.945297  0.053204     0.000139    0.000001    0.000003  
     13.868318  2.835890  0.034091    -0.026699   -0.000001    0.000041  
      5.849558  2.835890  1.952831    -0.000828   -0.000000    0.000001  
      8.821976  0.945297  1.948217    -0.022855    0.000001    0.000035  
      1.013496  2.835890  0.054389    -0.021071   -0.000017    0.000034  
     14.297113  0.945297  0.033432    -0.007064    0.000019    0.000015  
      6.459543  0.945297  1.951983    -0.007379    0.000006    0.000009  
      8.427377  2.835890  1.948879     0.001039   -0.000009   -0.000002  
      1.364543  0.945297  1.959800    -0.005701    0.000005   -0.000014  
     13.988087  2.835890  1.939935    -0.006945   -0.000004    0.000008  
      6.127677  2.835890  0.046475    -0.001126   -0.000004    0.000003  
      8.621031  0.945297  0.042535    -0.002342    0.000007   -0.000000  
      3.328255  0.945297  0.050658     0.017508    0.000002   -0.000028  
     12.100321  2.835890  0.036844     0.184668   -0.000007   -0.000265  
      4.159435  2.835890  1.955623     0.009378   -0.000003   -0.000018  
     10.584933  0.945297  1.945449     0.141254    0.000000   -0.000209  
     11.454511  2.835890  1.943745    -0.002443   -0.000003    0.000007  
 
   5 f  =   18.774798 THz   117.965535 2PiTHz  626.259849 cm-1    77.646290 meV
             X         Y         Z           dx          dy          dz
      1.637819  0.945297  0.053204     0.000001    0.000084    0.000000  
     13.868318  2.835890  0.034091     0.000002   -0.000080   -0.000000  
      5.849558  2.835890  1.952831     0.000002   -0.009232   -0.000000  
      8.821976  0.945297  1.948217     0.000002    0.010866    0.000000  
      1.013496  2.835890  0.054389     0.000002   -0.001372    0.000000  
     14.297113  0.945297  0.033432    -0.000001    0.001598   -0.000000  
      6.459543  0.945297  1.951983    -0.000003    0.139237   -0.000000  
      8.427377  2.835890  1.948879    -0.000009   -0.188756    0.000000  
      1.364543  0.945297  1.959800    -0.000001    0.000461   -0.000000  
     13.988087  2.835890  1.939935     0.000000   -0.000535    0.000000  
      6.127677  2.835890  0.046475    -0.000005   -0.043658    0.000000  
      8.621031  0.945297  0.042535     0.000000    0.063410   -0.000000  
      3.328255  0.945297  0.050658    -0.000002   -0.000022    0.000000  
     12.100321  2.835890  0.036844    -0.000007   -0.000623   -0.000000  
      4.159435  2.835890  1.955623     0.000003    0.002206   -0.000000  
     10.584933  0.945297  1.945449    -0.000010    0.018107    0.000000  
     11.454511  2.835890  1.943745    -0.000004    0.000272    0.000000  
 
   6 f  =   18.643437 THz   117.140169 2PiTHz  621.878116 cm-1    77.103025 meV
             X         Y         Z           dx          dy          dz
      1.637819  0.945297  0.053204     0.000002    0.009883    0.000000  
     13.868318  2.835890  0.034091     0.000006   -0.010229   -0.000000  
      5.849558  2.835890  1.952831     0.000000    0.000089    0.000000  
      8.821976  0.945297  1.948217     0.000003   -0.000112   -0.000000  
      1.013496  2.835890  0.054389    -0.000002   -0.152318    0.000000  
     14.297113  0.945297  0.033432    -0.000021    0.179622   -0.000001  
      6.459543  0.945297  1.951983     0.000007   -0.001260   -0.000000  
      8.427377  2.835890  1.948879     0.000001    0.001756   -0.000000  
      1.364543  0.945297  1.959800    -0.000005    0.048188   -0.000000  
     13.988087  2.835890  1.939935    -0.000006   -0.057238    0.000002  
      6.127677  2.835890  0.046475     0.000001    0.000364    0.000000  
      8.621031  0.945297  0.042535    -0.000001   -0.000575   -0.000000  
      3.328255  0.945297  0.050658     0.000006   -0.002562    0.000000  
     12.100321  2.835890  0.036844    -0.000017   -0.014527   -0.000001  
      4.159435  2.835890  1.955623    -0.000002   -0.000007    0.000000  
     10.584933  0.945297  1.945449    -0.000016    0.000182    0.000000  
     11.454511  2.835890  1.943745    -0.000014    0.001370    0.000000  
 
   7 f  =   18.302252 THz   114.996439 2PiTHz  610.497402 cm-1    75.691997 meV
             X         Y         Z           dx          dy          dz
      1.637819  0.945297  0.053204     0.000000    0.000000    0.000049  
     13.868318  2.835890  0.034091     0.000019   -0.000000    0.011040  
      5.849558  2.835890  1.952831    -0.000000   -0.000000    0.000001  
      8.821976  0.945297  1.948217    -0.000001    0.000000   -0.000020  
      1.013496  2.835890  0.054389     0.000030   -0.000002    0.022741  
     14.297113  0.945297  0.033432     0.000116    0.000002    0.080923  
      6.459543  0.945297  1.951983    -0.000003    0.000000   -0.000166  
      8.427377  2.835890  1.948879    -0.000003   -0.000000   -0.000476  
      1.364543  0.945297  1.959800    -0.000032    0.000001   -0.014758  
     13.988087  2.835890  1.939935    -0.000274   -0.000000   -0.222144  
      6.127677  2.835890  0.046475    -0.000003   -0.000000    0.000142  
      8.621031  0.945297  0.042535    -0.000001    0.000000    0.001160  
      3.328255  0.945297  0.050658     0.000003   -0.000000    0.001985  
     12.100321  2.835890  0.036844     0.000098   -0.000000    0.071225  
      4.159435  2.835890  1.955623    -0.000000    0.000000   -0.000094  
     10.584933  0.945297  1.945449    -0.000004    0.000000   -0.002078  
     11.454511  2.835890  1.943745    -0.000012    0.000000   -0.011177  
 
   8 f  =   16.772597 THz   105.385336 2PiTHz  559.473617 cm-1    69.365857 meV
             X         Y         Z           dx          dy          dz
      1.637819  0.945297  0.053204     0.000000   -0.000000    0.000002  
     13.868318  2.835890  0.034091    -0.000000    0.000000   -0.000130  
      5.849558  2.835890  1.952831     0.000003   -0.000000   -0.001164  
      8.821976  0.945297  1.948217    -0.000011   -0.000000   -0.005489  
      1.013496  2.835890  0.054389     0.000004    0.000000    0.000022  
     14.297113  0.945297  0.033432     0.000001   -0.000000   -0.000740  
      6.459543  0.945297  1.951983    -0.000113    0.000005   -0.055274  
      8.427377  2.835890  1.948879    -0.000165    0.000003   -0.103955  
      1.364543  0.945297  1.959800     0.000005    0.000000   -0.000353  
     13.988087  2.835890  1.939935     0.000004    0.000000    0.001808  
      6.127677  2.835890  0.046475     0.000082   -0.000002    0.059514  
      8.621031  0.945297  0.042535     0.000302   -0.000002    0.203873  
      3.328255  0.945297  0.050658    -0.000001    0.000000    0.000661  
     12.100321  2.835890  0.036844     0.000001    0.000000    0.000876  
      4.159435  2.835890  1.955623    -0.000017    0.000000   -0.011073  
     10.584933  0.945297  1.945449    -0.000083   -0.000000   -0.056623  
     11.454511  2.835890  1.943745     0.000007    0.000000    0.004521  
 
   9 f  =   16.462642 THz   103.437830 2PiTHz  549.134624 cm-1    68.083986 meV
             X         Y         Z           dx          dy          dz
      1.637819  0.945297  0.053204    -0.000000   -0.000187   -0.000000  
     13.868318  2.835890  0.034091     0.000000   -0.000121   -0.000000  
      5.849558  2.835890  1.952831    -0.000002    0.016070    0.000000  
      8.821976  0.945297  1.948217     0.000001    0.009206   -0.000000  
      1.013496  2.835890  0.054389    -0.000002    0.002305   -0.000000  
     14.297113  0.945297  0.033432     0.000002    0.001904   -0.000000  
      6.459543  0.945297  1.951983     0.000013   -0.180909   -0.000000  
      8.427377  2.835890  1.948879    -0.000006   -0.130395   -0.000003  
      1.364543  0.945297  1.959800    -0.000001   -0.001072    0.000000  
     13.988087  2.835890  1.939935     0.000000   -0.000902    0.000000  
      6.127677  2.835890  0.046475     0.000001    0.079494    0.000000  
      8.621031  0.945297  0.042535    -0.000001    0.061941    0.000005  
      3.328255  0.945297  0.050658     0.000003    0.000075   -0.000000  
     12.100321  2.835890  0.036844    -0.000001   -0.001020    0.000000  
      4.159435  2.835890  1.955623    -0.000002   -0.003662    0.000000  
     10.584933  0.945297  1.945449     0.000000    0.023025   -0.000002  
     11.454511  2.835890  1.943745     0.000005   -0.001216    0.000000  
 
  10 f  =   16.210171 THz   101.851509 2PiTHz  540.713104 cm-1    67.039850 meV
             X         Y         Z           dx          dy          dz
      1.637819  0.945297  0.053204     0.000003    0.015075    0.000000  
     13.868318  2.835890  0.034091    -0.000001    0.010437   -0.000000  
      5.849558  2.835890  1.952831     0.000000    0.000237   -0.000000  
      8.821976  0.945297  1.948217     0.000001    0.000155   -0.000000  
      1.013496  2.835890  0.054389    -0.000015   -0.170290    0.000003  
     14.297113  0.945297  0.033432     0.000005   -0.143193    0.000000  
      6.459543  0.945297  1.951983     0.000002   -0.002474   -0.000000  
      8.427377  2.835890  1.948879    -0.000001   -0.001847   -0.000000  
      1.364543  0.945297  1.959800    -0.000004    0.076954   -0.000004  
     13.988087  2.835890  1.939935    -0.000000    0.068003    0.000001  
      6.127677  2.835890  0.046475    -0.000002    0.001062    0.000000  
      8.621031  0.945297  0.042535    -0.000001    0.000882    0.000000  
      3.328255  0.945297  0.050658     0.000005   -0.003435    0.000001  
     12.100321  2.835890  0.036844     0.000001    0.020217   -0.000001  
      4.159435  2.835890  1.955623    -0.000003   -0.000005   -0.000000  
     10.584933  0.945297  1.945449    -0.000005   -0.000248    0.000000  
     11.454511  2.835890  1.943745    -0.000012   -0.002328    0.000000  
 
  11 f  =   15.855536 THz    99.623274 2PiTHz  528.883768 cm-1    65.573200 meV
             X         Y         Z           dx          dy          dz
      1.637819  0.945297  0.053204     0.000026   -0.000000    0.005738  
     13.868318  2.835890  0.034091    -0.000003   -0.000000   -0.001960  
      5.849558  2.835890  1.952831     0.000001    0.000000   -0.000758  
      8.821976  0.945297  1.948217     0.000005    0.000000    0.000376  
      1.013496  2.835890  0.054389     0.000113    0.000004    0.121197  
     14.297113  0.945297  0.033432     0.000046    0.000003    0.006410  
      6.459543  0.945297  1.951983    -0.000033   -0.000000   -0.015969  
      8.427377  2.835890  1.948879     0.000005   -0.000000    0.003922  
      1.364543  0.945297  1.959800    -0.000400   -0.000001   -0.207584  
     13.988087  2.835890  1.939935     0.000042   -0.000001    0.023359  
      6.127677  2.835890  0.046475     0.000040    0.000000    0.028258  
      8.621031  0.945297  0.042535    -0.000012    0.000000   -0.010634  
      3.328255  0.945297  0.050658     0.000086    0.000000    0.048790  
     12.100321  2.835890  0.036844    -0.000046   -0.000000   -0.015122  
      4.159435  2.835890  1.955623    -0.000013    0.000000   -0.009414  
     10.584933  0.945297  1.945449    -0.000007    0.000000    0.004069  
     11.454511  2.835890  1.943745    -0.000029    0.000000    0.005269  
 
  12 f  =   15.734691 THz    98.863981 2PiTHz  524.852808 cm-1    65.073425 meV
             X         Y         Z           dx          dy          dz
      1.637819  0.945297  0.053204     0.000006   -0.000000    0.000894  
     13.868318  2.835890  0.034091     0.000000   -0.000000   -0.000333  
      5.849558  2.835890  1.952831    -0.000001   -0.000000    0.005692  
      8.821976  0.945297  1.948217    -0.000001   -0.000000   -0.002526  
      1.013496  2.835890  0.054389     0.000010    0.000000    0.017935  
     14.297113  0.945297  0.033432     0.000004    0.000000    0.000765  
      6.459543  0.945297  1.951983     0.000228    0.000002    0.114292  
      8.427377  2.835890  1.948879    -0.000065    0.000001   -0.025903  
      1.364543  0.945297  1.959800    -0.000064   -0.000000   -0.030411  
     13.988087  2.835890  1.939935     0.000004   -0.000000    0.003885  
      6.127677  2.835890  0.046475    -0.000282   -0.000000   -0.198755  
      8.621031  0.945297  0.042535     0.000086   -0.000001    0.071072  
      3.328255  0.945297  0.050658     0.000010    0.000000    0.004304  
     12.100321  2.835890  0.036844    -0.000005   -0.000000   -0.001722  
      4.159435  2.835890  1.955623     0.000076   -0.000000    0.045552  
     10.584933  0.945297  1.945449    -0.000031   -0.000000   -0.024716  
     11.454511  2.835890  1.943745    -0.000009    0.000000    0.003001  
 
  13 f  =   13.029944 THz    81.869553 2PiTHz  434.632151 cm-1    53.887495 meV
             X         Y         Z           dx          dy          dz
      1.637819  0.945297  0.053204     0.027198    0.000000   -0.000046  
     13.868318  2.835890  0.034091     0.000236   -0.000003    0.000002  
      5.849558  2.835890  1.952831    -0.017686    0.000002    0.000025  
      8.821976  0.945297  1.948217     0.010745    0.000002   -0.000015  
      1.013496  2.835890  0.054389    -0.159906    0.000005    0.000230  
     14.297113  0.945297  0.033432     0.036178    0.000006   -0.000082  
      6.459543  0.945297  1.951983     0.110133   -0.000003   -0.000175  
      8.427377  2.835890  1.948879    -0.049234   -0.000004    0.000058  
      1.364543  0.945297  1.959800    -0.078281   -0.000038    0.000222  
     13.988087  2.835890  1.939935     0.025296    0.000005   -0.000060  
      6.127677  2.835890  0.046475     0.050363   -0.000031   -0.000020  
      8.621031  0.945297  0.042535    -0.038558   -0.000015    0.000054  
      3.328255  0.945297  0.050658     0.034655   -0.000013   -0.000084  
     12.100321  2.835890  0.036844    -0.013371    0.000013   -0.000024  
      4.159435  2.835890  1.955623    -0.021870    0.000000    0.000035  
     10.584933  0.945297  1.945449     0.006039   -0.000026   -0.000006  
     11.454511  2.835890  1.943745    -0.056090   -0.000007    0.000171  
 
  14 f  =   12.877847 THz    80.913900 2PiTHz  429.558744 cm-1    53.258473 meV
             X         Y         Z           dx          dy          dz
      1.637819  0.945297  0.053204    -0.018239    0.000001    0.000028  
     13.868318  2.835890  0.034091     0.011796   -0.000001   -0.000020  
      5.849558  2.835890  1.952831    -0.021864    0.000002    0.000031  
      8.821976  0.945297  1.948217     0.014732    0.000001   -0.000021  
      1.013496  2.835890  0.054389     0.107247    0.000001   -0.000153  
     14.297113  0.945297  0.033432    -0.065698   -0.000009    0.000152  
      6.459543  0.945297  1.951983     0.131714    0.000001   -0.000202  
      8.427377  2.835890  1.948879    -0.079156    0.000001    0.000100  
      1.364543  0.945297  1.959800     0.052990    0.000005   -0.000149  
     13.988087  2.835890  1.939935    -0.049901    0.000012    0.000078  
      6.127677  2.835890  0.046475     0.063286   -0.000020   -0.000038  
      8.621031  0.945297  0.042535    -0.066763   -0.000006    0.000095  
      3.328255  0.945297  0.050658    -0.019448    0.000011    0.000046  
     12.100321  2.835890  0.036844     0.019775   -0.000002   -0.000037  
      4.159435  2.835890  1.955623    -0.023782   -0.000008    0.000030  
     10.584933  0.945297  1.945449     0.024170   -0.000017   -0.000020  
     11.454511  2.835890  1.943745    -0.029875    0.000002    0.000071  
 
  15 f  =   12.148636 THz    76.332129 2PiTHz  405.234866 cm-1    50.242697 meV
             X         Y         Z           dx          dy          dz
      1.637819  0.945297  0.053204    -0.010201    0.000000    0.000019  
     13.868318  2.835890  0.034091    -0.041854    0.000012    0.000063  
      5.849558  2.835890  1.952831    -0.008725    0.000001    0.000012  
      8.821976  0.945297  1.948217    -0.004146   -0.000001    0.000005  
      1.013496  2.835890  0.054389     0.052962   -0.000016   -0.000089  
     14.297113  0.945297  0.033432     0.129553   -0.000016   -0.000374  
      6.459543  0.945297  1.951983     0.046012    0.000003   -0.000063  
      8.427377  2.835890  1.948879    -0.016227    0.000002    0.000018  
      1.364543  0.945297  1.959800     0.020169    0.000031   -0.000078  
     13.988087  2.835890  1.939935     0.105005   -0.000083   -0.000077  
      6.127677  2.835890  0.046475     0.025999   -0.000015   -0.000022  
      8.621031  0.945297  0.042535    -0.021215   -0.000001    0.000040  
      3.328255  0.945297  0.050658    -0.009056    0.000006    0.000040  
     12.100321  2.835890  0.036844    -0.029648   -0.000060    0.000369  
      4.159435  2.835890  1.955623    -0.008056   -0.000006    0.000026  
     10.584933  0.945297  1.945449     0.012854    0.000022    0.000005  
     11.454511  2.835890  1.943745     0.185602   -0.000000   -0.001035  
 
  16 f  =   11.897173 THz    74.752142 2PiTHz  396.846973 cm-1    49.202732 meV
             X         Y         Z           dx          dy          dz
      1.637819  0.945297  0.053204    -0.000038   -0.000000   -0.000565  
     13.868318  2.835890  0.034091    -0.000115   -0.000000    0.003219  
      5.849558  2.835890  1.952831    -0.000010   -0.000000   -0.000055  
      8.821976  0.945297  1.948217    -0.000003   -0.000000    0.001056  
      1.013496  2.835890  0.054389     0.000192    0.000000    0.006435  
     14.297113  0.945297  0.033432     0.000384    0.000000    0.036198  
      6.459543  0.945297  1.951983     0.000047    0.000000   -0.000112  
      8.427377  2.835890  1.948879    -0.000037    0.000000   -0.000286  
      1.364543  0.945297  1.959800     0.000116    0.000000    0.012571  
     13.988087  2.835890  1.939935     0.000255    0.000000   -0.041233  
      6.127677  2.835890  0.046475     0.000043    0.000000    0.000521  
      8.621031  0.945297  0.042535    -0.000050    0.000000   -0.001982  
      3.328255  0.945297  0.050658    -0.000047    0.000000   -0.007612  
     12.100321  2.835890  0.036844    -0.000305    0.000001   -0.152254  
      4.159435  2.835890  1.955623    -0.000006    0.000000    0.000957  
     10.584933  0.945297  1.945449     0.000041    0.000000   -0.001081  
     11.454511  2.835890  1.943745     0.000756   -0.000000    0.286543  
 
  17 f  =   10.796840 THz    67.838549 2PiTHz  360.143828 cm-1    44.652124 meV
             X         Y         Z           dx          dy          dz
      1.637819  0.945297  0.053204    -0.000864    0.000002    0.000011  
     13.868318  2.835890  0.034091    -0.005897   -0.000000    0.000014  
      5.849558  2.835890  1.952831     0.020564    0.000002   -0.000022  
      8.821976  0.945297  1.948217     0.040634    0.000004   -0.000065  
      1.013496  2.835890  0.054389     0.001625   -0.000003   -0.000043  
     14.297113  0.945297  0.033432     0.041786   -0.000001   -0.000141  
      6.459543  0.945297  1.951983    -0.104329   -0.000002    0.000119  
      8.427377  2.835890  1.948879    -0.117437   -0.000012    0.000184  
      1.364543  0.945297  1.959800     0.004021   -0.000005   -0.000017  
     13.988087  2.835890  1.939935     0.015693   -0.000017   -0.000035  
      6.127677  2.835890  0.046475    -0.048454    0.000021    0.000030  
      8.621031  0.945297  0.042535    -0.128516   -0.000055    0.000195  
      3.328255  0.945297  0.050658    -0.006613   -0.000003    0.000012  
     12.100321  2.835890  0.036844    -0.008448   -0.000010    0.000052  
      4.159435  2.835890  1.955623     0.015964   -0.000015   -0.000054  
     10.584933  0.945297  1.945449     0.039880    0.000009    0.000020  
     11.454511  2.835890  1.943745    -0.073067   -0.000023    0.000047  
 
  18 f  =   10.087340 THz    63.380629 2PiTHz  336.477458 cm-1    41.717869 meV
             X         Y         Z           dx          dy          dz
      1.637819  0.945297  0.053204     0.000008   -0.021914    0.000000  
     13.868318  2.835890  0.034091     0.000016    0.026946   -0.000000  
      5.849558  2.835890  1.952831     0.000008    0.024066   -0.000000  
      8.821976  0.945297  1.948217     0.000002   -0.011893    0.000000  
      1.013496  2.835890  0.054389    -0.000025    0.018934   -0.000000  
     14.297113  0.945297  0.033432    -0.000031   -0.037991    0.000001  
      6.459543  0.945297  1.951983     0.000011   -0.022093    0.000000  
      8.427377  2.835890  1.948879     0.000002    0.016351   -0.000000  
      1.364543  0.945297  1.959800    -0.000037    0.101242   -0.000000  
     13.988087  2.835890  1.939935    -0.000050   -0.129032    0.000000  
      6.127677  2.835890  0.046475    -0.000056   -0.098731    0.000000  
      8.621031  0.945297  0.042535    -0.000013    0.057508   -0.000000  
      3.328255  0.945297  0.050658     0.000002    0.055828   -0.000001  
     12.100321  2.835890  0.036844     0.000005   -0.035602   -0.000000  
      4.159435  2.835890  1.955623     0.000007   -0.058658    0.000001  
     10.584933  0.945297  1.945449    -0.000001    0.022891   -0.000000  
     11.454511  2.835890  1.943745    -0.000043    0.013923    0.000001  
 
  19 f  =   10.007515 THz    62.879070 2PiTHz  333.814763 cm-1    41.387737 meV
             X         Y         Z           dx          dy          dz
      1.637819  0.945297  0.053204     0.000003   -0.005734    0.000000  
     13.868318  2.835890  0.034091     0.000009    0.027107   -0.000000  
      5.849558  2.835890  1.952831    -0.000007   -0.029143    0.000000  
      8.821976  0.945297  1.948217    -0.000004    0.018798   -0.000000  
      1.013496  2.835890  0.054389    -0.000011    0.004629   -0.000000  
     14.297113  0.945297  0.033432    -0.000005   -0.038273    0.000002  
      6.459543  0.945297  1.951983    -0.000004    0.027402   -0.000001  
      8.427377  2.835890  1.948879    -0.000003   -0.026848    0.000001  
      1.364543  0.945297  1.959800    -0.000015    0.041932   -0.000000  
     13.988087  2.835890  1.939935    -0.000044   -0.125055    0.000000  
      6.127677  2.835890  0.046475     0.000055    0.124827   -0.000000  
      8.621031  0.945297  0.042535     0.000042   -0.090688    0.000000  
      3.328255  0.945297  0.050658     0.000001    0.002135   -0.000000  
     12.100321  2.835890  0.036844     0.000005   -0.027645   -0.000000  
      4.159435  2.835890  1.955623    -0.000004    0.058840   -0.000000  
     10.584933  0.945297  1.945449     0.000003   -0.037344    0.000000  
     11.454511  2.835890  1.943745    -0.000061    0.045284    0.000000  
 
  20 f  =    9.719702 THz    61.070689 2PiTHz  324.214360 cm-1    40.197439 meV
             X         Y         Z           dx          dy          dz
      1.637819  0.945297  0.053204    -0.000004    0.034250   -0.000000  
     13.868318  2.835890  0.034091     0.000006    0.022209   -0.000000  
      5.849558  2.835890  1.952831    -0.000005   -0.010833    0.000000  
      8.821976  0.945297  1.948217     0.000004   -0.028035    0.000000  
      1.013496  2.835890  0.054389    -0.000034   -0.033440    0.000000  
     14.297113  0.945297  0.033432    -0.000000   -0.031670    0.000001  
      6.459543  0.945297  1.951983    -0.000021    0.009695    0.000000  
      8.427377  2.835890  1.948879     0.000001    0.039082   -0.000001  
      1.364543  0.945297  1.959800     0.000074   -0.113275    0.000000  
     13.988087  2.835890  1.939935    -0.000024   -0.082311    0.000000  
      6.127677  2.835890  0.046475     0.000035    0.018549   -0.000000  
      8.621031  0.945297  0.042535    -0.000015    0.110446   -0.000000  
      3.328255  0.945297  0.050658    -0.000001   -0.077009    0.000001  
     12.100321  2.835890  0.036844     0.000004   -0.031742    0.000000  
      4.159435  2.835890  1.955623    -0.000007    0.037196   -0.000001  
     10.584933  0.945297  1.945449    -0.000000    0.053264   -0.000001  
     11.454511  2.835890  1.943745    -0.000053   -0.009798    0.000000  
 
  21 f  =    9.580692 THz    60.197262 2PiTHz  319.577480 cm-1    39.622540 meV
             X         Y         Z           dx          dy          dz
      1.637819  0.945297  0.053204     0.000006   -0.027984    0.000000  
     13.868318  2.835890  0.034091    -0.000001   -0.013240    0.000000  
      5.849558  2.835890  1.952831    -0.000003   -0.030622    0.000000  
      8.821976  0.945297  1.948217     0.000010   -0.029544    0.000000  
      1.013496  2.835890  0.054389    -0.000003    0.027905   -0.000000  
     14.297113  0.945297  0.033432    -0.000010    0.018497   -0.000000  
      6.459543  0.945297  1.951983     0.000004    0.030026   -0.000000  
      8.427377  2.835890  1.948879     0.000001    0.041379   -0.000000  
      1.364543  0.945297  1.959800    -0.000055    0.098004    0.000000  
     13.988087  2.835890  1.939935     0.000015    0.047779    0.000000  
      6.127677  2.835890  0.046475     0.000023    0.094994    0.000000  
      8.621031  0.945297  0.042535    -0.000059    0.107558   -0.000000  
      3.328255  0.945297  0.050658     0.000005    0.046810   -0.000000  
     12.100321  2.835890  0.036844    -0.000004    0.005817    0.000001  
      4.159435  2.835890  1.955623    -0.000005    0.052611    0.000000  
     10.584933  0.945297  1.945449     0.000009    0.059545   -0.000000  
     11.454511  2.835890  1.943745     0.000023   -0.051077    0.000000  
 
  22 f  =    9.066230 THz    56.964801 2PiTHz  302.416867 cm-1    37.494896 meV
             X         Y         Z           dx          dy          dz
      1.637819  0.945297  0.053204     0.000343    0.000000   -0.007920  
     13.868318  2.835890  0.034091     0.000016    0.000000    0.005499  
      5.849558  2.835890  1.952831     0.000727   -0.000001    0.008732  
      8.821976  0.945297  1.948217    -0.000158    0.000000    0.001352  
      1.013496  2.835890  0.054389     0.002480    0.000000   -0.055227  
     14.297113  0.945297  0.033432     0.000407   -0.000000   -0.045769  
      6.459543  0.945297  1.951983     0.005065    0.000000    0.069087  
      8.427377  2.835890  1.948879     0.001683    0.000000   -0.000388  
      1.364543  0.945297  1.959800    -0.004577   -0.000000    0.000105  
     13.988087  2.835890  1.939935    -0.001104   -0.000000   -0.014009  
      6.127677  2.835890  0.046475    -0.008579    0.000001    0.005811  
      8.621031  0.945297  0.042535    -0.002137    0.000001   -0.001740  
      3.328255  0.945297  0.050658     0.000549   -0.000003    0.152537  
     12.100321  2.835890  0.036844     0.000141    0.000000    0.018560  
      4.159435  2.835890  1.955623     0.000391    0.000003   -0.160044  
     10.584933  0.945297  1.945449    -0.000088   -0.000005   -0.033867  
     11.454511  2.835890  1.943745     0.000730    0.000005    0.043009  
 
  23 f  =    9.048757 THz    56.855020 2PiTHz  301.834057 cm-1    37.422637 meV
             X         Y         Z           dx          dy          dz
      1.637819  0.945297  0.053204    -0.001737    0.000006    0.000302  
     13.868318  2.835890  0.034091     0.000766    0.000003   -0.000286  
      5.849558  2.835890  1.952831     0.016283   -0.000020   -0.000346  
      8.821976  0.945297  1.948217    -0.003085   -0.000001   -0.000045  
      1.013496  2.835890  0.054389    -0.021300   -0.000003    0.002073  
     14.297113  0.945297  0.033432    -0.016605   -0.000003    0.002355  
      6.459543  0.945297  1.951983     0.115769    0.000009   -0.002602  
      8.427377  2.835890  1.948879     0.037699    0.000005   -0.000150  
      1.364543  0.945297  1.959800     0.031175   -0.000023   -0.000051  
     13.988087  2.835890  1.939935     0.009166   -0.000006    0.000674  
      6.127677  2.835890  0.046475    -0.202364    0.000051    0.000154  
      8.621031  0.945297  0.042535    -0.051235    0.000036    0.000147  
      3.328255  0.945297  0.050658    -0.001723   -0.000003   -0.005811  
     12.100321  2.835890  0.036844     0.000455    0.000010   -0.000828  
      4.159435  2.835890  1.955623     0.015552    0.000052    0.005808  
     10.584933  0.945297  1.945449    -0.001746   -0.000110    0.001390  
     11.454511  2.835890  1.943745     0.026498    0.000104   -0.001903  
 
  24 f  =    9.026439 THz    56.714787 2PiTHz  301.089584 cm-1    37.330334 meV
             X         Y         Z           dx          dy          dz
      1.637819  0.945297  0.053204     0.014884    0.000021    0.000195  
     13.868318  2.835890  0.034091    -0.000788    0.000003   -0.000501  
      5.849558  2.835890  1.952831     0.002601   -0.000001   -0.000240  
      8.821976  0.945297  1.948217    -0.001162   -0.000005   -0.000045  
      1.013496  2.835890  0.054389     0.118427   -0.000008    0.000415  
     14.297113  0.945297  0.033432     0.039308   -0.000005    0.003939  
      6.459543  0.945297  1.951983     0.019481   -0.000001   -0.001896  
      8.427377  2.835890  1.948879     0.010264    0.000008   -0.000202  
      1.364543  0.945297  1.959800    -0.202151   -0.000047    0.000109  
     13.988087  2.835890  1.939935    -0.051878   -0.000008    0.001172  
      6.127677  2.835890  0.046475    -0.033555   -0.000001   -0.000126  
      8.621031  0.945297  0.042535    -0.008716    0.000036    0.000080  
      3.328255  0.945297  0.050658     0.013503   -0.000069   -0.003843  
     12.100321  2.835890  0.036844     0.003288    0.000006   -0.000863  
      4.159435  2.835890  1.955623     0.002057    0.000017    0.004314  
     10.584933  0.945297  1.945449     0.001249   -0.000041    0.001281  
     11.454511  2.835890  1.943745    -0.010341    0.000049   -0.001943  
 
  25 f  =    8.987344 THz    56.469150 2PiTHz  299.785538 cm-1    37.168653 meV
             X         Y         Z           dx          dy          dz
      1.637819  0.945297  0.053204    -0.000158   -0.000000   -0.001246  
     13.868318  2.835890  0.034091    -0.000061   -0.000001   -0.027681  
      5.849558  2.835890  1.952831    -0.000059    0.000000    0.001932  
      8.821976  0.945297  1.948217     0.000039    0.000000   -0.000542  
      1.013496  2.835890  0.054389    -0.001594    0.000000   -0.056989  
     14.297113  0.945297  0.033432    -0.000337    0.000001    0.212794  
      6.459543  0.945297  1.951983    -0.000613   -0.000000    0.014664  
      8.427377  2.835890  1.948879    -0.000324   -0.000000   -0.018832  
      1.364543  0.945297  1.959800     0.002366    0.000001   -0.010004  
     13.988087  2.835890  1.939935     0.000847    0.000001    0.056425  
      6.127677  2.835890  0.046475     0.001014   -0.000001   -0.000062  
      8.621031  0.945297  0.042535     0.000159   -0.000000    0.000742  
      3.328255  0.945297  0.050658    -0.000099    0.000001    0.030859  
     12.100321  2.835890  0.036844    -0.000116    0.000001   -0.028788  
      4.159435  2.835890  1.955623    -0.000114   -0.000000   -0.032073  
     10.584933  0.945297  1.945449     0.000029    0.000000    0.026220  
     11.454511  2.835890  1.943745     0.000345   -0.000001   -0.067239  
 
  26 f  =    8.548363 THz    53.710946 2PiTHz  285.142684 cm-1    35.353171 meV
             X         Y         Z           dx          dy          dz
      1.637819  0.945297  0.053204    -0.000011   -0.001519   -0.000000  
     13.868318  2.835890  0.034091    -0.000011   -0.003250    0.000001  
      5.849558  2.835890  1.952831    -0.000009   -0.002253    0.000000  
      8.821976  0.945297  1.948217     0.000007   -0.008599    0.000000  
      1.013496  2.835890  0.054389     0.000001    0.001468    0.000001  
     14.297113  0.945297  0.033432     0.000074    0.004772   -0.000004  
      6.459543  0.945297  1.951983    -0.000078   -0.000149    0.000004  
      8.427377  2.835890  1.948879     0.000015    0.012114   -0.000015  
      1.364543  0.945297  1.959800     0.000057    0.002684    0.000001  
     13.988087  2.835890  1.939935     0.000016    0.010223   -0.000002  
      6.127677  2.835890  0.046475     0.000117    0.005619    0.000000  
      8.621031  0.945297  0.042535    -0.000004    0.095698   -0.000002  
      3.328255  0.945297  0.050658    -0.000008    0.000635    0.000001  
     12.100321  2.835890  0.036844    -0.000006    0.024953   -0.000004  
      4.159435  2.835890  1.955623    -0.000007    0.008496   -0.000002  
     10.584933  0.945297  1.945449     0.000006   -0.171885    0.000016  
     11.454511  2.835890  1.943745    -0.000115    0.225284   -0.000005  
 
  27 f  =    8.426390 THz    52.944572 2PiTHz  281.074125 cm-1    34.848734 meV
             X         Y         Z           dx          dy          dz
      1.637819  0.945297  0.053204    -0.000011   -0.000000    0.000656  
     13.868318  2.835890  0.034091    -0.000026   -0.000000   -0.010857  
      5.849558  2.835890  1.952831    -0.000002   -0.000000   -0.001020  
      8.821976  0.945297  1.948217    -0.000009   -0.000001   -0.004201  
      1.013496  2.835890  0.054389    -0.000080    0.000000   -0.021690  
     14.297113  0.945297  0.033432     0.000152    0.000001    0.033536  
      6.459543  0.945297  1.951983     0.000000   -0.000000   -0.043742  
      8.427377  2.835890  1.948879     0.000268    0.000001    0.161533  
      1.364543  0.945297  1.959800     0.000126    0.000000   -0.010895  
     13.988087  2.835890  1.939935     0.000053    0.000002    0.022231  
      6.127677  2.835890  0.046475    -0.000092    0.000000   -0.010136  
      8.621031  0.945297  0.042535    -0.000033    0.000009    0.027829  
      3.328255  0.945297  0.050658    -0.000005    0.000000    0.003596  
     12.100321  2.835890  0.036844     0.000057    0.000002    0.045583  
      4.159435  2.835890  1.955623     0.000040    0.000000    0.022881  
     10.584933  0.945297  1.945449    -0.000238   -0.000015   -0.163021  
     11.454511  2.835890  1.943745    -0.000027    0.000023    0.056462  
 
  28 f  =    8.174532 THz    51.362097 2PiTHz  272.673026 cm-1    33.807131 meV
             X         Y         Z           dx          dy          dz
      1.637819  0.945297  0.053204    -0.012937   -0.000013    0.000061  
     13.868318  2.835890  0.034091    -0.006271   -0.000017   -0.000053  
      5.849558  2.835890  1.952831    -0.003191   -0.000002    0.000014  
      8.821976  0.945297  1.948217    -0.003364   -0.000002    0.000018  
      1.013496  2.835890  0.054389     0.016294    0.000017   -0.000062  
     14.297113  0.945297  0.033432     0.156867    0.000014    0.000102  
      6.459543  0.945297  1.951983     0.034340   -0.000010    0.000227  
      8.427377  2.835890  1.948879     0.001936    0.000002   -0.000213  
      1.364543  0.945297  1.959800     0.058315    0.000057   -0.000143  
     13.988087  2.835890  1.939935    -0.061964   -0.000014    0.000200  
      6.127677  2.835890  0.046475    -0.020720   -0.000026    0.000142  
      8.621031  0.945297  0.042535     0.074118    0.000001   -0.000185  
      3.328255  0.945297  0.050658    -0.008499   -0.000043   -0.000278  
     12.100321  2.835890  0.036844    -0.002813    0.000098    0.000098  
      4.159435  2.835890  1.955623    -0.000841    0.000027   -0.000243  
     10.584933  0.945297  1.945449     0.005116    0.000028   -0.000015  
     11.454511  2.835890  1.943745    -0.223092   -0.000199    0.000271  
 
  29 f  =    7.970522 THz    50.080264 2PiTHz  265.867981 cm-1    32.963414 meV
             X         Y         Z           dx          dy          dz
      1.637819  0.945297  0.053204     0.000049    0.000000    0.009338  
     13.868318  2.835890  0.034091     0.000001   -0.000000   -0.005451  
      5.849558  2.835890  1.952831     0.000039   -0.000000    0.006932  
      8.821976  0.945297  1.948217     0.000012    0.000000    0.004360  
      1.013496  2.835890  0.054389     0.000235   -0.000000    0.085308  
     14.297113  0.945297  0.033432    -0.000158    0.000000    0.018758  
      6.459543  0.945297  1.951983    -0.000021   -0.000000    0.097274  
      8.427377  2.835890  1.948879    -0.000126   -0.000000   -0.008420  
      1.364543  0.945297  1.959800    -0.000329   -0.000001    0.020073  
     13.988087  2.835890  1.939935    -0.000045    0.000000    0.013265  
      6.127677  2.835890  0.046475     0.000253   -0.000000    0.035350  
      8.621031  0.945297  0.042535    -0.000122    0.000000   -0.011713  
      3.328255  0.945297  0.050658    -0.000202    0.000001   -0.150089  
     12.100321  2.835890  0.036844     0.000011   -0.000000    0.003648  
      4.159435  2.835890  1.955623    -0.000194    0.000001   -0.123991  
     10.584933  0.945297  1.945449    -0.000109   -0.000001   -0.065576  
     11.454511  2.835890  1.943745     0.000506    0.000003   -0.011107  
 
  30 f  =    7.444943 THz    46.777956 2PiTHz  248.336563 cm-1    30.789796 meV
             X         Y         Z           dx          dy          dz
      1.637819  0.945297  0.053204     0.001370    0.000003    0.000031  
     13.868318  2.835890  0.034091    -0.004116    0.000005   -0.000110  
      5.849558  2.835890  1.952831     0.004029   -0.000011   -0.000110  
      8.821976  0.945297  1.948217     0.003546   -0.000022    0.000172  
      1.013496  2.835890  0.054389     0.013000   -0.000019   -0.000433  
     14.297113  0.945297  0.033432    -0.050290   -0.000002    0.000081  
      6.459543  0.945297  1.951983     0.015319    0.000015    0.000425  
      8.427377  2.835890  1.948879    -0.159424    0.000016   -0.000712  
      1.364543  0.945297  1.959800    -0.022312   -0.000047   -0.000228  
     13.988087  2.835890  1.939935     0.066267    0.000024    0.000088  
      6.127677  2.835890  0.046475    -0.057613    0.000051    0.000480  
      8.621031  0.945297  0.042535     0.159980    0.000039   -0.000873  
      3.328255  0.945297  0.050658    -0.001063    0.000077   -0.000010  
     12.100321  2.835890  0.036844    -0.001808   -0.000080    0.000757  
      4.159435  2.835890  1.955623     0.000316   -0.000065    0.000733  
     10.584933  0.945297  1.945449     0.007342   -0.000015   -0.000734  
     11.454511  2.835890  1.943745     0.001394    0.000094    0.000971  
 
  31 f  =    7.366981 THz    46.288106 2PiTHz  245.736030 cm-1    30.467371 meV
             X         Y         Z           dx          dy          dz
      1.637819  0.945297  0.053204     0.000001   -0.000000   -0.002812  
     13.868318  2.835890  0.034091    -0.000028   -0.000000    0.014995  
      5.849558  2.835890  1.952831     0.000053    0.000000    0.013262  
      8.821976  0.945297  1.948217    -0.000006   -0.000000   -0.022041  
      1.013496  2.835890  0.054389     0.000255   -0.000000    0.049312  
     14.297113  0.945297  0.033432    -0.000325   -0.000001   -0.005311  
      6.459543  0.945297  1.951983     0.000101   -0.000000   -0.060781  
      8.427377  2.835890  1.948879    -0.001107    0.000001    0.118100  
      1.364543  0.945297  1.959800    -0.000189   -0.000000    0.030464  
     13.988087  2.835890  1.939935     0.000426   -0.000005   -0.022190  
      6.127677  2.835890  0.046475    -0.000533   -0.000000   -0.049000  
      8.621031  0.945297  0.042535     0.001530    0.000002    0.073834  
      3.328255  0.945297  0.050658    -0.000015    0.000000   -0.003673  
     12.100321  2.835890  0.036844    -0.000157    0.000011   -0.093243  
      4.159435  2.835890  1.955623    -0.000135    0.000000   -0.080578  
     10.584933  0.945297  1.945449     0.000185   -0.000003    0.076986  
     11.454511  2.835890  1.943745    -0.000409   -0.000011   -0.123014  
 
  32 f  =    7.246029 THz    45.528144 2PiTHz  241.701516 cm-1    29.967155 meV
             X         Y         Z           dx          dy          dz
      1.637819  0.945297  0.053204    -0.000000    0.000859    0.000000  
     13.868318  2.835890  0.034091    -0.000004   -0.006181   -0.000001  
      5.849558  2.835890  1.952831    -0.000005   -0.000063   -0.000001  
      8.821976  0.945297  1.948217     0.000008    0.006112    0.000001  
      1.013496  2.835890  0.054389     0.000018    0.002230   -0.000003  
     14.297113  0.945297  0.033432    -0.000106   -0.008539   -0.000000  
      6.459543  0.945297  1.951983    -0.000024   -0.002435    0.000004  
      8.427377  2.835890  1.948879    -0.000051    0.004392   -0.000006  
      1.364543  0.945297  1.959800    -0.000034    0.003420   -0.000002  
     13.988087  2.835890  1.939935     0.000112   -0.072871    0.000001  
      6.127677  2.835890  0.046475    -0.000007   -0.004933    0.000004  
      8.621031  0.945297  0.042535     0.000021    0.028608   -0.000005  
      3.328255  0.945297  0.050658     0.000000   -0.013310    0.000000  
     12.100321  2.835890  0.036844     0.000007    0.192373    0.000005  
      4.159435  2.835890  1.955623    -0.000004    0.010919    0.000005  
     10.584933  0.945297  1.945449     0.000002   -0.064812   -0.000007  
     11.454511  2.835890  1.943745     0.000113   -0.180476    0.000006  
 
  33 f  =    6.903926 THz    43.378645 2PiTHz  230.290177 cm-1    28.552330 meV
             X         Y         Z           dx          dy          dz
      1.637819  0.945297  0.053204     0.006232    0.000002   -0.000064  
     13.868318  2.835890  0.034091     0.012077   -0.000016   -0.000007  
      5.849558  2.835890  1.952831     0.004618   -0.000007   -0.000003  
      8.821976  0.945297  1.948217    -0.002423   -0.000008    0.000014  
      1.013496  2.835890  0.054389    -0.047766   -0.000015    0.000231  
     14.297113  0.945297  0.033432     0.056205   -0.000000   -0.000039  
      6.459543  0.945297  1.951983    -0.009205    0.000014   -0.000136  
      8.427377  2.835890  1.948879    -0.074181    0.000005    0.000091  
      1.364543  0.945297  1.959800     0.022856   -0.000033    0.000101  
     13.988087  2.835890  1.939935    -0.173466   -0.000005    0.000236  
      6.127677  2.835890  0.046475    -0.013448    0.000037   -0.000059  
      8.621031  0.945297  0.042535     0.019492    0.000022   -0.000065  
      3.328255  0.945297  0.050658     0.004994    0.000058    0.000215  
     12.100321  2.835890  0.036844     0.005759    0.000057   -0.000028  
      4.159435  2.835890  1.955623     0.001817   -0.000053    0.000060  
     10.584933  0.945297  1.945449    -0.006872   -0.000042   -0.000015  
     11.454511  2.835890  1.943745     0.207800    0.000005   -0.000181  
 
  34 f  =    6.680904 THz    41.977360 2PiTHz  222.850984 cm-1    27.629988 meV
             X         Y         Z           dx          dy          dz
      1.637819  0.945297  0.053204    -0.000005    0.005814   -0.000000  
     13.868318  2.835890  0.034091    -0.000004    0.005962   -0.000000  
      5.849558  2.835890  1.952831    -0.000001   -0.004407    0.000000  
      8.821976  0.945297  1.948217    -0.000006   -0.007593    0.000000  
      1.013496  2.835890  0.054389     0.000025   -0.032080    0.000000  
     14.297113  0.945297  0.033432     0.000050   -0.004402   -0.000000  
      6.459543  0.945297  1.951983     0.000022    0.035016    0.000000  
      8.427377  2.835890  1.948879     0.000114    0.004378   -0.000001  
      1.364543  0.945297  1.959800    -0.000009   -0.081548    0.000000  
     13.988087  2.835890  1.939935     0.000016   -0.008218    0.000000  
      6.127677  2.835890  0.046475     0.000032    0.086462   -0.000000  
      8.621031  0.945297  0.042535    -0.000062    0.006299   -0.000000  
      3.328255  0.945297  0.050658    -0.000006    0.142746    0.000002  
     12.100321  2.835890  0.036844    -0.000007    0.016449    0.000000  
      4.159435  2.835890  1.955623     0.000005   -0.156207   -0.000001  
     10.584933  0.945297  1.945449    -0.000000   -0.003743   -0.000000  
     11.454511  2.835890  1.943745    -0.000138   -0.008762    0.000001  
 
  35 f  =    6.282979 THz    39.477123 2PiTHz  209.577632 cm-1    25.984303 meV
             X         Y         Z           dx          dy          dz
      1.637819  0.945297  0.053204     0.000018    0.000000    0.014308  
     13.868318  2.835890  0.034091    -0.000008    0.000000   -0.023618  
      5.849558  2.835890  1.952831     0.000035    0.000000    0.017879  
      8.821976  0.945297  1.948217    -0.000030    0.000000   -0.010173  
      1.013496  2.835890  0.054389    -0.000111   -0.000000   -0.041884  
     14.297113  0.945297  0.033432    -0.000046   -0.000000   -0.007854  
      6.459543  0.945297  1.951983    -0.000052   -0.000000   -0.065203  
      8.427377  2.835890  1.948879    -0.000007    0.000000    0.009866  
      1.364543  0.945297  1.959800    -0.000057   -0.000000   -0.038673  
     13.988087  2.835890  1.939935     0.000065    0.000000    0.021290  
      6.127677  2.835890  0.046475    -0.000070   -0.000000   -0.052614  
      8.621031  0.945297  0.042535     0.000061    0.000001    0.023903  
      3.328255  0.945297  0.050658    -0.000098    0.000000   -0.062316  
     12.100321  2.835890  0.036844     0.000188   -0.000001    0.117855  
      4.159435  2.835890  1.955623    -0.000107    0.000001   -0.067511  
     10.584933  0.945297  1.945449     0.000132   -0.000002    0.101273  
     11.454511  2.835890  1.943745     0.000477   -0.000006    0.160952  
 
  36 f  =    5.590821 THz    35.128162 2PiTHz  186.489701 cm-1    23.121766 meV
             X         Y         Z           dx          dy          dz
      1.637819  0.945297  0.053204    -0.000070   -0.000001   -0.032296  
     13.868318  2.835890  0.034091    -0.000075    0.000000   -0.030642  
      5.849558  2.835890  1.952831     0.000008    0.000000    0.006554  
      8.821976  0.945297  1.948217     0.000025    0.000001    0.009642  
      1.013496  2.835890  0.054389     0.000386   -0.000000    0.156242  
     14.297113  0.945297  0.033432     0.000051    0.000000    0.019939  
      6.459543  0.945297  1.951983    -0.000052   -0.000000   -0.056484  
      8.427377  2.835890  1.948879     0.000021    0.000000   -0.030874  
      1.364543  0.945297  1.959800     0.000043    0.000000    0.103908  
     13.988087  2.835890  1.939935     0.000209    0.000000    0.021503  
      6.127677  2.835890  0.046475    -0.000075   -0.000000   -0.036164  
      8.621031  0.945297  0.042535    -0.000032    0.000001   -0.021788  
      3.328255  0.945297  0.050658     0.000085   -0.000000    0.068830  
     12.100321  2.835890  0.036844     0.000061   -0.000001    0.045786  
      4.159435  2.835890  1.955623    -0.000010    0.000001   -0.003127  
     10.584933  0.945297  1.945449     0.000020   -0.000002   -0.007080  
     11.454511  2.835890  1.943745    -0.000268   -0.000003    0.045619  
 
  37 f  =    5.461060 THz    34.312852 2PiTHz  182.161353 cm-1    22.585119 meV
             X         Y         Z           dx          dy          dz
      1.637819  0.945297  0.053204    -0.000001   -0.003335   -0.000000  
     13.868318  2.835890  0.034091     0.000006    0.017618    0.000001  
      5.849558  2.835890  1.952831    -0.000002   -0.006129   -0.000001  
      8.821976  0.945297  1.948217     0.000002    0.028205   -0.000000  
      1.013496  2.835890  0.054389    -0.000004   -0.008325   -0.000001  
     14.297113  0.945297  0.033432     0.000007    0.005875    0.000000  
      6.459543  0.945297  1.951983    -0.000025   -0.007515    0.000002  
      8.427377  2.835890  1.948879     0.000009    0.016518    0.000001  
      1.364543  0.945297  1.959800    -0.000004   -0.015904   -0.000000  
     13.988087  2.835890  1.939935    -0.000018    0.032110   -0.000000  
      6.127677  2.835890  0.046475     0.000010   -0.012617    0.000002  
      8.621031  0.945297  0.042535    -0.000001    0.054655    0.000001  
      3.328255  0.945297  0.050658    -0.000003    0.031211    0.000000  
     12.100321  2.835890  0.036844    -0.000004   -0.124525   -0.000002  
      4.159435  2.835890  1.955623    -0.000002    0.021733    0.000001  
     10.584933  0.945297  1.945449     0.000002   -0.116798   -0.000001  
     11.454511  2.835890  1.943745     0.000004   -0.214288   -0.000003  
 
  38 f  =    5.106882 THz    32.087484 2PiTHz  170.347239 cm-1    21.120356 meV
             X         Y         Z           dx          dy          dz
      1.637819  0.945297  0.053204    -0.000014    0.017300    0.000000  
     13.868318  2.835890  0.034091     0.000013   -0.009676    0.000001  
      5.849558  2.835890  1.952831     0.000013    0.017246    0.000001  
      8.821976  0.945297  1.948217    -0.000012   -0.006432    0.000001  
      1.013496  2.835890  0.054389    -0.000030    0.042185   -0.000000  
     14.297113  0.945297  0.033432    -0.000013    0.000932    0.000000  
      6.459543  0.945297  1.951983     0.000023    0.040211   -0.000003  
      8.427377  2.835890  1.948879    -0.000010    0.003314   -0.000002  
      1.364543  0.945297  1.959800    -0.000000    0.082168   -0.000000  
     13.988087  2.835890  1.939935     0.000018    0.002672   -0.000000  
      6.127677  2.835890  0.046475     0.000005    0.075898   -0.000002  
      8.621031  0.945297  0.042535    -0.000009    0.008885   -0.000002  
      3.328255  0.945297  0.050658    -0.000009   -0.144690   -0.000002  
     12.100321  2.835890  0.036844     0.000012   -0.034875   -0.000002  
      4.159435  2.835890  1.955623     0.000010   -0.133536   -0.000002  
     10.584933  0.945297  1.945449    -0.000015   -0.031312   -0.000003  
     11.454511  2.835890  1.943745     0.000023   -0.051064   -0.000002  
 
  39 f  =    4.991376 THz    31.361741 2PiTHz  166.494384 cm-1    20.642663 meV
             X         Y         Z           dx          dy          dz
      1.637819  0.945297  0.053204    -0.000020    0.000001   -0.011810  
     13.868318  2.835890  0.034091    -0.000017   -0.000000   -0.019878  
      5.849558  2.835890  1.952831    -0.000068    0.000000   -0.032629  
      8.821976  0.945297  1.948217    -0.000026   -0.000001   -0.037135  
      1.013496  2.835890  0.054389     0.000052    0.000001    0.032407  
     14.297113  0.945297  0.033432     0.000005   -0.000000   -0.002240  
      6.459543  0.945297  1.951983     0.000129    0.000001    0.124184  
      8.427377  2.835890  1.948879     0.000066   -0.000000    0.071824  
      1.364543  0.945297  1.959800     0.000010    0.000003    0.021382  
     13.988087  2.835890  1.939935    -0.000000   -0.000000    0.006076  
      6.127677  2.835890  0.046475     0.000119    0.000002    0.082862  
      8.621031  0.945297  0.042535     0.000156   -0.000000    0.062576  
      3.328255  0.945297  0.050658     0.000031   -0.000004    0.022732  
     12.100321  2.835890  0.036844     0.000071   -0.000000    0.039020  
      4.159435  2.835890  1.955623     0.000060   -0.000004    0.047350  
     10.584933  0.945297  1.945449     0.000150   -0.000000    0.078766  
     11.454511  2.835890  1.943745     0.000159   -0.000000    0.053301  
 
  40 f  =    3.741572 THz    23.508989 2PiTHz  124.805400 cm-1    15.473890 meV
             X         Y         Z           dx          dy          dz
      1.637819  0.945297  0.053204     0.041075    0.000024   -0.000066  
     13.868318  2.835890  0.034091    -0.041230   -0.000029    0.000080  
      5.849558  2.835890  1.952831    -0.044734    0.000007    0.000099  
      8.821976  0.945297  1.948217     0.045126   -0.000007   -0.000059  
      1.013496  2.835890  0.054389     0.021714    0.000024   -0.000035  
     14.297113  0.945297  0.033432    -0.037082   -0.000020    0.000042  
      6.459543  0.945297  1.951983    -0.023892    0.000012    0.000042  
      8.427377  2.835890  1.948879     0.047589   -0.000009   -0.000085  
      1.364543  0.945297  1.959800     0.038123    0.000033   -0.000072  
     13.988087  2.835890  1.939935    -0.043676   -0.000023    0.000073  
      6.127677  2.835890  0.046475    -0.041676    0.000018    0.000056  
      8.621031  0.945297  0.042535     0.034911   -0.000008   -0.000055  
      3.328255  0.945297  0.050658     0.040738   -0.000004   -0.000085  
     12.100321  2.835890  0.036844    -0.038474   -0.000034    0.000123  
      4.159435  2.835890  1.955623    -0.044588   -0.000033    0.000005  
     10.584933  0.945297  1.945449     0.042912   -0.000015   -0.000081  
     11.454511  2.835890  1.943745     0.005297   -0.000020    0.000062  
 
  41 f  =    3.397390 THz    21.346433 2PiTHz  113.324743 cm-1    14.050471 meV
             X         Y         Z           dx          dy          dz
      1.637819  0.945297  0.053204     0.044424   -0.006522   -0.000075  
     13.868318  2.835890  0.034091    -0.044777    0.005955    0.000077  
      5.849558  2.835890  1.952831     0.042526    0.005888   -0.000097  
      8.821976  0.945297  1.948217    -0.038847   -0.004917    0.000039  
      1.013496  2.835890  0.054389     0.028420   -0.004458   -0.000020  
     14.297113  0.945297  0.033432    -0.038044    0.003666    0.000040  
      6.459543  0.945297  1.951983     0.023593    0.004367   -0.000033  
      8.427377  2.835890  1.948879    -0.037268   -0.003087    0.000065  
      1.364543  0.945297  1.959800     0.041804   -0.005622   -0.000059  
     13.988087  2.835890  1.939935    -0.033088    0.005095    0.000057  
      6.127677  2.835890  0.046475     0.039536    0.005403   -0.000052  
      8.621031  0.945297  0.042535    -0.028704   -0.004105    0.000050  
      3.328255  0.945297  0.050658     0.044156   -0.004802   -0.000066  
     12.100321  2.835890  0.036844    -0.042343    0.002290    0.000130  
      4.159435  2.835890  1.955623     0.042350    0.003572   -0.000020  
     10.584933  0.945297  1.945449    -0.036817   -0.003061    0.000106  
     11.454511  2.835890  1.943745    -0.056249   -0.003799    0.000136  
 
  42 f  =    3.395400 THz    21.333929 2PiTHz  113.258363 cm-1    14.042241 meV
             X         Y         Z           dx          dy          dz
      1.637819  0.945297  0.053204     0.005777    0.049930   -0.000010  
     13.868318  2.835890  0.034091    -0.005824   -0.045731    0.000010  
      5.849558  2.835890  1.952831     0.005546   -0.045209   -0.000012  
      8.821976  0.945297  1.948217    -0.005075    0.037906    0.000005  
      1.013496  2.835890  0.054389     0.003687    0.034167   -0.000002  
     14.297113  0.945297  0.033432    -0.004956   -0.028177    0.000005  
      6.459543  0.945297  1.951983     0.003069   -0.033515   -0.000005  
      8.427377  2.835890  1.948879    -0.004868    0.023849    0.000009  
      1.364543  0.945297  1.959800     0.005431    0.043095   -0.000007  
     13.988087  2.835890  1.939935    -0.004295   -0.039165    0.000008  
      6.127677  2.835890  0.046475     0.005158   -0.041430   -0.000007  
      8.621031  0.945297  0.042535    -0.003752    0.031727    0.000007  
      3.328255  0.945297  0.050658     0.005738    0.036682   -0.000008  
     12.100321  2.835890  0.036844    -0.005511   -0.017482    0.000017  
      4.159435  2.835890  1.955623     0.005522   -0.027476   -0.000003  
     10.584933  0.945297  1.945449    -0.004810    0.023525    0.000014  
     11.454511  2.835890  1.943745    -0.007359    0.029066    0.000018  
 
  43 f  =    2.860560 THz    17.973430 2PiTHz   95.418019 cm-1    11.830321 meV
             X         Y         Z           dx          dy          dz
      1.637819  0.945297  0.053204     0.000003    0.038266   -0.000001  
     13.868318  2.835890  0.034091     0.000009   -0.039269    0.000001  
      5.849558  2.835890  1.952831     0.000019    0.044135   -0.000001  
      8.821976  0.945297  1.948217    -0.000026   -0.043124    0.000000  
      1.013496  2.835890  0.054389     0.000003    0.018166    0.000000  
     14.297113  0.945297  0.033432     0.000003   -0.028191    0.000000  
      6.459543  0.945297  1.951983     0.000009    0.024230    0.000000  
      8.427377  2.835890  1.948879    -0.000008   -0.030750   -0.000000  
      1.364543  0.945297  1.959800    -0.000002    0.017702    0.000000  
     13.988087  2.835890  1.939935     0.000014   -0.033776    0.000000  
      6.127677  2.835890  0.046475     0.000025    0.024179   -0.000000  
      8.621031  0.945297  0.042535    -0.000019   -0.036163   -0.000000  
      3.328255  0.945297  0.050658    -0.000003    0.073626    0.000000  
     12.100321  2.835890  0.036844     0.000005   -0.041045    0.000000  
      4.159435  2.835890  1.955623     0.000023    0.075900    0.000000  
     10.584933  0.945297  1.945449    -0.000021   -0.041752   -0.000000  
     11.454511  2.835890  1.943745    -0.000032   -0.048445    0.000000  
 
  44 f  =    1.937210 THz    12.171852 2PiTHz   64.618385 cm-1     8.011655 meV
             X         Y         Z           dx          dy          dz
      1.637819  0.945297  0.053204    -0.000123   -0.000000   -0.066856  
     13.868318  2.835890  0.034091     0.000048    0.000001    0.034728  
      5.849558  2.835890  1.952831     0.000082   -0.000000    0.053932  
      8.821976  0.945297  1.948217    -0.000065   -0.000000   -0.029308  
      1.013496  2.835890  0.054389    -0.000038   -0.000000   -0.017646  
     14.297113  0.945297  0.033432     0.000041    0.000001    0.022131  
      6.459543  0.945297  1.951983     0.000013   -0.000000    0.018052  
      8.427377  2.835890  1.948879    -0.000028   -0.000000   -0.009317  
      1.364543  0.945297  1.959800    -0.000064   -0.000000   -0.028828  
     13.988087  2.835890  1.939935     0.000066    0.000001    0.024538  
      6.127677  2.835890  0.046475     0.000040    0.000000    0.026402  
      8.621031  0.945297  0.042535    -0.000045   -0.000000   -0.010926  
      3.328255  0.945297  0.050658    -0.000070   -0.000001   -0.031548  
     12.100321  2.835890  0.036844     0.000027    0.000001    0.021460  
      4.159435  2.835890  1.955623     0.000038   -0.000000    0.026066  
     10.584933  0.945297  1.945449    -0.000025   -0.000000   -0.005853  
     11.454511  2.835890  1.943745    -0.000005   -0.000000    0.023522  
 
  45 f  =    1.561174 THz     9.809147 2PiTHz   52.075167 cm-1     6.456495 meV
             X         Y         Z           dx          dy          dz
      1.637819  0.945297  0.053204    -0.000557   -0.000002   -0.031568  
     13.868318  2.835890  0.034091    -0.000363   -0.000002    0.053672  
      5.849558  2.835890  1.952831     0.000387    0.000001   -0.062478  
      8.821976  0.945297  1.948217     0.000530    0.000003    0.028407  
      1.013496  2.835890  0.054389    -0.000488   -0.000002    0.004239  
     14.297113  0.945297  0.033432    -0.000370   -0.000002    0.041491  
      6.459543  0.945297  1.951983     0.000458    0.000002   -0.021272  
      8.427377  2.835890  1.948879     0.000516    0.000003    0.010809  
      1.364543  0.945297  1.959800    -0.000526   -0.000003   -0.006923  
     13.988087  2.835890  1.939935    -0.000408   -0.000002    0.043873  
      6.127677  2.835890  0.046475     0.000431    0.000002   -0.033329  
      8.621031  0.945297  0.042535     0.000514    0.000003    0.015262  
      3.328255  0.945297  0.050658    -0.000542   -0.000002   -0.023045  
     12.100321  2.835890  0.036844    -0.000367   -0.000000    0.041152  
      4.159435  2.835890  1.955623     0.000413   -0.000000   -0.043384  
     10.584933  0.945297  1.945449     0.000502    0.000002    0.022497  
     11.454511  2.835890  1.943745     0.000150    0.000002    0.041643  
 
  46 f  =    1.415737 THz     8.895340 2PiTHz   47.223916 cm-1     5.855017 meV
             X         Y         Z           dx          dy          dz
      1.637819  0.945297  0.053204     0.043206    0.000014   -0.001255  
     13.868318  2.835890  0.034091     0.039409    0.000028   -0.000206  
      5.849558  2.835890  1.952831    -0.042155   -0.000023   -0.000455  
      8.821976  0.945297  1.948217    -0.040930   -0.000021    0.001730  
      1.013496  2.835890  0.054389     0.043775    0.000022   -0.000681  
     14.297113  0.945297  0.033432     0.039603    0.000028   -0.000281  
      6.459543  0.945297  1.951983    -0.041932   -0.000019    0.000330  
      8.427377  2.835890  1.948879    -0.043070   -0.000020    0.001126  
      1.364543  0.945297  1.959800     0.043236    0.000028   -0.000834  
     13.988087  2.835890  1.939935     0.046907    0.000031   -0.000236  
      6.127677  2.835890  0.046475    -0.042510   -0.000015    0.000047  
      8.621031  0.945297  0.042535    -0.040419   -0.000023    0.001161  
      3.328255  0.945297  0.050658     0.043145    0.000005   -0.000926  
     12.100321  2.835890  0.036844     0.037857    0.000011   -0.000146  
      4.159435  2.835890  1.955623    -0.042152   -0.000022   -0.000375  
     10.584933  0.945297  1.945449    -0.039217   -0.000016    0.001001  
     11.454511  2.835890  1.943745    -0.009596   -0.000005   -0.000079  
 
  47 f  =    1.384069 THz     8.696362 2PiTHz   46.167574 cm-1     5.724047 meV
             X         Y         Z           dx          dy          dz
      1.637819  0.945297  0.053204     0.000864   -0.000034    0.040658  
     13.868318  2.835890  0.034091     0.000797   -0.000040    0.037528  
      5.849558  2.835890  1.952831    -0.000882    0.000033   -0.011528  
      8.821976  0.945297  1.948217    -0.000932    0.000038   -0.070035  
      1.013496  2.835890  0.054389     0.000883   -0.000037    0.034501  
     14.297113  0.945297  0.033432     0.000803   -0.000038    0.036032  
      6.459543  0.945297  1.951983    -0.000885    0.000036   -0.026848  
      8.427377  2.835890  1.948879    -0.000915    0.000037   -0.049242  
      1.364543  0.945297  1.959800     0.000849   -0.000040    0.034868  
     13.988087  2.835890  1.939935     0.000976   -0.000041    0.033752  
      6.127677  2.835890  0.046475    -0.000903    0.000039   -0.020486  
      8.621031  0.945297  0.042535    -0.000922    0.000040   -0.048793  
      3.328255  0.945297  0.050658     0.000846   -0.000014    0.028990  
     12.100321  2.835890  0.036844     0.000745   -0.000018    0.025762  
      4.159435  2.835890  1.955623    -0.000875    0.000014   -0.007258  
     10.584933  0.945297  1.945449    -0.000841    0.000026   -0.035501  
     11.454511  2.835890  1.943745    -0.000189    0.000025    0.026196  
 
  48 f  =    1.347562 THz     8.466982 2PiTHz   44.949830 cm-1     5.573066 meV
             X         Y         Z           dx          dy          dz
      1.637819  0.945297  0.053204    -0.000009    0.039583    0.000034  
     13.868318  2.835890  0.034091    -0.000030    0.046957    0.000035  
      5.849558  2.835890  1.952831     0.000030   -0.038673   -0.000013  
      8.821976  0.945297  1.948217     0.000013   -0.044963   -0.000059  
      1.013496  2.835890  0.054389    -0.000018    0.043594    0.000031  
     14.297113  0.945297  0.033432    -0.000020    0.044765    0.000033  
      6.459543  0.945297  1.951983     0.000017   -0.042357   -0.000025  
      8.427377  2.835890  1.948879     0.000021   -0.043880   -0.000042  
      1.364543  0.945297  1.959800    -0.000005    0.047136    0.000030  
     13.988087  2.835890  1.939935    -0.000033    0.048124    0.000031  
      6.127677  2.835890  0.046475     0.000038   -0.045626   -0.000020  
      8.621031  0.945297  0.042535     0.000011   -0.047066   -0.000042  
      3.328255  0.945297  0.050658    -0.000009    0.016595    0.000024  
     12.100321  2.835890  0.036844    -0.000029    0.021644    0.000024  
      4.159435  2.835890  1.955623     0.000031   -0.017117   -0.000008  
     10.584933  0.945297  1.945449     0.000012   -0.030583   -0.000030  
     11.454511  2.835890  1.943745     0.000005   -0.028749    0.000024  
 
  49 fi =    0.005564 THz     0.034957 2PiTHz    0.185581 cm-1     0.023009 meV
             X         Y         Z           dx          dy          dz
      1.637819  0.945297  0.053204     0.005735   -0.041011   -0.000475  
     13.868318  2.835890  0.034091     0.005735   -0.041049   -0.000473  
      5.849558  2.835890  1.952831     0.005731   -0.041008   -0.000474  
      8.821976  0.945297  1.948217     0.005712   -0.041051   -0.000484  
      1.013496  2.835890  0.054389     0.005743   -0.040997   -0.000471  
     14.297113  0.945297  0.033432     0.005705   -0.041020   -0.000471  
      6.459543  0.945297  1.951983     0.005717   -0.040996   -0.000478  
      8.427377  2.835890  1.948879     0.005725   -0.041019   -0.000481  
      1.364543  0.945297  1.959800     0.005726   -0.040987   -0.000472  
     13.988087  2.835890  1.939935     0.005748   -0.041015   -0.000473  
      6.127677  2.835890  0.046475     0.005725   -0.040985   -0.000475  
      8.621031  0.945297  0.042535     0.005707   -0.041002   -0.000481  
      3.328255  0.945297  0.050658     0.005736   -0.040962   -0.000473  
     12.100321  2.835890  0.036844     0.005735   -0.041051   -0.000478  
      4.159435  2.835890  1.955623     0.005732   -0.040949   -0.000471  
     10.584933  0.945297  1.945449     0.005714   -0.041047   -0.000482  
     11.454511  2.835890  1.943745     0.005707   -0.041247   -0.000479  
 
  50 fi =    0.007553 THz     0.047458 2PiTHz    0.251944 cm-1     0.031237 meV
             X         Y         Z           dx          dy          dz
      1.637819  0.945297  0.053204     0.040975    0.005747   -0.003231  
     13.868318  2.835890  0.034091     0.040918    0.005747   -0.003222  
      5.849558  2.835890  1.952831     0.040895    0.005741   -0.003226  
      8.821976  0.945297  1.948217     0.040824    0.005756   -0.003299  
      1.013496  2.835890  0.054389     0.040941    0.005746   -0.003204  
     14.297113  0.945297  0.033432     0.040884    0.005743   -0.003204  
      6.459543  0.945297  1.951983     0.040883    0.005740   -0.003252  
      8.427377  2.835890  1.948879     0.040706    0.005751   -0.003275  
      1.364543  0.945297  1.959800     0.040935    0.005746   -0.003213  
     13.988087  2.835890  1.939935     0.040958    0.005742   -0.003217  
      6.127677  2.835890  0.046475     0.040815    0.005738   -0.003235  
      8.621031  0.945297  0.042535     0.040851    0.005750   -0.003277  
      3.328255  0.945297  0.050658     0.040979    0.005736   -0.003220  
     12.100321  2.835890  0.036844     0.040927    0.005753   -0.003254  
      4.159435  2.835890  1.955623     0.040895    0.005735   -0.003206  
     10.584933  0.945297  1.945449     0.040845    0.005752   -0.003287  
     11.454511  2.835890  1.943745     0.040737    0.005781   -0.003263  
 
  51 fi =    0.009955 THz     0.062549 2PiTHz    0.332062 cm-1     0.041170 meV
             X         Y         Z           dx          dy          dz
      1.637819  0.945297  0.053204     0.003306   -0.000022    0.041356  
     13.868318  2.835890  0.034091     0.003308   -0.000022    0.041474  
      5.849558  2.835890  1.952831     0.003259   -0.000022    0.041238  
      8.821976  0.945297  1.948217     0.003235   -0.000021    0.041235  
      1.013496  2.835890  0.054389     0.003317   -0.000022    0.041257  
     14.297113  0.945297  0.033432     0.003308   -0.000022    0.041380  
      6.459543  0.945297  1.951983     0.003246   -0.000022    0.041045  
      8.427377  2.835890  1.948879     0.003218   -0.000021    0.041107  
      1.364543  0.945297  1.959800     0.003297   -0.000021    0.041261  
     13.988087  2.835890  1.939935     0.003346   -0.000022    0.041401  
      6.127677  2.835890  0.046475     0.003256   -0.000022    0.041083  
      8.621031  0.945297  0.042535     0.003248   -0.000021    0.041127  
      3.328255  0.945297  0.050658     0.003305   -0.000022    0.041242  
     12.100321  2.835890  0.036844     0.003305   -0.000022    0.041415  
      4.159435  2.835890  1.955623     0.003261   -0.000022    0.041140  
     10.584933  0.945297  1.945449     0.003237   -0.000022    0.041183  
     11.454511  2.835890  1.943745     0.003239   -0.000022    0.041567  
 
