 Eigenvectors and eigenvalues of the dynamical matrix
 ----------------------------------------------------
 
 
   1 f  =   30.775572 THz   193.368622 2PiTHz 1026.562585 cm-1   127.277482 meV
             X         Y         Z           dx          dy          dz
      0.000000  1.709092  0.573576     0.000000   -0.002382    0.049423  
      0.000000  9.733340  0.573576    -0.000000    0.002383    0.049435  
      1.812421  7.489962  4.361673     0.000000   -0.001023   -0.006818  
      1.812421  3.952470  4.361673     0.000000    0.001024   -0.006819  
      0.000000  1.641168  2.174523    -0.000002    0.006934   -0.151147  
      0.000000  9.801264  2.174523    -0.000002   -0.006935   -0.151187  
      1.812421  7.374308  2.718980    -0.000000    0.000678    0.019765  
      1.812421  4.068124  2.718980    -0.000001   -0.000679    0.019768  
      0.000000  3.643901  0.065830    -0.000001   -0.000524   -0.000805  
      0.000000  7.798531  0.065830    -0.000000    0.000524   -0.000805  
      1.812421  9.396203  0.064784     0.000003   -0.000330   -0.002372  
      1.812421  2.046229  0.064784     0.000002    0.000330   -0.002372  
      0.000000  0.000000  0.015287    -0.000001   -0.000002   -0.002797  
      1.812421  5.721216  0.037814     0.000000   -0.000000   -0.000012  
      1.812421  5.721216  1.904192     0.000001    0.000000    0.001374  
 
   2 f  =   30.586485 THz   192.180554 2PiTHz 1020.255325 cm-1   126.495482 meV
             X         Y         Z           dx          dy          dz
      0.000000  1.709092  0.573576     0.000001   -0.003690    0.049249  
      0.000000  9.733340  0.573576    -0.000001   -0.003690   -0.049237  
      1.812421  7.489962  4.361673    -0.000000    0.000493    0.005578  
      1.812421  3.952470  4.361673    -0.000000    0.000494   -0.005581  
      0.000000  1.641168  2.174523    -0.000013    0.006447   -0.151970  
      0.000000  9.801264  2.174523     0.000013    0.006445    0.151932  
      1.812421  7.374308  2.718980     0.000006    0.000468   -0.015159  
      1.812421  4.068124  2.718980    -0.000007    0.000468    0.015167  
      0.000000  3.643901  0.065830     0.000003   -0.000621   -0.000930  
      0.000000  7.798531  0.065830    -0.000004   -0.000620    0.000931  
      1.812421  9.396203  0.064784    -0.000001    0.000214    0.002338  
      1.812421  2.046229  0.064784     0.000001    0.000215   -0.002338  
      0.000000  0.000000  0.015287     0.000002    0.005333    0.000000  
      1.812421  5.721216  0.037814    -0.000000    0.002815    0.000000  
      1.812421  5.721216  1.904192     0.000001   -0.001819   -0.000000  
 
   3 f  =   28.329466 THz   177.999285 2PiTHz  944.969273 cm-1   117.161205 meV
             X         Y         Z           dx          dy          dz
      0.000000  1.709092  0.573576    -0.000000    0.000184   -0.006193  
      0.000000  9.733340  0.573576    -0.000000   -0.000184   -0.006191  
      1.812421  7.489962  4.361673     0.000001   -0.005750   -0.048549  
      1.812421  3.952470  4.361673     0.000000    0.005750   -0.048560  
      0.000000  1.641168  2.174523     0.000001   -0.002173    0.020353  
      0.000000  9.801264  2.174523     0.000002    0.002172    0.020347  
      1.812421  7.374308  2.718980    -0.000004    0.017359    0.150897  
      1.812421  4.068124  2.718980    -0.000003   -0.017360    0.150925  
      0.000000  3.643901  0.065830     0.000003   -0.003170    0.001834  
      0.000000  7.798531  0.065830     0.000001    0.003168    0.001833  
      1.812421  9.396203  0.064784    -0.000001    0.000011    0.000837  
      1.812421  2.046229  0.064784    -0.000003   -0.000012    0.000838  
      0.000000  0.000000  0.015287     0.000001    0.000000    0.000177  
      1.812421  5.721216  0.037814    -0.000002    0.000002   -0.001822  
      1.812421  5.721216  1.904192    -0.000002   -0.000000    0.005446  
 
   4 f  =   27.695257 THz   174.014431 2PiTHz  923.814331 cm-1   114.538328 meV
             X         Y         Z           dx          dy          dz
      0.000000  1.709092  0.573576    -0.000001   -0.002800    0.004159  
      0.000000  9.733340  0.573576     0.000001   -0.002799   -0.004158  
      1.812421  7.489962  4.361673     0.000001   -0.001664   -0.049710  
      1.812421  3.952470  4.361673    -0.000001   -0.001662    0.049700  
      0.000000  1.641168  2.174523     0.000007    0.002366   -0.016044  
      0.000000  9.801264  2.174523    -0.000007    0.002365    0.016042  
      1.812421  7.374308  2.718980    -0.000011    0.011266    0.150247  
      1.812421  4.068124  2.718980     0.000010    0.011265   -0.150216  
      0.000000  3.643901  0.065830    -0.000003    0.002877   -0.002384  
      0.000000  7.798531  0.065830     0.000004    0.002877    0.002383  
      1.812421  9.396203  0.064784    -0.000004   -0.000225    0.001333  
      1.812421  2.046229  0.064784     0.000002   -0.000224   -0.001333  
      0.000000  0.000000  0.015287    -0.000001    0.016201   -0.000000  
      1.812421  5.721216  0.037814     0.000000   -0.019383   -0.000001  
      1.812421  5.721216  1.904192    -0.000008   -0.002160    0.000002  
 
   5 f  =   23.866089 THz   149.955061 2PiTHz  796.087047 cm-1    98.702170 meV
             X         Y         Z           dx          dy          dz
      0.000000  1.709092  0.573576    -0.000002   -0.023647   -0.012807  
      0.000000  9.733340  0.573576     0.000001   -0.023647    0.012807  
      1.812421  7.489962  4.361673    -0.000000    0.005160    0.009076  
      1.812421  3.952470  4.361673     0.000000    0.005160   -0.009076  
      0.000000  1.641168  2.174523     0.000011    0.003081   -0.006289  
      0.000000  9.801264  2.174523    -0.000011    0.003082    0.006288  
      1.812421  7.374308  2.718980    -0.000004   -0.002853    0.001397  
      1.812421  4.068124  2.718980     0.000004   -0.002852   -0.001399  
      0.000000  3.643901  0.065830    -0.000005   -0.032807    0.020642  
      0.000000  7.798531  0.065830     0.000012   -0.032806   -0.020643  
      1.812421  9.396203  0.064784    -0.000006   -0.041632   -0.015955  
      1.812421  2.046229  0.064784     0.000004   -0.041632    0.015954  
      0.000000  0.000000  0.015287    -0.000004    0.218317    0.000000  
      1.812421  5.721216  0.037814     0.000001    0.049348   -0.000001  
      1.812421  5.721216  1.904192    -0.000002   -0.003250    0.000001  
 
   6 f  =   20.181739 THz   126.805608 2PiTHz  673.190361 cm-1    83.464930 meV
             X         Y         Z           dx          dy          dz
      0.000000  1.709092  0.573576    -0.013326   -0.000003   -0.000002  
      0.000000  9.733340  0.573576    -0.013327    0.000002   -0.000001  
      1.812421  7.489962  4.361673     0.018994    0.000003   -0.000002  
      1.812421  3.952470  4.361673     0.018993   -0.000003   -0.000001  
      0.000000  1.641168  2.174523    -0.000523    0.000001    0.000001  
      0.000000  9.801264  2.174523    -0.000523   -0.000000    0.000000  
      1.812421  7.374308  2.718980    -0.000383   -0.000000    0.000002  
      1.812421  4.068124  2.718980    -0.000382    0.000000    0.000001  
      0.000000  3.643901  0.065830    -0.128345    0.000005    0.000000  
      0.000000  7.798531  0.065830    -0.128358   -0.000006    0.000000  
      1.812421  9.396203  0.064784     0.113886   -0.000005    0.000001  
      1.812421  2.046229  0.064784     0.113875    0.000004    0.000002  
      0.000000  0.000000  0.015287    -0.011458    0.000004    0.000005  
      1.812421  5.721216  0.037814     0.007201    0.000001    0.000003  
      1.812421  5.721216  1.904192    -0.002157    0.000001    0.000003  
 
   7 f  =   20.080780 THz   126.171262 2PiTHz  669.822720 cm-1    83.047396 meV
             X         Y         Z           dx          dy          dz
      0.000000  1.709092  0.573576     0.013866   -0.000002   -0.000001  
      0.000000  9.733340  0.573576    -0.013865   -0.000002    0.000001  
      1.812421  7.489962  4.361673     0.016649    0.000002   -0.000001  
      1.812421  3.952470  4.361673    -0.016651   -0.000001    0.000002  
      0.000000  1.641168  2.174523     0.000516    0.000000    0.000002  
      0.000000  9.801264  2.174523    -0.000516    0.000001   -0.000002  
      1.812421  7.374308  2.718980     0.000354    0.000002    0.000000  
      1.812421  4.068124  2.718980    -0.000354    0.000005   -0.000002  
      0.000000  3.643901  0.065830     0.126248    0.000006   -0.000002  
      0.000000  7.798531  0.065830    -0.126235    0.000003    0.000000  
      1.812421  9.396203  0.064784     0.117545   -0.000010    0.000006  
      1.812421  2.046229  0.064784    -0.117555   -0.000004   -0.000007  
      0.000000  0.000000  0.015287     0.000001    0.000016    0.000001  
      1.812421  5.721216  0.037814    -0.000000   -0.000010    0.000001  
      1.812421  5.721216  1.904192     0.000000   -0.000005    0.000000  
 
   8 f  =   18.872757 THz   118.581028 2PiTHz  629.527404 cm-1    78.051415 meV
             X         Y         Z           dx          dy          dz
      0.000000  1.709092  0.573576     0.000002   -0.046580    0.002705  
      0.000000  9.733340  0.573576     0.000001    0.046580    0.002704  
      1.812421  7.489962  4.361673    -0.000003    0.042815    0.002620  
      1.812421  3.952470  4.361673     0.000000   -0.042816    0.002619  
      0.000000  1.641168  2.174523    -0.000006    0.009596    0.006066  
      0.000000  9.801264  2.174523    -0.000001   -0.009594    0.006066  
      1.812421  7.374308  2.718980     0.000001   -0.015949    0.011919  
      1.812421  4.068124  2.718980     0.000001    0.015943    0.011920  
      0.000000  3.643901  0.065830    -0.000000    0.087765   -0.028172  
      0.000000  7.798531  0.065830     0.000009   -0.087761   -0.028173  
      1.812421  9.396203  0.064784    -0.000009   -0.088882   -0.031270  
      1.812421  2.046229  0.064784    -0.000008    0.088879   -0.031269  
      0.000000  0.000000  0.015287     0.000002    0.000000    0.028763  
      1.812421  5.721216  0.037814     0.000007   -0.000001    0.015528  
      1.812421  5.721216  1.904192    -0.000001    0.000007    0.011203  
 
   9 f  =   17.861768 THz   112.228799 2PiTHz  595.804452 cm-1    73.870304 meV
             X         Y         Z           dx          dy          dz
      0.000000  1.709092  0.573576     0.000000   -0.000981    0.000604  
      0.000000  9.733340  0.573576    -0.000000   -0.000983   -0.000605  
      1.812421  7.489962  4.361673     0.000002   -0.006840   -0.006359  
      1.812421  3.952470  4.361673    -0.000002   -0.006839    0.006358  
      0.000000  1.641168  2.174523     0.000002    0.002439   -0.001019  
      0.000000  9.801264  2.174523    -0.000002    0.002439    0.001019  
      1.812421  7.374308  2.718980    -0.000002   -0.072547    0.002019  
      1.812421  4.068124  2.718980     0.000002   -0.072548   -0.002018  
      0.000000  3.643901  0.065830     0.000005   -0.001072    0.000237  
      0.000000  7.798531  0.065830    -0.000005   -0.001067   -0.000236  
      1.812421  9.396203  0.064784     0.000001    0.005367    0.000983  
      1.812421  2.046229  0.064784    -0.000002    0.005363   -0.000981  
      0.000000  0.000000  0.015287    -0.000000   -0.004364   -0.000002  
      1.812421  5.721216  0.037814    -0.000000    0.038043    0.000001  
      1.812421  5.721216  1.904192    -0.000002    0.337346   -0.000002  
 
  10 f  =   17.384301 THz   109.228782 2PiTHz  579.877848 cm-1    71.895658 meV
             X         Y         Z           dx          dy          dz
      0.000000  1.709092  0.573576     0.000000   -0.001065    0.000350  
      0.000000  9.733340  0.573576    -0.000000    0.001065    0.000351  
      1.812421  7.489962  4.361673     0.000000    0.001485    0.004002  
      1.812421  3.952470  4.361673    -0.000000   -0.001484    0.004003  
      0.000000  1.641168  2.174523    -0.000001    0.001380   -0.000268  
      0.000000  9.801264  2.174523     0.000001   -0.001379   -0.000268  
      1.812421  7.374308  2.718980     0.000001    0.048218    0.002172  
      1.812421  4.068124  2.718980     0.000001   -0.048219    0.002172  
      0.000000  3.643901  0.065830    -0.000001    0.004199   -0.002598  
      0.000000  7.798531  0.065830    -0.000001   -0.004198   -0.002597  
      1.812421  9.396203  0.064784    -0.000001    0.002333   -0.000056  
      1.812421  2.046229  0.064784    -0.000001   -0.002334   -0.000056  
      0.000000  0.000000  0.015287     0.000000    0.000002   -0.000209  
      1.812421  5.721216  0.037814     0.000001   -0.000002    0.114021  
      1.812421  5.721216  1.904192     0.000000   -0.000002   -0.319244  
 
  11 f  =   15.474763 THz    97.230804 2PiTHz  516.182534 cm-1    63.998449 meV
             X         Y         Z           dx          dy          dz
      0.000000  1.709092  0.573576     0.000036   -0.006805   -0.003539  
      0.000000  9.733340  0.573576     0.000033    0.006806   -0.003537  
      1.812421  7.489962  4.361673     0.000050   -0.006648    0.006099  
      1.812421  3.952470  4.361673     0.000053    0.006651    0.006099  
      0.000000  1.641168  2.174523    -0.000002    0.001824   -0.003161  
      0.000000  9.801264  2.174523    -0.000004   -0.001823   -0.003161  
      1.812421  7.374308  2.718980    -0.000012    0.011897    0.001419  
      1.812421  4.068124  2.718980    -0.000012   -0.011899    0.001419  
      0.000000  3.643901  0.065830    -0.000134   -0.119358    0.029051  
      0.000000  7.798531  0.065830    -0.000122    0.119381    0.029055  
      1.812421  9.396203  0.064784    -0.000150   -0.115190   -0.029850  
      1.812421  2.046229  0.064784    -0.000162    0.115159   -0.029841  
      0.000000  0.000000  0.015287     0.000039   -0.000002    0.035552  
      1.812421  5.721216  0.037814    -0.000003   -0.000007   -0.033607  
      1.812421  5.721216  1.904192    -0.000004    0.000003   -0.030282  
 
  12 f  =   15.405539 THz    96.795858 2PiTHz  513.873478 cm-1    63.712163 meV
             X         Y         Z           dx          dy          dz
      0.000000  1.709092  0.573576     0.026912    0.000028    0.000010  
      0.000000  9.733340  0.573576     0.026909   -0.000028    0.000010  
      1.812421  7.489962  4.361673     0.039435    0.000020   -0.000008  
      1.812421  3.952470  4.361673     0.039440   -0.000019   -0.000008  
      0.000000  1.641168  2.174523    -0.002844   -0.000007    0.000008  
      0.000000  9.801264  2.174523    -0.002844    0.000007    0.000007  
      1.812421  7.374308  2.718980    -0.009578   -0.000023   -0.000001  
      1.812421  4.068124  2.718980    -0.009580    0.000023   -0.000000  
      0.000000  3.643901  0.065830    -0.096704    0.000156   -0.000039  
      0.000000  7.798531  0.065830    -0.096697   -0.000153   -0.000040  
      1.812421  9.396203  0.064784    -0.118359    0.000140    0.000028  
      1.812421  2.046229  0.064784    -0.118369   -0.000146    0.000028  
      0.000000  0.000000  0.015287     0.032541    0.000003   -0.000075  
      1.812421  5.721216  0.037814     0.001357   -0.000002    0.000052  
      1.812421  5.721216  1.904192    -0.002338    0.000001    0.000045  
 
  13 f  =   15.169498 THz    95.312765 2PiTHz  505.999978 cm-1    62.735973 meV
             X         Y         Z           dx          dy          dz
      0.000000  1.709092  0.573576    -0.000001    0.002703   -0.001158  
      0.000000  9.733340  0.573576     0.000002    0.002684    0.001165  
      1.812421  7.489962  4.361673     0.000004   -0.006857   -0.002623  
      1.812421  3.952470  4.361673    -0.000002   -0.006868    0.002629  
      0.000000  1.641168  2.174523     0.000014    0.002851   -0.000429  
      0.000000  9.801264  2.174523    -0.000014    0.002854    0.000436  
      1.812421  7.374308  2.718980    -0.000009    0.001986    0.001082  
      1.812421  4.068124  2.718980     0.000007    0.001987   -0.001075  
      0.000000  3.643901  0.065830     0.000005   -0.122139    0.026226  
      0.000000  7.798531  0.065830    -0.000007   -0.122118   -0.026231  
      1.812421  9.396203  0.064784     0.000002    0.118944    0.029022  
      1.812421  2.046229  0.064784    -0.000006    0.118988   -0.029043  
      0.000000  0.000000  0.015287     0.000002    0.004917   -0.000019  
      1.812421  5.721216  0.037814    -0.000001    0.026544   -0.000006  
      1.812421  5.721216  1.904192     0.000002   -0.018339   -0.000008  
 
  14 f  =   14.966225 THz    94.035566 2PiTHz  499.219533 cm-1    61.895306 meV
             X         Y         Z           dx          dy          dz
      0.000000  1.709092  0.573576    -0.029212   -0.000010   -0.000004  
      0.000000  9.733340  0.573576     0.029214    0.000014    0.000003  
      1.812421  7.489962  4.361673     0.035958   -0.000009    0.000004  
      1.812421  3.952470  4.361673    -0.035955    0.000013    0.000001  
      0.000000  1.641168  2.174523     0.004589    0.000001   -0.000002  
      0.000000  9.801264  2.174523    -0.004587   -0.000006    0.000002  
      1.812421  7.374308  2.718980    -0.005031    0.000005   -0.000000  
      1.812421  4.068124  2.718980     0.005031   -0.000008    0.000001  
      0.000000  3.643901  0.065830     0.103733    0.000000    0.000001  
      0.000000  7.798531  0.065830    -0.103742    0.000002   -0.000002  
      1.812421  9.396203  0.064784    -0.116662   -0.000007   -0.000007  
      1.812421  2.046229  0.064784     0.116651   -0.000000   -0.000001  
      0.000000  0.000000  0.015287     0.000002    0.000000    0.000013  
      1.812421  5.721216  0.037814     0.000000   -0.000009   -0.000014  
      1.812421  5.721216  1.904192     0.000001   -0.000006   -0.000006  
 
  15 f  =   14.834745 THz    93.209453 2PiTHz  494.833836 cm-1    61.351549 meV
             X         Y         Z           dx          dy          dz
      0.000000  1.709092  0.573576    -0.000013    0.066782    0.016566  
      0.000000  9.733340  0.573576    -0.000002   -0.066786    0.016566  
      1.812421  7.489962  4.361673    -0.000007    0.044807    0.002555  
      1.812421  3.952470  4.361673    -0.000017   -0.044812    0.002558  
      0.000000  1.641168  2.174523     0.000002   -0.015094    0.014783  
      0.000000  9.801264  2.174523    -0.000001    0.015093    0.014782  
      1.812421  7.374308  2.718980     0.000002   -0.020963    0.010637  
      1.812421  4.068124  2.718980     0.000003    0.020966    0.010640  
      0.000000  3.643901  0.065830     0.000039   -0.003420   -0.019387  
      0.000000  7.798531  0.065830     0.000009    0.003472   -0.019366  
      1.812421  9.396203  0.064784     0.000014   -0.039752   -0.025831  
      1.812421  2.046229  0.064784     0.000054    0.039721   -0.025826  
      0.000000  0.000000  0.015287     0.000002    0.000002   -0.108071  
      1.812421  5.721216  0.037814     0.000004    0.000005    0.023881  
      1.812421  5.721216  1.904192    -0.000000    0.000000    0.004880  
 
  16 f  =   14.094787 THz    88.560160 2PiTHz  470.151493 cm-1    58.291330 meV
             X         Y         Z           dx          dy          dz
      0.000000  1.709092  0.573576    -0.000003   -0.001058   -0.018804  
      0.000000  9.733340  0.573576     0.000003    0.001058   -0.018803  
      1.812421  7.489962  4.361673     0.000000    0.036756   -0.035564  
      1.812421  3.952470  4.361673    -0.000005   -0.036760   -0.035566  
      0.000000  1.641168  2.174523     0.000004   -0.001414   -0.020587  
      0.000000  9.801264  2.174523    -0.000001    0.001414   -0.020587  
      1.812421  7.374308  2.718980    -0.000002   -0.038117   -0.028815  
      1.812421  4.068124  2.718980     0.000002    0.038119   -0.028818  
      0.000000  3.643901  0.065830     0.000011   -0.032641    0.063210  
      0.000000  7.798531  0.065830    -0.000005    0.032632    0.063205  
      1.812421  9.396203  0.064784    -0.000013    0.007289    0.049274  
      1.812421  2.046229  0.064784     0.000008   -0.007273    0.049271  
      0.000000  0.000000  0.015287     0.000000    0.000002    0.054470  
      1.812421  5.721216  0.037814     0.000010   -0.000001    0.133317  
      1.812421  5.721216  1.904192     0.000001    0.000000    0.073124  
 
  17 f  =   13.708798 THz    86.134921 2PiTHz  457.276294 cm-1    56.695009 meV
             X         Y         Z           dx          dy          dz
      0.000000  1.709092  0.573576    -0.000001   -0.028583    0.010958  
      0.000000  9.733340  0.573576     0.000002   -0.028570   -0.010961  
      1.812421  7.489962  4.361673     0.000003   -0.037690   -0.013529  
      1.812421  3.952470  4.361673    -0.000002   -0.037683    0.013531  
      0.000000  1.641168  2.174523     0.000006    0.003177    0.015833  
      0.000000  9.801264  2.174523    -0.000008    0.003173   -0.015835  
      1.812421  7.374308  2.718980    -0.000006    0.005752   -0.015699  
      1.812421  4.068124  2.718980     0.000005    0.005748    0.015699  
      0.000000  3.643901  0.065830     0.000002    0.076714   -0.068339  
      0.000000  7.798531  0.065830    -0.000003    0.076721    0.068342  
      1.812421  9.396203  0.064784    -0.000007    0.064630    0.043321  
      1.812421  2.046229  0.064784     0.000005    0.064629   -0.043316  
      0.000000  0.000000  0.015287    -0.000001    0.039087    0.000004  
      1.812421  5.721216  0.037814     0.000001    0.099251   -0.000004  
      1.812421  5.721216  1.904192     0.000007   -0.038450   -0.000002  
 
  18 f  =   11.767995 THz    73.940495 2PiTHz  392.538068 cm-1    48.668496 meV
             X         Y         Z           dx          dy          dz
      0.000000  1.709092  0.573576     0.000002    0.023473   -0.030049  
      0.000000  9.733340  0.573576     0.000002   -0.023468   -0.030048  
      1.812421  7.489962  4.361673     0.000002    0.031227    0.025621  
      1.812421  3.952470  4.361673    -0.000002   -0.031233    0.025625  
      0.000000  1.641168  2.174523     0.000000   -0.042568   -0.036453  
      0.000000  9.801264  2.174523    -0.000005    0.042563   -0.036452  
      1.812421  7.374308  2.718980     0.000005   -0.023932    0.033214  
      1.812421  4.068124  2.718980     0.000006    0.023936    0.033219  
      0.000000  3.643901  0.065830     0.000000   -0.001026   -0.032132  
      0.000000  7.798531  0.065830    -0.000002    0.001026   -0.032130  
      1.812421  9.396203  0.064784    -0.000005    0.012693    0.047860  
      1.812421  2.046229  0.064784     0.000001   -0.012691    0.047856  
      0.000000  0.000000  0.015287     0.000005    0.000003    0.125577  
      1.812421  5.721216  0.037814     0.000008   -0.000004   -0.087274  
      1.812421  5.721216  1.904192     0.000004    0.000003   -0.080824  
 
  19 f  =   11.138198 THz    69.983361 2PiTHz  371.530287 cm-1    46.063864 meV
             X         Y         Z           dx          dy          dz
      0.000000  1.709092  0.573576     0.000001   -0.027934   -0.016278  
      0.000000  9.733340  0.573576    -0.000002   -0.027935    0.016280  
      1.812421  7.489962  4.361673     0.000003   -0.023128    0.029111  
      1.812421  3.952470  4.361673    -0.000001   -0.023128   -0.029110  
      0.000000  1.641168  2.174523     0.000002    0.033537   -0.014613  
      0.000000  9.801264  2.174523     0.000000    0.033539    0.014614  
      1.812421  7.374308  2.718980    -0.000006    0.027196    0.023999  
      1.812421  4.068124  2.718980    -0.000000    0.027196   -0.023999  
      0.000000  3.643901  0.065830     0.000000    0.060525    0.094893  
      0.000000  7.798531  0.065830     0.000001    0.060526   -0.094894  
      1.812421  9.396203  0.064784     0.000002    0.059467   -0.058252  
      1.812421  2.046229  0.064784    -0.000002    0.059464    0.058244  
      0.000000  0.000000  0.015287     0.000003   -0.006198    0.000001  
      1.812421  5.721216  0.037814    -0.000002   -0.044818   -0.000005  
      1.812421  5.721216  1.904192     0.000011    0.033518   -0.000005  
 
  20 f  =   10.389106 THz    65.276680 2PiTHz  346.543282 cm-1    42.965872 meV
             X         Y         Z           dx          dy          dz
      0.000000  1.709092  0.573576     0.000001    0.042475   -0.033990  
      0.000000  9.733340  0.573576    -0.000007    0.042479    0.033995  
      1.812421  7.489962  4.361673     0.000005   -0.045111   -0.025393  
      1.812421  3.952470  4.361673     0.000013   -0.045109    0.025391  
      0.000000  1.641168  2.174523    -0.000017   -0.042670   -0.040708  
      0.000000  9.801264  2.174523     0.000022   -0.042664    0.040712  
      1.812421  7.374308  2.718980    -0.000010    0.037618   -0.033063  
      1.812421  4.068124  2.718980    -0.000016    0.037606    0.033059  
      0.000000  3.643901  0.065830     0.000009   -0.005052   -0.035320  
      0.000000  7.798531  0.065830     0.000005   -0.005050    0.035319  
      1.812421  9.396203  0.064784     0.000003    0.009276   -0.067754  
      1.812421  2.046229  0.064784     0.000003    0.009266    0.067730  
      0.000000  0.000000  0.015287     0.000005    0.036465    0.000005  
      1.812421  5.721216  0.037814    -0.000041   -0.031382    0.000006  
      1.812421  5.721216  1.904192     0.000013    0.030529    0.000010  
 
  21 f  =   10.230787 THz    64.281929 2PiTHz  341.262314 cm-1    42.311115 meV
             X         Y         Z           dx          dy          dz
      0.000000  1.709092  0.573576     0.010074    0.000011   -0.000007  
      0.000000  9.733340  0.573576     0.010072    0.000006    0.000007  
      1.812421  7.489962  4.361673    -0.044862   -0.000014   -0.000005  
      1.812421  3.952470  4.361673    -0.044867   -0.000006    0.000004  
      0.000000  1.641168  2.174523    -0.007113   -0.000011   -0.000008  
      0.000000  9.801264  2.174523    -0.007113   -0.000006    0.000008  
      1.812421  7.374308  2.718980     0.058440    0.000041   -0.000008  
      1.812421  4.068124  2.718980     0.058444   -0.000022    0.000005  
      0.000000  3.643901  0.065830    -0.032585   -0.000000   -0.000008  
      0.000000  7.798531  0.065830    -0.032580   -0.000000    0.000003  
      1.812421  9.396203  0.064784    -0.014263    0.000003   -0.000020  
      1.812421  2.046229  0.064784    -0.014265    0.000005    0.000009  
      0.000000  0.000000  0.015287     0.020300    0.000009    0.000007  
      1.812421  5.721216  0.037814     0.197735   -0.000008    0.000003  
      1.812421  5.721216  1.904192    -0.012046    0.000008    0.000026  
 
  22 f  =    9.904386 THz    62.231092 2PiTHz  330.374752 cm-1    40.961230 meV
             X         Y         Z           dx          dy          dz
      0.000000  1.709092  0.573576     0.000001   -0.016746   -0.008360  
      0.000000  9.733340  0.573576     0.000007    0.016750   -0.008351  
      1.812421  7.489962  4.361673    -0.000005    0.011959    0.003583  
      1.812421  3.952470  4.361673    -0.000006   -0.011963    0.003588  
      0.000000  1.641168  2.174523     0.000004    0.077470   -0.004471  
      0.000000  9.801264  2.174523    -0.000014   -0.077469   -0.004461  
      1.812421  7.374308  2.718980     0.000006   -0.054021    0.011344  
      1.812421  4.068124  2.718980     0.000011    0.054029    0.011351  
      0.000000  3.643901  0.065830    -0.000006   -0.000996    0.050294  
      0.000000  7.798531  0.065830    -0.000005    0.000992    0.050298  
      1.812421  9.396203  0.064784    -0.000001   -0.007198    0.077279  
      1.812421  2.046229  0.064784    -0.000005    0.007194    0.077300  
      0.000000  0.000000  0.015287    -0.000001   -0.000002   -0.111637  
      1.812421  5.721216  0.037814     0.000022    0.000002   -0.083133  
      1.812421  5.721216  1.904192    -0.000000    0.000000   -0.103044  
 
  23 f  =    9.260370 THz    58.184623 2PiTHz  308.892708 cm-1    38.297798 meV
             X         Y         Z           dx          dy          dz
      0.000000  1.709092  0.573576     0.000015   -0.025963   -0.019517  
      0.000000  9.733340  0.573576    -0.000013   -0.025966    0.019511  
      1.812421  7.489962  4.361673     0.000016    0.022883   -0.011493  
      1.812421  3.952470  4.361673    -0.000014    0.022887    0.011495  
      0.000000  1.641168  2.174523    -0.000016    0.059591   -0.017904  
      0.000000  9.801264  2.174523     0.000004    0.059600    0.017898  
      1.812421  7.374308  2.718980    -0.000034   -0.031307   -0.002654  
      1.812421  4.068124  2.718980     0.000031   -0.031314    0.002655  
      0.000000  3.643901  0.065830    -0.000002   -0.025067   -0.052926  
      0.000000  7.798531  0.065830     0.000003   -0.025070    0.052912  
      1.812421  9.396203  0.064784     0.000002    0.006282   -0.108215  
      1.812421  2.046229  0.064784    -0.000003    0.006290    0.108226  
      0.000000  0.000000  0.015287    -0.000007   -0.059085    0.000007  
      1.812421  5.721216  0.037814     0.000005    0.082739    0.000009  
      1.812421  5.721216  1.904192    -0.000024   -0.052127    0.000009  
 
  24 f  =    8.970623 THz    56.364090 2PiTHz  299.227791 cm-1    37.099501 meV
             X         Y         Z           dx          dy          dz
      0.000000  1.709092  0.573576    -0.000011   -0.016528    0.020385  
      0.000000  9.733340  0.573576    -0.000002    0.016523    0.020383  
      1.812421  7.489962  4.361673    -0.000008   -0.004240   -0.003970  
      1.812421  3.952470  4.361673    -0.000002    0.004245   -0.003971  
      0.000000  1.641168  2.174523     0.000029   -0.027331    0.023050  
      0.000000  9.801264  2.174523    -0.000001    0.027329    0.023049  
      1.812421  7.374308  2.718980     0.000010   -0.134251    0.010618  
      1.812421  4.068124  2.718980    -0.000009    0.134254    0.010616  
      0.000000  3.643901  0.065830    -0.000004   -0.032739   -0.009832  
      0.000000  7.798531  0.065830    -0.000005    0.032733   -0.009823  
      1.812421  9.396203  0.064784     0.000000    0.042573   -0.068384  
      1.812421  2.046229  0.064784    -0.000004   -0.042574   -0.068376  
      0.000000  0.000000  0.015287    -0.000002   -0.000005    0.017690  
      1.812421  5.721216  0.037814     0.000037    0.000007    0.005699  
      1.812421  5.721216  1.904192    -0.000003    0.000001   -0.088253  
 
  25 f  =    8.079441 THz    50.764626 2PiTHz  269.501148 cm-1    33.413869 meV
             X         Y         Z           dx          dy          dz
      0.000000  1.709092  0.573576     0.004900    0.027501   -0.000791  
      0.000000  9.733340  0.573576     0.004835   -0.027498   -0.000788  
      1.812421  7.489962  4.361673    -0.000257   -0.041719   -0.016988  
      1.812421  3.952470  4.361673    -0.000288    0.041717   -0.016989  
      0.000000  1.641168  2.174523    -0.010091   -0.056749   -0.004967  
      0.000000  9.801264  2.174523    -0.009929    0.056740   -0.004964  
      1.812421  7.374308  2.718980     0.000462   -0.038298   -0.017449  
      1.812421  4.068124  2.718980     0.000495    0.038294   -0.017450  
      0.000000  3.643901  0.065830     0.000199    0.079576    0.075651  
      0.000000  7.798531  0.065830     0.000207   -0.079568    0.075653  
      1.812421  9.396203  0.064784     0.001548   -0.062336    0.011837  
      1.812421  2.046229  0.064784     0.001578    0.062341    0.011837  
      0.000000  0.000000  0.015287    -0.012380    0.000003    0.023395  
      1.812421  5.721216  0.037814    -0.001403   -0.000001   -0.019121  
      1.812421  5.721216  1.904192     0.000064   -0.000000   -0.051052  
 
  26 f  =    8.078941 THz    50.761483 2PiTHz  269.484461 cm-1    33.411800 meV
             X         Y         Z           dx          dy          dz
      0.000000  1.709092  0.573576     0.053489   -0.002497    0.000074  
      0.000000  9.733340  0.573576     0.053503    0.002501    0.000071  
      1.812421  7.489962  4.361673    -0.002890    0.003788    0.001545  
      1.812421  3.952470  4.361673    -0.002884   -0.003790    0.001542  
      0.000000  1.641168  2.174523    -0.109999    0.005146    0.000455  
      0.000000  9.801264  2.174523    -0.110036   -0.005162    0.000455  
      1.812421  7.374308  2.718980     0.005140    0.003472    0.001589  
      1.812421  4.068124  2.718980     0.005131   -0.003460    0.001587  
      0.000000  3.643901  0.065830     0.002288   -0.007239   -0.006888  
      0.000000  7.798531  0.065830     0.002285    0.007240   -0.006894  
      1.812421  9.396203  0.064784     0.017176    0.005669   -0.001080  
      1.812421  2.046229  0.064784     0.017170   -0.005666   -0.001077  
      0.000000  0.000000  0.015287    -0.136452    0.000000   -0.002128  
      1.812421  5.721216  0.037814    -0.015214   -0.000002    0.001752  
      1.812421  5.721216  1.904192     0.000818    0.000006    0.004641  
 
  27 f  =    7.865137 THz    49.418111 2PiTHz  262.352721 cm-1    32.527577 meV
             X         Y         Z           dx          dy          dz
      0.000000  1.709092  0.573576    -0.053458    0.000010   -0.000002  
      0.000000  9.733340  0.573576     0.053449   -0.000024   -0.000003  
      1.812421  7.489962  4.361673    -0.036135   -0.000028   -0.000015  
      1.812421  3.952470  4.361673     0.036136    0.000025   -0.000004  
      0.000000  1.641168  2.174523     0.119116   -0.000011   -0.000012  
      0.000000  9.801264  2.174523    -0.119106    0.000066    0.000002  
      1.812421  7.374308  2.718980     0.056348    0.000020   -0.000020  
      1.812421  4.068124  2.718980    -0.056349    0.000033   -0.000004  
      0.000000  3.643901  0.065830     0.013380    0.000040    0.000020  
      0.000000  7.798531  0.065830    -0.013378   -0.000062    0.000057  
      1.812421  9.396203  0.064784     0.021309   -0.000055   -0.000015  
      1.812421  2.046229  0.064784    -0.021310    0.000032    0.000048  
      0.000000  0.000000  0.015287     0.000014   -0.000025    0.000014  
      1.812421  5.721216  0.037814     0.000007    0.000011   -0.000006  
      1.812421  5.721216  1.904192    -0.000001    0.000021   -0.000017  
 
  28 f  =    7.190597 THz    45.179852 2PiTHz  239.852490 cm-1    29.737905 meV
             X         Y         Z           dx          dy          dz
      0.000000  1.709092  0.573576    -0.000000   -0.000418    0.008259  
      0.000000  9.733340  0.573576     0.000007    0.000413    0.008252  
      1.812421  7.489962  4.361673    -0.000016    0.036746   -0.005848  
      1.812421  3.952470  4.361673     0.000001   -0.036747   -0.005843  
      0.000000  1.641168  2.174523    -0.000016   -0.000055    0.008009  
      0.000000  9.801264  2.174523    -0.000006    0.000090    0.008001  
      1.812421  7.374308  2.718980     0.000025    0.050953   -0.008259  
      1.812421  4.068124  2.718980     0.000009   -0.050963   -0.008255  
      0.000000  3.643901  0.065830     0.000001    0.011962    0.105775  
      0.000000  7.798531  0.065830    -0.000011   -0.011971    0.105784  
      1.812421  9.396203  0.064784    -0.000000    0.049127   -0.077529  
      1.812421  2.046229  0.064784     0.000002   -0.049135   -0.077525  
      0.000000  0.000000  0.015287    -0.000012   -0.000002    0.026342  
      1.812421  5.721216  0.037814    -0.000034   -0.000001   -0.084169  
      1.812421  5.721216  1.904192    -0.000007   -0.000004   -0.033747  
 
  29 f  =    7.029374 THz    44.166862 2PiTHz  234.474689 cm-1    29.071143 meV
             X         Y         Z           dx          dy          dz
      0.000000  1.709092  0.573576    -0.000024    0.011145   -0.017089  
      0.000000  9.733340  0.573576    -0.000001    0.011148    0.017090  
      1.812421  7.489962  4.361673     0.000016    0.024172    0.023085  
      1.812421  3.952470  4.361673     0.000014    0.024161   -0.023085  
      0.000000  1.641168  2.174523     0.000079   -0.110140   -0.023480  
      0.000000  9.801264  2.174523    -0.000005   -0.110136    0.023480  
      1.812421  7.374308  2.718980    -0.000017   -0.085590    0.033060  
      1.812421  4.068124  2.718980    -0.000016   -0.085601   -0.033061  
      0.000000  3.643901  0.065830     0.000002    0.037454   -0.001155  
      0.000000  7.798531  0.065830     0.000012    0.037460    0.001166  
      1.812421  9.396203  0.064784     0.000004    0.045447   -0.014997  
      1.812421  2.046229  0.064784    -0.000026    0.045437    0.014990  
      0.000000  0.000000  0.015287    -0.000095    0.011606   -0.000003  
      1.812421  5.721216  0.037814     0.000051    0.022878   -0.000009  
      1.812421  5.721216  1.904192     0.000020   -0.075360   -0.000003  
 
  30 f  =    6.952324 THz    43.682739 2PiTHz  231.904564 cm-1    28.752488 meV
             X         Y         Z           dx          dy          dz
      0.000000  1.709092  0.573576    -0.020680    0.000002    0.000011  
      0.000000  9.733340  0.573576    -0.020701   -0.000014   -0.000009  
      1.812421  7.489962  4.361673     0.028087   -0.000014   -0.000014  
      1.812421  3.952470  4.361673     0.028161   -0.000012    0.000009  
      0.000000  1.641168  2.174523     0.065102    0.000039    0.000011  
      0.000000  9.801264  2.174523     0.065224    0.000059   -0.000012  
      1.812421  7.374308  2.718980    -0.042616    0.000065   -0.000022  
      1.812421  4.068124  2.718980    -0.042794    0.000046    0.000013  
      0.000000  3.643901  0.065830     0.014082   -0.000002    0.000024  
      0.000000  7.798531  0.065830     0.014017   -0.000040    0.000022  
      1.812421  9.396203  0.064784    -0.018768   -0.000035    0.000010  
      1.812421  2.046229  0.064784    -0.018723   -0.000014   -0.000003  
      0.000000  0.000000  0.015287    -0.178866   -0.000011    0.000002  
      1.812421  5.721216  0.037814     0.097482   -0.000009   -0.000016  
      1.812421  5.721216  1.904192    -0.003084    0.000048   -0.000008  
 
  31 f  =    6.888811 THz    43.283676 2PiTHz  229.786001 cm-1    28.489820 meV
             X         Y         Z           dx          dy          dz
      0.000000  1.709092  0.573576    -0.015455   -0.000005    0.000028  
      0.000000  9.733340  0.573576     0.015423   -0.000009   -0.000023  
      1.812421  7.489962  4.361673     0.046181   -0.000002    0.000018  
      1.812421  3.952470  4.361673    -0.046139    0.000003   -0.000025  
      0.000000  1.641168  2.174523     0.079568   -0.000091    0.000014  
      0.000000  9.801264  2.174523    -0.079463   -0.000060   -0.000010  
      1.812421  7.374308  2.718980    -0.121790    0.000119    0.000001  
      1.812421  4.068124  2.718980     0.121718    0.000115   -0.000010  
      0.000000  3.643901  0.065830    -0.041243   -0.000005    0.000002  
      0.000000  7.798531  0.065830     0.041261   -0.000029    0.000030  
      1.812421  9.396203  0.064784     0.029287   -0.000031   -0.000032  
      1.812421  2.046229  0.064784    -0.029317   -0.000023    0.000016  
      0.000000  0.000000  0.015287    -0.000134   -0.000036    0.000005  
      1.812421  5.721216  0.037814     0.000068    0.000045   -0.000007  
      1.812421  5.721216  1.904192    -0.000002    0.000105   -0.000007  
 
  32 f  =    6.005748 THz    37.735229 2PiTHz  200.330198 cm-1    24.837768 meV
             X         Y         Z           dx          dy          dz
      0.000000  1.709092  0.573576     0.000032   -0.027492    0.016544  
      0.000000  9.733340  0.573576    -0.000038   -0.027489   -0.016543  
      1.812421  7.489962  4.361673    -0.000035    0.018483    0.019667  
      1.812421  3.952470  4.361673     0.000040    0.018476   -0.019670  
      0.000000  1.641168  2.174523    -0.000079   -0.086978    0.015923  
      0.000000  9.801264  2.174523     0.000046   -0.086965   -0.015923  
      1.812421  7.374308  2.718980     0.000086    0.106673    0.017584  
      1.812421  4.068124  2.718980    -0.000128    0.106655   -0.017590  
      0.000000  3.643901  0.065830     0.000046   -0.020708   -0.032968  
      0.000000  7.798531  0.065830    -0.000037   -0.020711    0.032977  
      1.812421  9.396203  0.064784    -0.000034    0.001940   -0.033931  
      1.812421  2.046229  0.064784     0.000041    0.001942    0.033934  
      0.000000  0.000000  0.015287     0.000035   -0.026398   -0.000001  
      1.812421  5.721216  0.037814     0.000011    0.035621   -0.000008  
      1.812421  5.721216  1.904192    -0.000052    0.106729   -0.000003  
 
  33 f  =    5.765005 THz    36.222592 2PiTHz  192.299855 cm-1    23.842133 meV
             X         Y         Z           dx          dy          dz
      0.000000  1.709092  0.573576    -0.003345    0.000003   -0.000007  
      0.000000  9.733340  0.573576    -0.003347    0.000004    0.000011  
      1.812421  7.489962  4.361673     0.019999    0.000002   -0.000009  
      1.812421  3.952470  4.361673     0.020002   -0.000002    0.000005  
      0.000000  1.641168  2.174523    -0.069239    0.000004   -0.000006  
      0.000000  9.801264  2.174523    -0.069233    0.000015    0.000011  
      1.812421  7.374308  2.718980    -0.123137   -0.000012   -0.000012  
      1.812421  4.068124  2.718980    -0.123124   -0.000029    0.000001  
      0.000000  3.643901  0.065830     0.027969    0.000010    0.000032  
      0.000000  7.798531  0.065830     0.027966    0.000005    0.000004  
      1.812421  9.396203  0.064784     0.020021    0.000000    0.000011  
      1.812421  2.046229  0.064784     0.020025   -0.000006   -0.000023  
      0.000000  0.000000  0.015287     0.086042    0.000002    0.000004  
      1.812421  5.721216  0.037814     0.100790   -0.000000   -0.000017  
      1.812421  5.721216  1.904192    -0.009993   -0.000021   -0.000010  
 
  34 f  =    4.648989 THz    29.210457 2PiTHz  155.073567 cm-1    19.226663 meV
             X         Y         Z           dx          dy          dz
      0.000000  1.709092  0.573576    -0.000006   -0.029008    0.028531  
      0.000000  9.733340  0.573576    -0.000031    0.029011    0.028535  
      1.812421  7.489962  4.361673     0.000024    0.017096   -0.023782  
      1.812421  3.952470  4.361673     0.000010   -0.017100   -0.023782  
      0.000000  1.641168  2.174523    -0.000022   -0.116604    0.025073  
      0.000000  9.801264  2.174523    -0.000040    0.116624    0.025076  
      1.812421  7.374308  2.718980     0.000059    0.027138   -0.027339  
      1.812421  4.068124  2.718980     0.000023   -0.027144   -0.027340  
      0.000000  3.643901  0.065830     0.000006   -0.024281   -0.015725  
      0.000000  7.798531  0.065830     0.000010    0.024278   -0.015725  
      1.812421  9.396203  0.064784    -0.000013    0.001134    0.061036  
      1.812421  2.046229  0.064784    -0.000000   -0.001141    0.061029  
      0.000000  0.000000  0.015287     0.000002   -0.000001   -0.055668  
      1.812421  5.721216  0.037814     0.000005   -0.000003   -0.050141  
      1.812421  5.721216  1.904192     0.000018   -0.000004   -0.027525  
 
  35 f  =    4.384383 THz    27.547888 2PiTHz  146.247258 cm-1    18.132341 meV
             X         Y         Z           dx          dy          dz
      0.000000  1.709092  0.573576     0.052778   -0.000022   -0.000001  
      0.000000  9.733340  0.573576     0.052659    0.000003    0.000021  
      1.812421  7.489962  4.361673    -0.043323    0.000017   -0.000025  
      1.812421  3.952470  4.361673    -0.043451    0.000001    0.000011  
      0.000000  1.641168  2.174523     0.085218   -0.000063   -0.000004  
      0.000000  9.801264  2.174523     0.085024    0.000029    0.000019  
      1.812421  7.374308  2.718980    -0.088289    0.000018   -0.000028  
      1.812421  4.068124  2.718980    -0.088547   -0.000008    0.000008  
      0.000000  3.643901  0.065830    -0.023883   -0.000004    0.000015  
      0.000000  7.798531  0.065830    -0.023814    0.000017   -0.000029  
      1.812421  9.396203  0.064784     0.016648    0.000001    0.000034  
      1.812421  2.046229  0.064784     0.016679   -0.000003    0.000013  
      0.000000  0.000000  0.015287    -0.000065   -0.000011   -0.000022  
      1.812421  5.721216  0.037814    -0.027471    0.000014   -0.000020  
      1.812421  5.721216  1.904192    -0.023500    0.000000   -0.000010  
 
  36 f  =    4.358398 THz    27.384621 2PiTHz  145.380503 cm-1    18.024877 meV
             X         Y         Z           dx          dy          dz
      0.000000  1.709092  0.573576     0.049863    0.000093    0.000105  
      0.000000  9.733340  0.573576    -0.050004    0.000081   -0.000112  
      1.812421  7.489962  4.361673     0.048308   -0.000081    0.000149  
      1.812421  3.952470  4.361673    -0.048196   -0.000079   -0.000145  
      0.000000  1.641168  2.174523     0.078709    0.000145    0.000107  
      0.000000  9.801264  2.174523    -0.078930    0.000096   -0.000112  
      1.812421  7.374308  2.718980     0.094282   -0.000076    0.000153  
      1.812421  4.068124  2.718980    -0.094070   -0.000079   -0.000148  
      0.000000  3.643901  0.065830    -0.024278   -0.000041   -0.000182  
      0.000000  7.798531  0.065830     0.024337   -0.000056    0.000197  
      1.812421  9.396203  0.064784    -0.015061    0.000020   -0.000137  
      1.812421  2.046229  0.064784     0.015014    0.000018    0.000111  
      0.000000  0.000000  0.015287    -0.000004    0.000105    0.000012  
      1.812421  5.721216  0.037814     0.000037   -0.000120    0.000005  
      1.812421  5.721216  1.904192     0.000030   -0.000032    0.000005  
 
  37 f  =    4.290395 THz    26.957344 2PiTHz  143.112157 cm-1    17.743638 meV
             X         Y         Z           dx          dy          dz
      0.000000  1.709092  0.573576     0.000129   -0.026101   -0.034888  
      0.000000  9.733340  0.573576    -0.000165   -0.026093    0.034881  
      1.812421  7.489962  4.361673     0.000154    0.025465   -0.053051  
      1.812421  3.952470  4.361673    -0.000131    0.025463    0.053064  
      0.000000  1.641168  2.174523     0.000215   -0.036693   -0.036152  
      0.000000  9.801264  2.174523    -0.000263   -0.036667    0.036145  
      1.812421  7.374308  2.718980     0.000314    0.022981   -0.053709  
      1.812421  4.068124  2.718980    -0.000226    0.022977    0.053722  
      0.000000  3.643901  0.065830    -0.000070    0.018382    0.068313  
      0.000000  7.798531  0.065830     0.000078    0.018382   -0.068292  
      1.812421  9.396203  0.064784    -0.000054   -0.007164    0.041148  
      1.812421  2.046229  0.064784     0.000036   -0.007170   -0.041158  
      0.000000  0.000000  0.015287    -0.000009   -0.033640   -0.000010  
      1.812421  5.721216  0.037814    -0.000005    0.039792    0.000008  
      1.812421  5.721216  1.904192    -0.000039    0.006297    0.000010  
 
  38 f  =    2.659185 THz    16.708154 2PiTHz   88.700875 cm-1    10.997502 meV
             X         Y         Z           dx          dy          dz
      0.000000  1.709092  0.573576    -0.000002    0.020546    0.041640  
      0.000000  9.733340  0.573576     0.000006   -0.020564    0.041705  
      1.812421  7.489962  4.361673    -0.000001    0.002960   -0.042302  
      1.812421  3.952470  4.361673    -0.000000   -0.002956   -0.042321  
      0.000000  1.641168  2.174523     0.000000    0.073927    0.044939  
      0.000000  9.801264  2.174523     0.000007   -0.073914    0.045002  
      1.812421  7.374308  2.718980    -0.000002    0.002753   -0.042554  
      1.812421  4.068124  2.718980     0.000001   -0.002730   -0.042572  
      0.000000  3.643901  0.065830    -0.000002    0.001743   -0.040300  
      0.000000  7.798531  0.065830     0.000001   -0.001751   -0.040264  
      1.812421  9.396203  0.064784     0.000004   -0.009432    0.027736  
      1.812421  2.046229  0.064784    -0.000001    0.009416    0.027657  
      0.000000  0.000000  0.015287     0.000002   -0.000018    0.101135  
      1.812421  5.721216  0.037814    -0.000003    0.000003   -0.050607  
      1.812421  5.721216  1.904192     0.000017    0.000014   -0.046129  
 
  39 f  =    2.209304 THz    13.881467 2PiTHz   73.694454 cm-1     9.136944 meV
             X         Y         Z           dx          dy          dz
      0.000000  1.709092  0.573576    -0.000032   -0.006652   -0.059196  
      0.000000  9.733340  0.573576     0.000033   -0.006634    0.059147  
      1.812421  7.489962  4.361673     0.000039   -0.000705    0.037526  
      1.812421  3.952470  4.361673    -0.000044   -0.000703   -0.037494  
      0.000000  1.641168  2.174523    -0.000033    0.029867   -0.057512  
      0.000000  9.801264  2.174523     0.000035    0.029929    0.057459  
      1.812421  7.374308  2.718980     0.000052    0.024444    0.035780  
      1.812421  4.068124  2.718980    -0.000049    0.024445   -0.035748  
      0.000000  3.643901  0.065830    -0.000042   -0.009916   -0.054644  
      0.000000  7.798531  0.065830     0.000036   -0.009917    0.054675  
      1.812421  9.396203  0.064784     0.000030   -0.014582    0.074166  
      1.812421  2.046229  0.064784    -0.000034   -0.014593   -0.074208  
      0.000000  0.000000  0.015287    -0.000007   -0.026635   -0.000048  
      1.812421  5.721216  0.037814    -0.000005   -0.004413    0.000019  
      1.812421  5.721216  1.904192    -0.000010    0.033024    0.000017  
 
  40 f  =    1.957843 THz    12.301489 2PiTHz   65.306605 cm-1     8.096983 meV
             X         Y         Z           dx          dy          dz
      0.000000  1.709092  0.573576    -0.056405   -0.000010    0.000038  
      0.000000  9.733340  0.573576     0.056388   -0.000006   -0.000041  
      1.812421  7.489962  4.361673     0.049804    0.000007   -0.000028  
      1.812421  3.952470  4.361673    -0.049804    0.000004    0.000029  
      0.000000  1.641168  2.174523    -0.067138   -0.000035    0.000043  
      0.000000  9.801264  2.174523     0.067114   -0.000027   -0.000046  
      1.812421  7.374308  2.718980     0.065998   -0.000004   -0.000022  
      1.812421  4.068124  2.718980    -0.066004   -0.000005    0.000023  
      0.000000  3.643901  0.065830    -0.045610   -0.000003    0.000025  
      0.000000  7.798531  0.065830     0.045605    0.000001   -0.000024  
      1.812421  9.396203  0.064784     0.047790    0.000019   -0.000058  
      1.812421  2.046229  0.064784    -0.047801    0.000016    0.000059  
      0.000000  0.000000  0.015287    -0.000005    0.000021   -0.000005  
      1.812421  5.721216  0.037814    -0.000000   -0.000008    0.000000  
      1.812421  5.721216  1.904192    -0.000000   -0.000005    0.000001  
 
  41 f  =    0.011967 THz     0.075191 2PiTHz    0.399175 cm-1     0.049491 meV
             X         Y         Z           dx          dy          dz
      0.000000  1.709092  0.573576     0.051878   -0.000239   -0.000315  
      0.000000  9.733340  0.573576     0.051884   -0.000240   -0.000312  
      1.812421  7.489962  4.361673     0.051924   -0.000234   -0.000317  
      1.812421  3.952470  4.361673     0.051911   -0.000233   -0.000314  
      0.000000  1.641168  2.174523     0.051866   -0.000235   -0.000315  
      0.000000  9.801264  2.174523     0.051871   -0.000241   -0.000312  
      1.812421  7.374308  2.718980     0.051913   -0.000231   -0.000317  
      1.812421  4.068124  2.718980     0.051899   -0.000231   -0.000314  
      0.000000  3.643901  0.065830     0.051961   -0.000236   -0.000308  
      0.000000  7.798531  0.065830     0.051972   -0.000239   -0.000306  
      1.812421  9.396203  0.064784     0.051940   -0.000236   -0.000323  
      1.812421  2.046229  0.064784     0.051932   -0.000237   -0.000325  
      0.000000  0.000000  0.015287     0.051952   -0.000238   -0.000311  
      1.812421  5.721216  0.037814     0.051929   -0.000236   -0.000316  
      1.812421  5.721216  1.904192     0.053053   -0.000231   -0.000316  
 
  42 fi =    0.008509 THz     0.053465 2PiTHz    0.283837 cm-1     0.035191 meV
             X         Y         Z           dx          dy          dz
      0.000000  1.709092  0.573576     0.000232    0.051930   -0.000241  
      0.000000  9.733340  0.573576     0.000239    0.051928    0.000113  
      1.812421  7.489962  4.361673     0.000235    0.051907    0.000032  
      1.812421  3.952470  4.361673     0.000235    0.051905   -0.000167  
      0.000000  1.641168  2.174523     0.000231    0.052105   -0.000232  
      0.000000  9.801264  2.174523     0.000243    0.052101    0.000104  
      1.812421  7.374308  2.718980     0.000234    0.052027    0.000021  
      1.812421  4.068124  2.718980     0.000235    0.052026   -0.000155  
      0.000000  3.643901  0.065830     0.000235    0.051915   -0.000190  
      0.000000  7.798531  0.065830     0.000236    0.051915    0.000057  
      1.812421  9.396203  0.064784     0.000238    0.051826    0.000197  
      1.812421  2.046229  0.064784     0.000233    0.051826   -0.000328  
      0.000000  0.000000  0.015287     0.000236    0.051826   -0.000061  
      1.812421  5.721216  0.037814     0.000235    0.051905   -0.000068  
      1.812421  5.721216  1.904192     0.000240    0.052030   -0.000068  
 
  43 fi =    0.021942 THz     0.137866 2PiTHz    0.731909 cm-1     0.090745 meV
             X         Y         Z           dx          dy          dz
      0.000000  1.709092  0.573576    -0.000315    0.000060   -0.051745  
      0.000000  9.733340  0.573576    -0.000316   -0.000188   -0.051753  
      1.812421  7.489962  4.361673    -0.000315   -0.000085   -0.052096  
      1.812421  3.952470  4.361673    -0.000314   -0.000042   -0.052085  
      0.000000  1.641168  2.174523    -0.000312    0.000418   -0.051716  
      0.000000  9.801264  2.174523    -0.000313   -0.000552   -0.051724  
      1.812421  7.374308  2.718980    -0.000316   -0.000047   -0.052098  
      1.812421  4.068124  2.718980    -0.000315   -0.000085   -0.052087  
      0.000000  3.643901  0.065830    -0.000315   -0.000087   -0.052357  
      0.000000  7.798531  0.065830    -0.000315   -0.000038   -0.052372  
      1.812421  9.396203  0.064784    -0.000316   -0.000104   -0.051932  
      1.812421  2.046229  0.064784    -0.000316   -0.000023   -0.051922  
      0.000000  0.000000  0.015287    -0.000316   -0.000063   -0.051343  
      1.812421  5.721216  0.037814    -0.000313   -0.000062   -0.051895  
      1.812421  5.721216  1.904192    -0.000323   -0.000067   -0.051967  
 
  44 fi =    4.539229 THz    28.520816 2PiTHz  151.412374 cm-1    18.772733 meV
             X         Y         Z           dx          dy          dz
      0.000000  1.709092  0.573576     0.004022    0.000013    0.000005  
      0.000000  9.733340  0.573576     0.004022    0.000013   -0.000001  
      1.812421  7.489962  4.361673     0.010441   -0.000011    0.000007  
      1.812421  3.952470  4.361673     0.010439   -0.000013   -0.000009  
      0.000000  1.641168  2.174523     0.003340    0.000007    0.000004  
      0.000000  9.801264  2.174523     0.003340    0.000003   -0.000000  
      1.812421  7.374308  2.718980     0.014798   -0.000016    0.000004  
      1.812421  4.068124  2.718980     0.014797   -0.000017   -0.000008  
      0.000000  3.643901  0.065830     0.010439    0.000003    0.000003  
      0.000000  7.798531  0.065830     0.010439    0.000008   -0.000014  
      1.812421  9.396203  0.064784     0.006541    0.000002    0.000006  
      1.812421  2.046229  0.064784     0.006541   -0.000000    0.000003  
      0.000000  0.000000  0.015287     0.005475    0.000006    0.000003  
      1.812421  5.721216  0.037814    -0.000859    0.000009   -0.000001  
      1.812421  5.721216  1.904192    -0.372855   -0.000022   -0.000002  
 
  45 fi =   14.060068 THz    88.342015 2PiTHz  468.993401 cm-1    58.147745 meV
             X         Y         Z           dx          dy          dz
      0.000000  1.709092  0.573576     0.000004   -0.029141   -0.001404  
      0.000000  9.733340  0.573576    -0.000005   -0.029140    0.001404  
      1.812421  7.489962  4.361673     0.000006    0.030154   -0.015317  
      1.812421  3.952470  4.361673    -0.000003    0.030153    0.015316  
      0.000000  1.641168  2.174523     0.000028    0.004882    0.002145  
      0.000000  9.801264  2.174523    -0.000032    0.004882   -0.002145  
      1.812421  7.374308  2.718980    -0.000034   -0.011990   -0.030889  
      1.812421  4.068124  2.718980     0.000031   -0.011985    0.030890  
      0.000000  3.643901  0.065830    -0.000009    0.009070   -0.060538  
      0.000000  7.798531  0.065830     0.000013    0.009071    0.060535  
      1.812421  9.396203  0.064784    -0.000003    0.049774   -0.000810  
      1.812421  2.046229  0.064784     0.000003    0.049774    0.000814  
      0.000000  0.000000  0.015287    -0.000005    0.052515   -0.000005  
      1.812421  5.721216  0.037814     0.000002   -0.178185   -0.000000  
      1.812421  5.721216  1.904192    -0.000048    0.036574    0.000002  
 
