 ion    1
    1     5.80887     0.00089    -0.00082
    2    -0.00208    11.71207     0.79961
    3     0.00033     0.06204     2.67742
 ion    2
    1     5.80887    -0.00077    -0.00083
    2     0.00244    11.71209    -0.79960
    3     0.00049    -0.06200     2.67739
 ion    3
    1     4.84279     0.00033     0.00108
    2    -0.00539    -0.48583     1.54510
    3    -0.00032     0.00637     3.03102
 ion    4
    1     4.84281    -0.00043     0.00102
    2     0.00531    -0.48633    -1.54498
    3    -0.00016    -0.00646     3.03090
 ion    5
    1    -0.42042    -0.00025     0.00015
    2    -0.00224    -0.78890    -0.28880
    3    -0.00001    -0.07897    -1.77173
 ion    6
    1    -0.42043     0.00024     0.00014
    2     0.00262    -0.78885     0.28852
    3     0.00002     0.07892    -1.77156
 ion    7
    1    -0.59756     0.00025    -0.00010
    2     0.00233     0.32767     0.62892
    3    -0.00010    -0.21218    -2.39440
 ion    8
    1    -0.59756    -0.00022    -0.00013
    2    -0.00215     0.32711    -0.62932
    3     0.00001     0.21230    -2.39447
 ion    9
    1    -4.43739     0.00021    -0.00138
    2    -0.00018    -3.31050     2.26869
    3     0.00016     0.23013    -0.77345
 ion   10
    1    -4.43739    -0.00025    -0.00143
    2    -0.00110    -3.31050    -2.26842
    3     0.00008    -0.23014    -0.77340
 ion   11
    1    -4.79657     0.00041     0.00100
    2     0.00008    -4.60970    -1.34186
    3    -0.00015    -0.36672    -0.69316
 ion   12
    1    -4.79657    -0.00045     0.00101
    2    -0.00003    -4.60968     1.34154
    3    -0.00027     0.36672    -0.69317
 ion   13
    1    -0.93173    -0.00006    -0.00015
    2     0.00042   -12.70056     0.00072
    3     0.00008     0.00000    -0.60484
 ion   14
    1    -0.70823     0.00010     0.00042
    2    -0.00003     7.69611    -0.00007
    3    -0.00015    -0.00002    -1.02355
 ion   15
    1     0.84051    -0.00002     0.00000
    2     0.00002    -0.68423    -0.00007
    3    -0.00002     0.00000     1.47701
