 Eigenvectors and eigenvalues of the dynamical matrix
 ----------------------------------------------------
 
 
   1 f  =   10.030935 THz    63.026226 2PiTHz  334.595990 cm-1    41.484597 meV
             X         Y         Z           dx          dy          dz
     -0.000000  1.899903  3.253311            0           0           0  
     -1.645365  4.749757  3.253311            0           0           0  
      3.290728  1.899903  3.253311            0           0           0  
      1.645364  4.749757  3.253311            0           0           0  
      1.645364  0.949943  9.763246    -0.000000   -0.002238    0.005015  
     -0.000007  3.799809  9.763246    -0.001946    0.001124    0.005015  
      4.936093  0.949951  9.745651     0.000001   -0.000000    0.020430  
      3.290735  3.799809  9.763246     0.001947    0.001125    0.005014  
      1.645364  0.949951  1.581663            0           0           0  
     -0.000001  3.799806  1.581663            0           0           0  
      4.936093  0.949951  1.581663            0           0           0  
      3.290728  3.799806  1.581663            0           0           0  
      1.645364  0.949951  4.924959            0           0           0  
     -0.000001  3.799806  4.924959            0           0           0  
      4.936093  0.949951  4.924959            0           0           0  
      3.290728  3.799806  4.924959            0           0           0  
     -0.000257  1.899754  8.076756     0.000687    0.000395   -0.005920  
     -1.645365  4.749757  8.081979     0.000000   -0.000002   -0.002971  
      3.290986  1.899754  8.076756    -0.000687    0.000395   -0.005921  
      1.645364  4.750054  8.076756    -0.000000   -0.000792   -0.005920  
      0.000557  1.900225 11.456491    -0.019620   -0.011329   -0.015379  
     -1.645365  4.749757 11.445642     0.000000   -0.000002   -0.005612  
      3.290171  1.900225 11.456491     0.019619   -0.011329   -0.015377  
      1.645364  4.749114 11.456491    -0.000001    0.022655   -0.015378  
      1.645364  2.849854 13.094834     0.000002    0.000001    0.329707  
 
   2 f  =    9.359355 THz    58.806564 2PiTHz  312.194491 cm-1    38.707166 meV
             X         Y         Z           dx          dy          dz
     -0.000000  1.899903  3.253311            0           0           0  
     -1.645365  4.749757  3.253311            0           0           0  
      3.290728  1.899903  3.253311            0           0           0  
      1.645364  4.749757  3.253311            0           0           0  
      1.645364  0.949943  9.763246     0.000001    0.000458    0.044781  
     -0.000007  3.799809  9.763246     0.000397   -0.000229    0.044780  
      4.936093  0.949951  9.745651     0.000001   -0.000001    0.018392  
      3.290735  3.799809  9.763246    -0.000396   -0.000230    0.044779  
      1.645364  0.949951  1.581663            0           0           0  
     -0.000001  3.799806  1.581663            0           0           0  
      4.936093  0.949951  1.581663            0           0           0  
      3.290728  3.799806  1.581663            0           0           0  
      1.645364  0.949951  4.924959            0           0           0  
     -0.000001  3.799806  4.924959            0           0           0  
      4.936093  0.949951  4.924959            0           0           0  
      3.290728  3.799806  4.924959            0           0           0  
     -0.000257  1.899754  8.076756    -0.003532   -0.002040   -0.024073  
     -1.645365  4.749757  8.081979    -0.000001    0.000000   -0.029845  
      3.290986  1.899754  8.076756     0.003530   -0.002038   -0.024073  
      1.645364  4.750054  8.076756     0.000000    0.004077   -0.024072  
      0.000557  1.900225 11.456491     0.008303    0.004794   -0.016857  
     -1.645365  4.749757 11.445642    -0.000000    0.000001   -0.026451  
      3.290171  1.900225 11.456491    -0.008304    0.004796   -0.016857  
      1.645364  4.749114 11.456491     0.000001   -0.009586   -0.016856  
      1.645364  2.849854 13.094834     0.000004   -0.000005   -0.070116  
 
   3 f  =    8.421298 THz    52.912576 2PiTHz  280.904266 cm-1    34.827674 meV
             X         Y         Z           dx          dy          dz
     -0.000000  1.899903  3.253311            0           0           0  
     -1.645365  4.749757  3.253311            0           0           0  
      3.290728  1.899903  3.253311            0           0           0  
      1.645364  4.749757  3.253311            0           0           0  
      1.645364  0.949943  9.763246    -0.001237   -0.007304    0.063416  
     -0.000007  3.799809  9.763246    -0.000573   -0.004095   -0.013525  
      4.936093  0.949951  9.745651    -0.004770   -0.014394   -0.000003  
      3.290735  3.799809  9.763246    -0.003675   -0.005126   -0.049892  
      1.645364  0.949951  1.581663            0           0           0  
     -0.000001  3.799806  1.581663            0           0           0  
      4.936093  0.949951  1.581663            0           0           0  
      3.290728  3.799806  1.581663            0           0           0  
      1.645364  0.949951  4.924959            0           0           0  
     -0.000001  3.799806  4.924959            0           0           0  
      4.936093  0.949951  4.924959            0           0           0  
      3.290728  3.799806  4.924959            0           0           0  
     -0.000257  1.899754  8.076756    -0.010365    0.015154   -0.017554  
     -1.645365  4.749757  8.081979    -0.006079   -0.018368   -0.000001  
      3.290986  1.899754  8.076756     0.013815    0.023160   -0.004760  
      1.645364  4.750054  8.076756     0.008656   -0.001778    0.022313  
      0.000557  1.900225 11.456491     0.016838   -0.003835   -0.003447  
     -1.645365  4.749757 11.445642     0.008033    0.024256   -0.000001  
      3.290171  1.900225 11.456491    -0.011611   -0.013254   -0.000934  
      1.645364  4.749114 11.456491    -0.005546    0.016095    0.004386  
      1.645364  2.849854 13.094834    -0.014456   -0.043630    0.000007  
 
   4 f  =    8.421276 THz    52.912439 2PiTHz  280.903538 cm-1    34.827584 meV
             X         Y         Z           dx          dy          dz
     -0.000000  1.899903  3.253311            0           0           0  
     -1.645365  4.749757  3.253311            0           0           0  
      3.290728  1.899903  3.253311            0           0           0  
      1.645364  4.749757  3.253311            0           0           0  
      1.645364  0.949943  9.763246    -0.003731    0.002421   -0.020999  
     -0.000007  3.799809  9.763246    -0.006919    0.003084    0.065420  
      4.936093  0.949951  9.745651    -0.014395    0.004764    0.000001  
      3.290735  3.799809  9.763246    -0.005894   -0.000032   -0.044421  
      1.645364  0.949951  1.581663            0           0           0  
     -0.000001  3.799806  1.581663            0           0           0  
      4.936093  0.949951  1.581663            0           0           0  
      3.290728  3.799806  1.581663            0           0           0  
      1.645364  0.949951  4.924959            0           0           0  
     -0.000001  3.799806  4.924959            0           0           0  
      4.936093  0.949951  4.924959            0           0           0  
      3.290728  3.799806  4.924959            0           0           0  
     -0.000257  1.899754  8.076756     0.009204   -0.018433   -0.015627  
     -1.645365  4.749757  8.081979    -0.018364    0.006080   -0.000001  
      3.290986  1.899754  8.076756     0.001197    0.005748    0.023014  
      1.645364  4.750054  8.076756     0.026131    0.000589   -0.007386  
      0.000557  1.900225 11.456491     0.003177    0.017052   -0.003075  
     -1.645365  4.749757 11.445642     0.024262   -0.008032    0.000002  
      3.290171  1.900225 11.456491     0.012596   -0.011392    0.004526  
      1.645364  4.749114 11.456491    -0.016757   -0.005329   -0.001455  
      1.645364  2.849854 13.094834    -0.043618    0.014442   -0.000002  
 
   5 f  =    8.215670 THz    51.620575 2PiTHz  274.045241 cm-1    33.977264 meV
             X         Y         Z           dx          dy          dz
     -0.000000  1.899903  3.253311            0           0           0  
     -1.645365  4.749757  3.253311            0           0           0  
      3.290728  1.899903  3.253311            0           0           0  
      1.645364  4.749757  3.253311            0           0           0  
      1.645364  0.949943  9.763246     0.040319   -0.000326   -0.000242  
     -0.000007  3.799809  9.763246     0.027845    0.006631    0.015762  
      4.936093  0.949951  9.745651     0.044207   -0.000608   -0.000006  
      3.290735  3.799809  9.763246     0.028032   -0.007637   -0.015520  
      1.645364  0.949951  1.581663            0           0           0  
     -0.000001  3.799806  1.581663            0           0           0  
      4.936093  0.949951  1.581663            0           0           0  
      3.290728  3.799806  1.581663            0           0           0  
      1.645364  0.949951  4.924959            0           0           0  
     -0.000001  3.799806  4.924959            0           0           0  
      4.936093  0.949951  4.924959            0           0           0  
      3.290728  3.799806  4.924959            0           0           0  
     -0.000257  1.899754  8.076756    -0.025183   -0.007532   -0.005962  
     -1.645365  4.749757  8.081979    -0.023772    0.000329   -0.000005  
      3.290986  1.899754  8.076756    -0.025388    0.007978    0.006062  
      1.645364  4.750054  8.076756    -0.011842    0.000416   -0.000094  
      0.000557  1.900225 11.456491    -0.030676   -0.006470   -0.006923  
     -1.645365  4.749757 11.445642    -0.012649    0.000180    0.000007  
      3.290171  1.900225 11.456491    -0.030863    0.007097    0.007027  
      1.645364  4.749114 11.456491    -0.019011    0.000480   -0.000106  
      1.645364  2.849854 13.094834     0.101614   -0.001388   -0.000001  
 
   6 f  =    8.215486 THz    51.619420 2PiTHz  274.039111 cm-1    33.976504 meV
             X         Y         Z           dx          dy          dz
     -0.000000  1.899903  3.253311            0           0           0  
     -1.645365  4.749757  3.253311            0           0           0  
      3.290728  1.899903  3.253311            0           0           0  
      1.645364  4.749757  3.253311            0           0           0  
      1.645364  0.949943  9.763246    -0.000557   -0.023827   -0.018051  
     -0.000007  3.799809  9.763246    -0.007521   -0.036290    0.008809  
      4.936093  0.949951  9.745651    -0.000609   -0.044209   -0.000001  
      3.290735  3.799809  9.763246     0.006754   -0.036096    0.009241  
      1.645364  0.949951  1.581663            0           0           0  
     -0.000001  3.799806  1.581663            0           0           0  
      4.936093  0.949951  1.581663            0           0           0  
      3.290728  3.799806  1.581663            0           0           0  
      1.645364  0.949951  4.924959            0           0           0  
     -0.000001  3.799806  4.924959            0           0           0  
      4.936093  0.949951  4.924959            0           0           0  
      3.290728  3.799806  4.924959            0           0           0  
     -0.000257  1.899754  8.076756     0.008100    0.016436    0.003558  
     -1.645365  4.749757  8.081979     0.000322    0.023769   -0.000006  
      3.290986  1.899754  8.076756    -0.007403    0.016228    0.003386  
      1.645364  4.750054  8.076756     0.000165    0.029766   -0.006939  
      0.000557  1.900225 11.456491     0.007205    0.023023    0.004122  
     -1.645365  4.749757 11.445642     0.000171    0.012653    0.000005  
      3.290171  1.900225 11.456491    -0.006356    0.022842    0.003927  
      1.645364  4.749114 11.456491     0.000263    0.034687   -0.008050  
      1.645364  2.849854 13.094834    -0.001401   -0.101560    0.000011  
 
   7 f  =    7.947194 THz    49.933694 2PiTHz  265.089863 cm-1    32.866939 meV
             X         Y         Z           dx          dy          dz
     -0.000000  1.899903  3.253311            0           0           0  
     -1.645365  4.749757  3.253311            0           0           0  
      3.290728  1.899903  3.253311            0           0           0  
      1.645364  4.749757  3.253311            0           0           0  
      1.645364  0.949943  9.763246     0.003256   -0.013962    0.000721  
     -0.000007  3.799809  9.763246     0.045820   -0.025260   -0.002684  
      4.936093  0.949951  9.745651    -0.020397    0.005455   -0.000004  
      3.290735  3.799809  9.763246     0.034439    0.016896    0.001969  
      1.645364  0.949951  1.581663            0           0           0  
     -0.000001  3.799806  1.581663            0           0           0  
      4.936093  0.949951  1.581663            0           0           0  
      3.290728  3.799806  1.581663            0           0           0  
      1.645364  0.949951  4.924959            0           0           0  
     -0.000001  3.799806  4.924959            0           0           0  
      4.936093  0.949951  4.924959            0           0           0  
      3.290728  3.799806  4.924959            0           0           0  
     -0.000257  1.899754  8.076756    -0.000001    0.013746   -0.000438  
     -1.645365  4.749757  8.081979    -0.028751    0.007687   -0.000036  
      3.290986  1.899754  8.076756     0.005965   -0.008438    0.000615  
      1.645364  4.750054  8.076756    -0.016434   -0.002513   -0.000146  
      0.000557  1.900225 11.456491     0.008930    0.021194    0.010284  
     -1.645365  4.749757 11.445642    -0.032688    0.008742    0.000034  
      3.290171  1.900225 11.456491     0.019148   -0.016889   -0.014058  
      1.645364  4.749114 11.456491    -0.019148   -0.006695    0.003744  
      1.645364  2.849854 13.094834    -0.153173    0.040956    0.000011  
 
   8 f  =    7.947073 THz    49.932931 2PiTHz  265.085817 cm-1    32.866438 meV
             X         Y         Z           dx          dy          dz
     -0.000000  1.899903  3.253311            0           0           0  
     -1.645365  4.749757  3.253311            0           0           0  
      3.290728  1.899903  3.253311            0           0           0  
      1.645364  4.749757  3.253311            0           0           0  
      1.645364  0.949943  9.763246     0.000851    0.052323   -0.002682  
     -0.000007  3.799809  9.763246    -0.010437    0.009970    0.000729  
      4.936093  0.949951  9.745651    -0.005451   -0.020397   -0.000044  
      3.290735  3.799809  9.763246     0.031927    0.021200    0.001976  
      1.645364  0.949951  1.581663            0           0           0  
     -0.000001  3.799806  1.581663            0           0           0  
      4.936093  0.949951  1.581663            0           0           0  
      3.290728  3.799806  1.581663            0           0           0  
      1.645364  0.949951  4.924959            0           0           0  
     -0.000001  3.799806  4.924959            0           0           0  
      4.936093  0.949951  4.924959            0           0           0  
      3.290728  3.799806  4.924959            0           0           0  
     -0.000257  1.899754  8.076756     0.011937   -0.006977   -0.000419  
     -1.645365  4.749757  8.081979    -0.007689   -0.028753   -0.000030  
      3.290986  1.899754  8.076756    -0.010333   -0.012883   -0.000130  
      1.645364  4.750054  8.076756    -0.004408    0.009413    0.000604  
      0.000557  1.900225 11.456491     0.022864   -0.002969    0.010268  
     -1.645365  4.749757 11.445642    -0.008745   -0.032693    0.000013  
      3.290171  1.900225 11.456491    -0.015346   -0.013126    0.003757  
      1.645364  4.749114 11.456491    -0.005133    0.025033   -0.014042  
      1.645364  2.849854 13.094834    -0.040965   -0.153143    0.000021  
 
   9 f  =    7.899711 THz    49.635350 2PiTHz  263.506003 cm-1    32.670566 meV
             X         Y         Z           dx          dy          dz
     -0.000000  1.899903  3.253311            0           0           0  
     -1.645365  4.749757  3.253311            0           0           0  
      3.290728  1.899903  3.253311            0           0           0  
      1.645364  4.749757  3.253311            0           0           0  
      1.645364  0.949943  9.763246    -0.047776   -0.000020    0.000005  
     -0.000007  3.799809  9.763246     0.023798    0.041456   -0.000005  
      4.936093  0.949951  9.745651     0.000073    0.000012   -0.000012  
      3.290735  3.799809  9.763246     0.023766   -0.041474    0.000006  
      1.645364  0.949951  1.581663            0           0           0  
     -0.000001  3.799806  1.581663            0           0           0  
      4.936093  0.949951  1.581663            0           0           0  
      3.290728  3.799806  1.581663            0           0           0  
      1.645364  0.949951  4.924959            0           0           0  
     -0.000001  3.799806  4.924959            0           0           0  
      4.936093  0.949951  4.924959            0           0           0  
      3.290728  3.799806  4.924959            0           0           0  
     -0.000257  1.899754  8.076756     0.013287   -0.023098   -0.000009  
     -1.645365  4.749757  8.081979     0.000092    0.000015   -0.000013  
      3.290986  1.899754  8.076756     0.013303    0.023099    0.000016  
      1.645364  4.750054  8.076756    -0.026594    0.000001    0.000005  
      0.000557  1.900225 11.456491     0.013518   -0.023568   -0.000021  
     -1.645365  4.749757 11.445642     0.000098    0.000018    0.000008  
      3.290171  1.900225 11.456491     0.013533    0.023571    0.000012  
      1.645364  4.749114 11.456491    -0.027092   -0.000014    0.000006  
      1.645364  2.849854 13.094834     0.000345    0.000081    0.000012  
 
  10 f  =    7.841623 THz    49.270369 2PiTHz  261.568383 cm-1    32.430332 meV
             X         Y         Z           dx          dy          dz
     -0.000000  1.899903  3.253311            0           0           0  
     -1.645365  4.749757  3.253311            0           0           0  
      3.290728  1.899903  3.253311            0           0           0  
      1.645364  4.749757  3.253311            0           0           0  
      1.645364  0.949943  9.763246     0.000007    0.023728    0.010520  
     -0.000007  3.799809  9.763246     0.020533   -0.011883    0.010508  
      4.936093  0.949951  9.745651    -0.000000    0.000019   -0.054421  
      3.290735  3.799809  9.763246    -0.020606   -0.011894    0.010512  
      1.645364  0.949951  1.581663            0           0           0  
     -0.000001  3.799806  1.581663            0           0           0  
      4.936093  0.949951  1.581663            0           0           0  
      3.290728  3.799806  1.581663            0           0           0  
      1.645364  0.949951  4.924959            0           0           0  
     -0.000001  3.799806  4.924959            0           0           0  
      4.936093  0.949951  4.924959            0           0           0  
      3.290728  3.799806  4.924959            0           0           0  
     -0.000257  1.899754  8.076756    -0.020038   -0.011550    0.023127  
     -1.645365  4.749757  8.081979     0.000021    0.000011   -0.047396  
      3.290986  1.899754  8.076756     0.020034   -0.011552    0.023136  
      1.645364  4.750054  8.076756     0.000015    0.023124    0.023111  
      0.000557  1.900225 11.456491     0.000833    0.000486   -0.008432  
     -1.645365  4.749757 11.445642     0.000022    0.000012    0.026497  
      3.290171  1.900225 11.456491    -0.000846    0.000504   -0.008427  
      1.645364  4.749114 11.456491     0.000024   -0.001004   -0.008392  
      1.645364  2.849854 13.094834     0.000121    0.000143    0.051422  
 
  11 f  =    7.732245 THz    48.583128 2PiTHz  257.919930 cm-1    31.977981 meV
             X         Y         Z           dx          dy          dz
     -0.000000  1.899903  3.253311            0           0           0  
     -1.645365  4.749757  3.253311            0           0           0  
      3.290728  1.899903  3.253311            0           0           0  
      1.645364  4.749757  3.253311            0           0           0  
      1.645364  0.949943  9.763246    -0.000018   -0.030337    0.009648  
     -0.000007  3.799809  9.763246    -0.026226    0.015143    0.009665  
      4.936093  0.949951  9.745651     0.000006    0.000004   -0.052427  
      3.290735  3.799809  9.763246     0.026268    0.015183    0.009656  
      1.645364  0.949951  1.581663            0           0           0  
     -0.000001  3.799806  1.581663            0           0           0  
      4.936093  0.949951  1.581663            0           0           0  
      3.290728  3.799806  1.581663            0           0           0  
      1.645364  0.949951  4.924959            0           0           0  
     -0.000001  3.799806  4.924959            0           0           0  
      4.936093  0.949951  4.924959            0           0           0  
      3.290728  3.799806  4.924959            0           0           0  
     -0.000257  1.899754  8.076756    -0.020354   -0.011753    0.000485  
     -1.645365  4.749757  8.081979    -0.000017    0.000015    0.034306  
      3.290986  1.899754  8.076756     0.020361   -0.011757    0.000440  
      1.645364  4.750054  8.076756    -0.000002    0.023503    0.000478  
      0.000557  1.900225 11.456491     0.003289    0.001911    0.011367  
     -1.645365  4.749757 11.445642    -0.000011    0.000011   -0.045962  
      3.290171  1.900225 11.456491    -0.003279    0.001888    0.011400  
      1.645364  4.749114 11.456491    -0.000013   -0.003803    0.011364  
      1.645364  2.849854 13.094834    -0.000058   -0.000013    0.053567  
 
  12 f  =    7.527940 THz    47.299443 2PiTHz  251.105057 cm-1    31.133045 meV
             X         Y         Z           dx          dy          dz
     -0.000000  1.899903  3.253311            0           0           0  
     -1.645365  4.749757  3.253311            0           0           0  
      3.290728  1.899903  3.253311            0           0           0  
      1.645364  4.749757  3.253311            0           0           0  
      1.645364  0.949943  9.763246     0.013994   -0.025726   -0.010674  
     -0.000007  3.799809  9.763246     0.022977    0.031177    0.001790  
      4.936093  0.949951  9.745651     0.000284    0.000767   -0.000009  
      3.290735  3.799809  9.763246    -0.030833    0.010517    0.008891  
      1.645364  0.949951  1.581663            0           0           0  
     -0.000001  3.799806  1.581663            0           0           0  
      4.936093  0.949951  1.581663            0           0           0  
      3.290728  3.799806  1.581663            0           0           0  
      1.645364  0.949951  4.924959            0           0           0  
     -0.000001  3.799806  4.924959            0           0           0  
      4.936093  0.949951  4.924959            0           0           0  
      3.290728  3.799806  4.924959            0           0           0  
     -0.000257  1.899754  8.076756    -0.008298   -0.009553   -0.026866  
     -1.645365  4.749757  8.081979     0.006662    0.017354   -0.000020  
      3.290986  1.899754  8.076756    -0.001157   -0.006819   -0.005371  
      1.645364  4.750054  8.076756    -0.002342   -0.014360    0.032261  
      0.000557  1.900225 11.456491     0.001544   -0.001496    0.037278  
     -1.645365  4.749757 11.445642     0.003636    0.009485    0.000015  
      3.290171  1.900225 11.456491    -0.001732   -0.002744    0.007478  
      1.645364  4.749114 11.456491    -0.001161    0.000722   -0.044773  
      1.645364  2.849854 13.094834    -0.055653   -0.145108    0.000014  
 
  13 f  =    7.527681 THz    47.297813 2PiTHz  251.096401 cm-1    31.131972 meV
             X         Y         Z           dx          dy          dz
     -0.000000  1.899903  3.253311            0           0           0  
     -1.645365  4.749757  3.253311            0           0           0  
      3.290728  1.899903  3.253311            0           0           0  
      1.645364  4.749757  3.253311            0           0           0  
      1.645364  0.949943  9.763246     0.036404    0.009868    0.004102  
     -0.000007  3.799809  9.763246    -0.020580    0.018880   -0.011283  
      4.936093  0.949951  9.745651     0.000773   -0.000295   -0.000019  
      3.290735  3.799809  9.763246     0.000118   -0.034887    0.007192  
      1.645364  0.949951  1.581663            0           0           0  
     -0.000001  3.799806  1.581663            0           0           0  
      4.936093  0.949951  1.581663            0           0           0  
      3.290728  3.799806  1.581663            0           0           0  
      1.645364  0.949951  4.924959            0           0           0  
     -0.000001  3.799806  4.924959            0           0           0  
      4.936093  0.949951  4.924959            0           0           0  
      3.290728  3.799806  4.924959            0           0           0  
     -0.000257  1.899754  8.076756    -0.010947   -0.000411   -0.021741  
     -1.645365  4.749757  8.081979     0.017369   -0.006669    0.000029  
      3.290986  1.899754  8.076756    -0.013681    0.006707    0.034129  
      1.645364  4.750054  8.076756    -0.006107    0.005523   -0.012391  
      0.000557  1.900225 11.456491    -0.000865    0.002464    0.030173  
     -1.645365  4.749757 11.445642     0.009498   -0.003644   -0.000032  
      3.290171  1.900225 11.456491     0.000387   -0.000824   -0.047365  
      1.645364  4.749114 11.456491    -0.003049   -0.000287    0.017204  
      1.645364  2.849854 13.094834    -0.145017    0.055769    0.000031  
 
  14 f  =    7.106193 THz    44.649527 2PiTHz  237.037079 cm-1    29.388839 meV
             X         Y         Z           dx          dy          dz
     -0.000000  1.899903  3.253311            0           0           0  
     -1.645365  4.749757  3.253311            0           0           0  
      3.290728  1.899903  3.253311            0           0           0  
      1.645364  4.749757  3.253311            0           0           0  
      1.645364  0.949943  9.763246     0.010544    0.001380   -0.000509  
     -0.000007  3.799809  9.763246     0.008209    0.003411   -0.001997  
      4.936093  0.949951  9.745651    -0.048429   -0.009499   -0.000007  
      3.290735  3.799809  9.763246     0.007651    0.000383    0.002510  
      1.645364  0.949951  1.581663            0           0           0  
     -0.000001  3.799806  1.581663            0           0           0  
      4.936093  0.949951  1.581663            0           0           0  
      3.290728  3.799806  1.581663            0           0           0  
      1.645364  0.949951  4.924959            0           0           0  
     -0.000001  3.799806  4.924959            0           0           0  
      4.936093  0.949951  4.924959            0           0           0  
      3.290728  3.799806  4.924959            0           0           0  
     -0.000257  1.899754  8.076756     0.021293    0.016169   -0.049174  
     -1.645365  4.749757  8.081979    -0.001308   -0.000267    0.000017  
      3.290986  1.899754  8.076756     0.014907   -0.016442    0.039172  
      1.645364  4.750054  8.076756    -0.010151    0.005400    0.009996  
      0.000557  1.900225 11.456491    -0.006680   -0.007712    0.005056  
     -1.645365  4.749757 11.445642    -0.015115   -0.002974   -0.000016  
      3.290171  1.900225 11.456491    -0.003262    0.009716   -0.004032  
      1.645364  4.749114 11.456491     0.010113   -0.001964   -0.001017  
      1.645364  2.849854 13.094834     0.191985    0.037690    0.000011  
 
  15 f  =    7.106040 THz    44.648568 2PiTHz  237.031989 cm-1    29.388208 meV
             X         Y         Z           dx          dy          dz
     -0.000000  1.899903  3.253311            0           0           0  
     -1.645365  4.749757  3.253311            0           0           0  
      3.290728  1.899903  3.253311            0           0           0  
      1.645364  4.749757  3.253311            0           0           0  
      1.645364  0.949943  9.763246    -0.002069    0.007055   -0.002607  
     -0.000007  3.799809  9.763246    -0.000036    0.009381    0.001743  
      4.936093  0.949951  9.745651     0.009499   -0.048427    0.000003  
      3.290735  3.799809  9.763246    -0.003074    0.009977    0.000862  
      1.645364  0.949951  1.581663            0           0           0  
     -0.000001  3.799806  1.581663            0           0           0  
      4.936093  0.949951  1.581663            0           0           0  
      3.290728  3.799806  1.581663            0           0           0  
      1.645364  0.949951  4.924959            0           0           0  
     -0.000001  3.799806  4.924959            0           0           0  
      4.936093  0.949951  4.924959            0           0           0  
      3.290728  3.799806  4.924959            0           0           0  
     -0.000257  1.899754  8.076756     0.012751   -0.003939   -0.016838  
     -1.645365  4.749757  8.081979     0.000246   -0.001314   -0.000005  
      3.290986  1.899754  8.076756    -0.019851    0.002470   -0.034171  
      1.645364  4.750054  8.076756     0.002004    0.027506    0.051025  
      0.000557  1.900225 11.456491    -0.007738    0.006789    0.001737  
     -1.645365  4.749757 11.445642     0.002953   -0.015134    0.000003  
      3.290171  1.900225 11.456491     0.009689    0.003380    0.003515  
      1.645364  4.749114 11.456491    -0.001976   -0.010000   -0.005269  
      1.645364  2.849854 13.094834    -0.037646    0.191928   -0.000020  
 
  16 f  =    6.931599 THz    43.552518 2PiTHz  231.213238 cm-1    28.666775 meV
             X         Y         Z           dx          dy          dz
     -0.000000  1.899903  3.253311            0           0           0  
     -1.645365  4.749757  3.253311            0           0           0  
      3.290728  1.899903  3.253311            0           0           0  
      1.645364  4.749757  3.253311            0           0           0  
      1.645364  0.949943  9.763246    -0.000003    0.002822    0.001560  
     -0.000007  3.799809  9.763246     0.002450   -0.001415    0.001558  
      4.936093  0.949951  9.745651     0.000002    0.000003    0.010758  
      3.290735  3.799809  9.763246    -0.002447   -0.001414    0.001556  
      1.645364  0.949951  1.581663            0           0           0  
     -0.000001  3.799806  1.581663            0           0           0  
      4.936093  0.949951  1.581663            0           0           0  
      3.290728  3.799806  1.581663            0           0           0  
      1.645364  0.949951  4.924959            0           0           0  
     -0.000001  3.799806  4.924959            0           0           0  
      4.936093  0.949951  4.924959            0           0           0  
      3.290728  3.799806  4.924959            0           0           0  
     -0.000257  1.899754  8.076756     0.004755    0.002750    0.038620  
     -1.645365  4.749757  8.081979     0.000001    0.000001    0.034698  
      3.290986  1.899754  8.076756    -0.004752    0.002744    0.038615  
      1.645364  4.750054  8.076756    -0.000006   -0.005496    0.038610  
      0.000557  1.900225 11.456491    -0.000894   -0.000516   -0.040708  
     -1.645365  4.749757 11.445642     0.000004    0.000004   -0.038206  
      3.290171  1.900225 11.456491     0.000893   -0.000515   -0.040697  
      1.645364  4.749114 11.456491    -0.000004    0.001035   -0.040703  
      1.645364  2.849854 13.094834     0.000011   -0.000014   -0.056675  
 
  17 f  =    6.131403 THz    38.524740 2PiTHz  204.521585 cm-1    25.357433 meV
             X         Y         Z           dx          dy          dz
     -0.000000  1.899903  3.253311            0           0           0  
     -1.645365  4.749757  3.253311            0           0           0  
      3.290728  1.899903  3.253311            0           0           0  
      1.645364  4.749757  3.253311            0           0           0  
      1.645364  0.949943  9.763246    -0.001709   -0.001987   -0.004387  
     -0.000007  3.799809  9.763246    -0.001677   -0.002732   -0.000183  
      4.936093  0.949951  9.745651    -0.000069   -0.000103   -0.000001  
      3.290735  3.799809  9.763246    -0.001033   -0.002339    0.004572  
      1.645364  0.949951  1.581663            0           0           0  
     -0.000001  3.799806  1.581663            0           0           0  
      4.936093  0.949951  1.581663            0           0           0  
      3.290728  3.799806  1.581663            0           0           0  
      1.645364  0.949951  4.924959            0           0           0  
     -0.000001  3.799806  4.924959            0           0           0  
      4.936093  0.949951  4.924959            0           0           0  
      3.290728  3.799806  4.924959            0           0           0  
     -0.000257  1.899754  8.076756    -0.025941    0.014562    0.000067  
     -1.645365  4.749757  8.081979    -0.024860   -0.039706    0.000010  
      3.290986  1.899754  8.076756     0.026737    0.047530    0.000002  
      1.645364  4.750054  8.076756     0.028954   -0.014573   -0.000072  
      0.000557  1.900225 11.456491    -0.017516    0.012210    0.019799  
     -1.645365  4.749757 11.445642    -0.023826   -0.038056    0.000002  
      3.290171  1.900225 11.456491     0.020290    0.035885   -0.000804  
      1.645364  4.749114 11.456491     0.021893   -0.008702   -0.019004  
      1.645364  2.849854 13.094834    -0.002896   -0.004650    0.000007  
 
  18 f  =    6.131141 THz    38.523095 2PiTHz  204.512852 cm-1    25.356351 meV
             X         Y         Z           dx          dy          dz
     -0.000000  1.899903  3.253311            0           0           0  
     -1.645365  4.749757  3.253311            0           0           0  
      3.290728  1.899903  3.253311            0           0           0  
      1.645364  4.749757  3.253311            0           0           0  
      1.645364  0.949943  9.763246     0.002720   -0.001245   -0.002748  
     -0.000007  3.799809  9.763246     0.001975   -0.001264    0.005172  
      4.936093  0.949951  9.745651     0.000130   -0.000084    0.000009  
      3.290735  3.799809  9.763246     0.002366   -0.001906   -0.002425  
      1.645364  0.949951  1.581663            0           0           0  
     -0.000001  3.799806  1.581663            0           0           0  
      4.936093  0.949951  1.581663            0           0           0  
      3.290728  3.799806  1.581663            0           0           0  
      1.645364  0.949951  4.924959            0           0           0  
     -0.000001  3.799806  4.924959            0           0           0  
      4.936093  0.949951  4.924959            0           0           0  
      3.290728  3.799806  4.924959            0           0           0  
     -0.000257  1.899754  8.076756    -0.017131    0.045757   -0.000039  
     -1.645365  4.749757  8.081979     0.039722   -0.024850    0.000013  
      3.290986  1.899754  8.076756     0.015868   -0.006905    0.000047  
      1.645364  4.750054  8.076756    -0.046231   -0.009103   -0.000034  
      0.000557  1.900225 11.456491    -0.014069    0.033964   -0.010515  
     -1.645365  4.749757 11.445642     0.038044   -0.023827    0.000021  
      3.290171  1.900225 11.456491     0.009615   -0.003856    0.022417  
      1.645364  4.749114 11.456491    -0.034982   -0.005438   -0.011913  
      1.645364  2.849854 13.094834     0.004599   -0.002906   -0.000028  
 
  19 f  =    5.981462 THz    37.582635 2PiTHz  199.520102 cm-1    24.737329 meV
             X         Y         Z           dx          dy          dz
     -0.000000  1.899903  3.253311            0           0           0  
     -1.645365  4.749757  3.253311            0           0           0  
      3.290728  1.899903  3.253311            0           0           0  
      1.645364  4.749757  3.253311            0           0           0  
      1.645364  0.949943  9.763246     0.000001   -0.001573    0.002858  
     -0.000007  3.799809  9.763246    -0.001358    0.000783    0.002868  
      4.936093  0.949951  9.745651     0.000002   -0.000003   -0.019302  
      3.290735  3.799809  9.763246     0.001364    0.000787    0.002862  
      1.645364  0.949951  1.581663            0           0           0  
     -0.000001  3.799806  1.581663            0           0           0  
      4.936093  0.949951  1.581663            0           0           0  
      3.290728  3.799806  1.581663            0           0           0  
      1.645364  0.949951  4.924959            0           0           0  
     -0.000001  3.799806  4.924959            0           0           0  
      4.936093  0.949951  4.924959            0           0           0  
      3.290728  3.799806  4.924959            0           0           0  
     -0.000257  1.899754  8.076756     0.038101    0.022014    0.015280  
     -1.645365  4.749757  8.081979     0.000012   -0.000021   -0.044816  
      3.290986  1.899754  8.076756    -0.038090    0.021994    0.015264  
      1.645364  4.750054  8.076756    -0.000011   -0.043999    0.015279  
      0.000557  1.900225 11.456491     0.008588    0.004983    0.017532  
     -1.645365  4.749757 11.445642     0.000015   -0.000000   -0.046373  
      3.290171  1.900225 11.456491    -0.008604    0.004971    0.017537  
      1.645364  4.749114 11.456491    -0.000021   -0.009936    0.017525  
      1.645364  2.849854 13.094834     0.000025   -0.000004    0.057096  
 
  20 f  =    5.710801 THz    35.882023 2PiTHz  190.491828 cm-1    23.617966 meV
             X         Y         Z           dx          dy          dz
     -0.000000  1.899903  3.253311            0           0           0  
     -1.645365  4.749757  3.253311            0           0           0  
      3.290728  1.899903  3.253311            0           0           0  
      1.645364  4.749757  3.253311            0           0           0  
      1.645364  0.949943  9.763246     0.000005   -0.004187   -0.002273  
     -0.000007  3.799809  9.763246    -0.003627    0.002098   -0.002269  
      4.936093  0.949951  9.745651    -0.000007    0.000002    0.015721  
      3.290735  3.799809  9.763246     0.003627    0.002092   -0.002267  
      1.645364  0.949951  1.581663            0           0           0  
     -0.000001  3.799806  1.581663            0           0           0  
      4.936093  0.949951  1.581663            0           0           0  
      3.290728  3.799806  1.581663            0           0           0  
      1.645364  0.949951  4.924959            0           0           0  
     -0.000001  3.799806  4.924959            0           0           0  
      4.936093  0.949951  4.924959            0           0           0  
      3.290728  3.799806  4.924959            0           0           0  
     -0.000257  1.899754  8.076756    -0.012219   -0.007040    0.009156  
     -1.645365  4.749757  8.081979    -0.000009   -0.000007   -0.036463  
      3.290986  1.899754  8.076756     0.012211   -0.007044    0.009160  
      1.645364  4.750054  8.076756     0.000004    0.014107    0.009142  
      0.000557  1.900225 11.456491    -0.043060   -0.024880    0.013601  
     -1.645365  4.749757 11.445642     0.000001   -0.000000   -0.032405  
      3.290171  1.900225 11.456491     0.043069   -0.024871    0.013586  
      1.645364  4.749114 11.456491     0.000002    0.049722    0.013586  
      1.645364  2.849854 13.094834    -0.000009    0.000015   -0.110348  
 
  21 f  =    5.523421 THz    34.704680 2PiTHz  184.241508 cm-1    22.843025 meV
             X         Y         Z           dx          dy          dz
     -0.000000  1.899903  3.253311            0           0           0  
     -1.645365  4.749757  3.253311            0           0           0  
      3.290728  1.899903  3.253311            0           0           0  
      1.645364  4.749757  3.253311            0           0           0  
      1.645364  0.949943  9.763246     0.006004   -0.000022    0.000162  
     -0.000007  3.799809  9.763246     0.002132    0.002088   -0.005892  
      4.936093  0.949951  9.745651    -0.012541    0.000310    0.000005  
      3.290735  3.799809  9.763246     0.002244   -0.002318    0.005726  
      1.645364  0.949951  1.581663            0           0           0  
     -0.000001  3.799806  1.581663            0           0           0  
      4.936093  0.949951  1.581663            0           0           0  
      3.290728  3.799806  1.581663            0           0           0  
      1.645364  0.949951  4.924959            0           0           0  
     -0.000001  3.799806  4.924959            0           0           0  
      4.936093  0.949951  4.924959            0           0           0  
      3.290728  3.799806  4.924959            0           0           0  
     -0.000257  1.899754  8.076756     0.024799    0.008623    0.029573  
     -1.645365  4.749757  8.081979    -0.041109    0.001017    0.000005  
      3.290986  1.899754  8.076756     0.025257   -0.009343   -0.030433  
      1.645364  4.750054  8.076756     0.009469   -0.000737    0.000853  
      0.000557  1.900225 11.456491    -0.024028    0.000255    0.036386  
     -1.645365  4.749757 11.445642     0.050705   -0.001257    0.000008  
      3.290171  1.900225 11.456491    -0.024049    0.000907   -0.037444  
      1.645364  4.749114 11.456491    -0.023485    0.000592    0.001049  
      1.645364  2.849854 13.094834     0.059897   -0.001490   -0.000002  
 
  22 f  =    5.523253 THz    34.703619 2PiTHz  184.235875 cm-1    22.842327 meV
             X         Y         Z           dx          dy          dz
     -0.000000  1.899903  3.253311            0           0           0  
     -1.645365  4.749757  3.253311            0           0           0  
      3.290728  1.899903  3.253311            0           0           0  
      1.645364  4.749757  3.253311            0           0           0  
      1.645364  0.949943  9.763246     0.000150    0.000919   -0.006709  
     -0.000007  3.799809  9.763246     0.002261    0.004784    0.003214  
      4.936093  0.949951  9.745651    -0.000311   -0.012538   -0.000003  
      3.290735  3.799809  9.763246    -0.002151    0.004677    0.003500  
      1.645364  0.949951  1.581663            0           0           0  
     -0.000001  3.799806  1.581663            0           0           0  
      4.936093  0.949951  1.581663            0           0           0  
      3.290728  3.799806  1.581663            0           0           0  
      1.645364  0.949951  4.924959            0           0           0  
     -0.000001  3.799806  4.924959            0           0           0  
      4.936093  0.949951  4.924959            0           0           0  
      3.290728  3.799806  4.924959            0           0           0  
     -0.000257  1.899754  8.076756     0.009605    0.014886    0.018058  
     -1.645365  4.749757  8.081979    -0.001005   -0.041106    0.000011  
      3.290986  1.899754  8.076756    -0.008367    0.014443    0.016571  
      1.645364  4.750054  8.076756     0.000240    0.030222   -0.034640  
      0.000557  1.900225 11.456491    -0.000914   -0.023677    0.022220  
     -1.645365  4.749757 11.445642     0.001245    0.050698    0.000009  
      3.290171  1.900225 11.456491    -0.000275   -0.023664    0.020397  
      1.645364  4.749114 11.456491    -0.000588   -0.024245   -0.042627  
      1.645364  2.849854 13.094834     0.001492    0.059891    0.000012  
 
  23 f  =    5.210318 THz    32.737392 2PiTHz  173.797494 cm-1    21.548133 meV
             X         Y         Z           dx          dy          dz
     -0.000000  1.899903  3.253311            0           0           0  
     -1.645365  4.749757  3.253311            0           0           0  
      3.290728  1.899903  3.253311            0           0           0  
      1.645364  4.749757  3.253311            0           0           0  
      1.645364  0.949943  9.763246     0.000761   -0.000000    0.000001  
     -0.000007  3.799809  9.763246    -0.000379   -0.000656    0.000002  
      4.936093  0.949951  9.745651     0.000002   -0.000000   -0.000000  
      3.290735  3.799809  9.763246    -0.000380    0.000655   -0.000003  
      1.645364  0.949951  1.581663            0           0           0  
     -0.000001  3.799806  1.581663            0           0           0  
      4.936093  0.949951  1.581663            0           0           0  
      3.290728  3.799806  1.581663            0           0           0  
      1.645364  0.949951  4.924959            0           0           0  
     -0.000001  3.799806  4.924959            0           0           0  
      4.936093  0.949951  4.924959            0           0           0  
      3.290728  3.799806  4.924959            0           0           0  
     -0.000257  1.899754  8.076756     0.023593   -0.040858    0.000001  
     -1.645365  4.749757  8.081979    -0.000008   -0.000010   -0.000004  
      3.290986  1.899754  8.076756     0.023587    0.040850    0.000000  
      1.645364  4.750054  8.076756    -0.047192    0.000002    0.000003  
      0.000557  1.900225 11.456491    -0.022341    0.038677    0.000001  
     -1.645365  4.749757 11.445642     0.000010    0.000006   -0.000001  
      3.290171  1.900225 11.456491    -0.022322   -0.038669    0.000000  
      1.645364  4.749114 11.456491     0.044675    0.000001   -0.000000  
      1.645364  2.849854 13.094834    -0.000019   -0.000012   -0.000011  
 
  24 f  =    4.999493 THz    31.412740 2PiTHz  166.765130 cm-1    20.676232 meV
             X         Y         Z           dx          dy          dz
     -0.000000  1.899903  3.253311            0           0           0  
     -1.645365  4.749757  3.253311            0           0           0  
      3.290728  1.899903  3.253311            0           0           0  
      1.645364  4.749757  3.253311            0           0           0  
      1.645364  0.949943  9.763246    -0.004041   -0.000043    0.000070  
     -0.000007  3.799809  9.763246    -0.002509   -0.000979    0.002574  
      4.936093  0.949951  9.745651     0.013368    0.000291    0.000000  
      3.290735  3.799809  9.763246    -0.002469    0.000824   -0.002646  
      1.645364  0.949951  1.581663            0           0           0  
     -0.000001  3.799806  1.581663            0           0           0  
      4.936093  0.949951  1.581663            0           0           0  
      3.290728  3.799806  1.581663            0           0           0  
      1.645364  0.949951  4.924959            0           0           0  
     -0.000001  3.799806  4.924959            0           0           0  
      4.936093  0.949951  4.924959            0           0           0  
      3.290728  3.799806  4.924959            0           0           0  
     -0.000257  1.899754  8.076756     0.000086    0.021644   -0.014130  
     -1.645365  4.749757  8.081979    -0.052559   -0.001175   -0.000004  
      3.290986  1.899754  8.076756    -0.000902   -0.022798    0.013782  
      1.645364  4.750054  8.076756    -0.038863    0.000273    0.000348  
      0.000557  1.900225 11.456491     0.002941   -0.025990   -0.015127  
     -1.645365  4.749757 11.445642     0.037871    0.000842   -0.000003  
      3.290171  1.900225 11.456491     0.004125    0.027528    0.014761  
      1.645364  4.749114 11.456491     0.049857   -0.000270    0.000373  
      1.645364  2.849854 13.094834    -0.101466   -0.002222    0.000016  
 
  25 f  =    4.999434 THz    31.412373 2PiTHz  166.763181 cm-1    20.675990 meV
             X         Y         Z           dx          dy          dz
     -0.000000  1.899903  3.253311            0           0           0  
     -1.645365  4.749757  3.253311            0           0           0  
      3.290728  1.899903  3.253311            0           0           0  
      1.645364  4.749757  3.253311            0           0           0  
      1.645364  0.949943  9.763246     0.000088   -0.001962    0.003032  
     -0.000007  3.799809  9.763246    -0.000843   -0.003504   -0.001572  
      4.936093  0.949951  9.745651    -0.000298    0.013359   -0.000004  
      3.290735  3.799809  9.763246     0.000953   -0.003545   -0.001457  
      1.645364  0.949951  1.581663            0           0           0  
     -0.000001  3.799806  1.581663            0           0           0  
      4.936093  0.949951  1.581663            0           0           0  
      3.290728  3.799806  1.581663            0           0           0  
      1.645364  0.949951  4.924959            0           0           0  
     -0.000001  3.799806  4.924959            0           0           0  
      4.936093  0.949951  4.924959            0           0           0  
      3.290728  3.799806  4.924959            0           0           0  
     -0.000257  1.899754  8.076756     0.022217   -0.026528   -0.007741  
     -1.645365  4.749757  8.081979     0.001165   -0.052556    0.000006  
      3.290986  1.899754  8.076756    -0.022201   -0.025559   -0.008364  
      1.645364  4.750054  8.076756     0.000869    0.012436    0.016101  
      0.000557  1.900225 11.456491    -0.026857    0.035013   -0.008288  
     -1.645365  4.749757 11.445642    -0.000839    0.037846    0.000006  
      3.290171  1.900225 11.456491     0.026700    0.033839   -0.008958  
      1.645364  4.749114 11.456491    -0.001115   -0.011922    0.017241  
      1.645364  2.849854 13.094834     0.002254   -0.101492   -0.000023  
 
  26 f  =    4.628632 THz    29.082554 2PiTHz  154.394552 cm-1    19.142476 meV
             X         Y         Z           dx          dy          dz
     -0.000000  1.899903  3.253311            0           0           0  
     -1.645365  4.749757  3.253311            0           0           0  
      3.290728  1.899903  3.253311            0           0           0  
      1.645364  4.749757  3.253311            0           0           0  
      1.645364  0.949943  9.763246    -0.002539    0.001763   -0.005516  
     -0.000007  3.799809  9.763246    -0.001111    0.002286    0.006674  
      4.936093  0.949951  9.745651     0.011684   -0.014311   -0.000022  
      3.290735  3.799809  9.763246    -0.002304    0.003245   -0.001137  
      1.645364  0.949951  1.581663            0           0           0  
     -0.000001  3.799806  1.581663            0           0           0  
      4.936093  0.949951  1.581663            0           0           0  
      3.290728  3.799806  1.581663            0           0           0  
      1.645364  0.949951  4.924959            0           0           0  
     -0.000001  3.799806  4.924959            0           0           0  
      4.936093  0.949951  4.924959            0           0           0  
      3.290728  3.799806  4.924959            0           0           0  
     -0.000257  1.899754  8.076756     0.015646   -0.010187   -0.001668  
     -1.645365  4.749757  8.081979     0.013793   -0.016904    0.000019  
      3.290986  1.899754  8.076756     0.039638   -0.029791    0.009680  
      1.645364  4.750054  8.076756     0.010672   -0.040785   -0.008033  
      0.000557  1.900225 11.456491    -0.012748    0.005732   -0.001981  
     -1.645365  4.749757 11.445642    -0.018547    0.022724    0.000010  
      3.290171  1.900225 11.456491    -0.039067    0.027255    0.011587  
      1.645364  4.749114 11.456491    -0.007261    0.039347   -0.009607  
      1.645364  2.849854 13.094834    -0.088563    0.108460   -0.000032  
 
  27 f  =    4.628504 THz    29.081747 2PiTHz  154.390270 cm-1    19.141945 meV
             X         Y         Z           dx          dy          dz
     -0.000000  1.899903  3.253311            0           0           0  
     -1.645365  4.749757  3.253311            0           0           0  
      3.290728  1.899903  3.253311            0           0           0  
      1.645364  4.749757  3.253311            0           0           0  
      1.645364  0.949943  9.763246    -0.003111   -0.001431    0.004492  
     -0.000007  3.799809  9.763246    -0.002576   -0.002851    0.002542  
      4.936093  0.949951  9.745651     0.014309    0.011692    0.000010  
      3.290735  3.799809  9.763246    -0.001609   -0.001680   -0.007040  
      1.645364  0.949951  1.581663            0           0           0  
     -0.000001  3.799806  1.581663            0           0           0  
      4.936093  0.949951  1.581663            0           0           0  
      3.290728  3.799806  1.581663            0           0           0  
      1.645364  0.949951  4.924959            0           0           0  
     -0.000001  3.799806  4.924959            0           0           0  
      4.936093  0.949951  4.924959            0           0           0  
      3.290728  3.799806  4.924959            0           0           0  
     -0.000257  1.899754  8.076756     0.043642    0.028334   -0.010230  
     -1.645365  4.749757  8.081979     0.016893    0.013808   -0.000009  
      3.290986  1.899754  8.076756     0.024054    0.004313    0.003665  
      1.645364  4.750054  8.076756     0.013056    0.033302    0.006574  
      0.000557  1.900225 11.456491    -0.042470   -0.026670   -0.012241  
     -1.645365  4.749757 11.445642    -0.022722   -0.018540   -0.000001  
      3.290171  1.900225 11.456491    -0.020978   -0.000306    0.004383  
      1.645364  4.749114 11.456491    -0.008876   -0.032113    0.007858  
      1.645364  2.849854 13.094834    -0.108474   -0.088567    0.000003  
 
  28 f  =    3.993687 THz    25.093077 2PiTHz  133.215066 cm-1    16.516556 meV
             X         Y         Z           dx          dy          dz
     -0.000000  1.899903  3.253311            0           0           0  
     -1.645365  4.749757  3.253311            0           0           0  
      3.290728  1.899903  3.253311            0           0           0  
      1.645364  4.749757  3.253311            0           0           0  
      1.645364  0.949943  9.763246    -0.000002   -0.002935   -0.015760  
     -0.000007  3.799809  9.763246    -0.002549    0.001472   -0.015775  
      4.936093  0.949951  9.745651     0.000006   -0.000007    0.047393  
      3.290735  3.799809  9.763246     0.002547    0.001473   -0.015755  
      1.645364  0.949951  1.581663            0           0           0  
     -0.000001  3.799806  1.581663            0           0           0  
      4.936093  0.949951  1.581663            0           0           0  
      3.290728  3.799806  1.581663            0           0           0  
      1.645364  0.949951  4.924959            0           0           0  
     -0.000001  3.799806  4.924959            0           0           0  
      4.936093  0.949951  4.924959            0           0           0  
      3.290728  3.799806  4.924959            0           0           0  
     -0.000257  1.899754  8.076756    -0.026252   -0.015177    0.012382  
     -1.645365  4.749757  8.081979    -0.000003   -0.000009   -0.035769  
      3.290986  1.899754  8.076756     0.026267   -0.015170    0.012406  
      1.645364  4.750054  8.076756     0.000011    0.030295    0.012380  
      0.000557  1.900225 11.456491     0.027737    0.016044    0.008064  
     -1.645365  4.749757 11.445642    -0.000003    0.000022   -0.030725  
      3.290171  1.900225 11.456491    -0.027752    0.016032    0.008086  
      1.645364  4.749114 11.456491    -0.000014   -0.032022    0.008055  
      1.645364  2.849854 13.094834    -0.000025    0.000055    0.056396  
 
  29 f  =    3.923092 THz    24.649514 2PiTHz  130.860264 cm-1    16.224598 meV
             X         Y         Z           dx          dy          dz
     -0.000000  1.899903  3.253311            0           0           0  
     -1.645365  4.749757  3.253311            0           0           0  
      3.290728  1.899903  3.253311            0           0           0  
      1.645364  4.749757  3.253311            0           0           0  
      1.645364  0.949943  9.763246    -0.001604    0.002281   -0.041329  
     -0.000007  3.799809  9.763246    -0.003088   -0.004298    0.009512  
      4.936093  0.949951  9.745651     0.002476    0.007947    0.000003  
      3.290735  3.799809  9.763246     0.003350   -0.002293    0.031813  
      1.645364  0.949951  1.581663            0           0           0  
     -0.000001  3.799806  1.581663            0           0           0  
      4.936093  0.949951  1.581663            0           0           0  
      3.290728  3.799806  1.581663            0           0           0  
      1.645364  0.949951  4.924959            0           0           0  
     -0.000001  3.799806  4.924959            0           0           0  
      4.936093  0.949951  4.924959            0           0           0  
      3.290728  3.799806  4.924959            0           0           0  
     -0.000257  1.899754  8.076756    -0.015517    0.016579   -0.027361  
     -1.645365  4.749757  8.081979    -0.008891   -0.028531   -0.000000  
      3.290986  1.899754  8.076756     0.017237    0.026789   -0.008186  
      1.645364  4.750054  8.076756     0.009695   -0.006674    0.035547  
      0.000557  1.900225 11.456491     0.015301   -0.017429   -0.024935  
     -1.645365  4.749757 11.445642     0.009110    0.029230    0.000001  
      3.290171  1.900225 11.456491    -0.017528   -0.027667   -0.007457  
      1.645364  4.749114 11.456491    -0.009975    0.005872    0.032387  
      1.645364  2.849854 13.094834    -0.007206   -0.023206    0.000001  
 
  30 f  =    3.922980 THz    24.648812 2PiTHz  130.856539 cm-1    16.224136 meV
             X         Y         Z           dx          dy          dz
     -0.000000  1.899903  3.253311            0           0           0  
     -1.645365  4.749757  3.253311            0           0           0  
      3.290728  1.899903  3.253311            0           0           0  
      1.645364  4.749757  3.253311            0           0           0  
      1.645364  0.949943  9.763246    -0.005157   -0.000710    0.012881  
     -0.000007  3.799809  9.763246     0.001425   -0.002193   -0.042223  
      4.936093  0.949951  9.745651     0.007949   -0.002474   -0.000016  
      3.290735  3.799809  9.763246    -0.000591    0.004240    0.029357  
      1.645364  0.949951  1.581663            0           0           0  
     -0.000001  3.799806  1.581663            0           0           0  
      4.936093  0.949951  1.581663            0           0           0  
      3.290728  3.799806  1.581663            0           0           0  
      1.645364  0.949951  4.924959            0           0           0  
     -0.000001  3.799806  4.924959            0           0           0  
      4.936093  0.949951  4.924959            0           0           0  
      3.290728  3.799806  4.924959            0           0           0  
     -0.000257  1.899754  8.076756     0.007910   -0.023124   -0.025252  
     -1.645365  4.749757  8.081979    -0.028514    0.008889    0.000008  
      3.290986  1.899754  8.076756    -0.002320    0.009627    0.036320  
      1.645364  4.750054  8.076756     0.031160    0.002078   -0.011077  
      0.000557  1.900225 11.456491    -0.008749    0.023438   -0.022996  
     -1.645365  4.749757 11.445642     0.029198   -0.009108    0.000008  
      3.290171  1.900225 11.456491     0.001500   -0.009406    0.033081  
      1.645364  4.749114 11.456491    -0.032048   -0.001824   -0.010089  
      1.645364  2.849854 13.094834    -0.023223    0.007212   -0.000020  
 
  31 f  =    2.938784 THz    18.464922 2PiTHz   98.027270 cm-1    12.153827 meV
             X         Y         Z           dx          dy          dz
     -0.000000  1.899903  3.253311            0           0           0  
     -1.645365  4.749757  3.253311            0           0           0  
      3.290728  1.899903  3.253311            0           0           0  
      1.645364  4.749757  3.253311            0           0           0  
      1.645364  0.949943  9.763246    -0.022231   -0.016254   -0.000452  
     -0.000007  3.799809  9.763246     0.032859   -0.021717    0.001087  
      4.936093  0.949951  9.745651    -0.019275    0.008718    0.000002  
      3.290735  3.799809  9.763246     0.010052    0.028615   -0.000637  
      1.645364  0.949951  1.581663            0           0           0  
     -0.000001  3.799806  1.581663            0           0           0  
      4.936093  0.949951  1.581663            0           0           0  
      3.290728  3.799806  1.581663            0           0           0  
      1.645364  0.949951  4.924959            0           0           0  
     -0.000001  3.799806  4.924959            0           0           0  
      4.936093  0.949951  4.924959            0           0           0  
      3.290728  3.799806  4.924959            0           0           0  
     -0.000257  1.899754  8.076756    -0.013599   -0.017094   -0.006187  
     -1.645365  4.749757  8.081979     0.035358   -0.015989    0.000012  
      3.290986  1.899754  8.076756    -0.029554    0.018150    0.010546  
      1.645364  4.750054  8.076756     0.009059    0.014360   -0.004367  
      0.000557  1.900225 11.456491    -0.014259   -0.021230    0.007169  
     -1.645365  4.749757 11.445642     0.035687   -0.016134   -0.000020  
      3.290171  1.900225 11.456491    -0.033275    0.020749   -0.012216  
      1.645364  4.749114 11.456491     0.012709    0.016221    0.005067  
      1.645364  2.849854 13.094834    -0.040483    0.018303    0.000018  
 
  32 f  =    2.938654 THz    18.464106 2PiTHz   98.022940 cm-1    12.153290 meV
             X         Y         Z           dx          dy          dz
     -0.000000  1.899903  3.253311            0           0           0  
     -1.645365  4.749757  3.253311            0           0           0  
      3.290728  1.899903  3.253311            0           0           0  
      1.645364  4.749757  3.253311            0           0           0  
      1.645364  0.949943  9.763246     0.010064   -0.035996   -0.000996  
     -0.000007  3.799809  9.763246     0.015477    0.019025    0.000111  
      4.936093  0.949951  9.745651     0.008712    0.019278    0.000004  
      3.290735  3.799809  9.763246    -0.034890   -0.003712    0.000887  
      1.645364  0.949951  1.581663            0           0           0  
     -0.000001  3.799806  1.581663            0           0           0  
      4.936093  0.949951  1.581663            0           0           0  
      3.290728  3.799806  1.581663            0           0           0  
      1.645364  0.949951  4.924959            0           0           0  
     -0.000001  3.799806  4.924959            0           0           0  
      4.936093  0.949951  4.924959            0           0           0  
      3.290728  3.799806  4.924959            0           0           0  
     -0.000257  1.899754  8.076756     0.027417    0.009129    0.008619  
     -1.645365  4.749757  8.081979    -0.015983   -0.035363   -0.000010  
      3.290986  1.899754  8.076756    -0.007892   -0.006789    0.001051  
      1.645364  4.750054  8.076756    -0.004110    0.031750   -0.009656  
      0.000557  1.900225 11.456491     0.031778    0.008950   -0.009983  
     -1.645365  4.749757 11.445642    -0.016135   -0.035682    0.000010  
      3.290171  1.900225 11.456491    -0.010278   -0.010007   -0.001218  
      1.645364  4.749114 11.456491    -0.005758    0.035881    0.011195  
      1.645364  2.849854 13.094834     0.018299    0.040482    0.000012  
 
  33 f  =    2.812443 THz    17.671100 2PiTHz   93.812998 cm-1    11.631324 meV
             X         Y         Z           dx          dy          dz
     -0.000000  1.899903  3.253311            0           0           0  
     -1.645365  4.749757  3.253311            0           0           0  
      3.290728  1.899903  3.253311            0           0           0  
      1.645364  4.749757  3.253311            0           0           0  
      1.645364  0.949943  9.763246    -0.034456   -0.000007   -0.000002  
     -0.000007  3.799809  9.763246     0.017234    0.029910    0.000001  
      4.936093  0.949951  9.745651     0.000023    0.000002   -0.000000  
      3.290735  3.799809  9.763246     0.017207   -0.029903    0.000001  
      1.645364  0.949951  1.581663            0           0           0  
     -0.000001  3.799806  1.581663            0           0           0  
      4.936093  0.949951  1.581663            0           0           0  
      3.290728  3.799806  1.581663            0           0           0  
      1.645364  0.949951  4.924959            0           0           0  
     -0.000001  3.799806  4.924959            0           0           0  
      4.936093  0.949951  4.924959            0           0           0  
      3.290728  3.799806  4.924959            0           0           0  
     -0.000257  1.899754  8.076756    -0.017898    0.031083    0.000018  
     -1.645365  4.749757  8.081979    -0.000048   -0.000009    0.000003  
      3.290986  1.899754  8.076756    -0.017911   -0.031084   -0.000013  
      1.645364  4.750054  8.076756     0.035849    0.000010   -0.000005  
      0.000557  1.900225 11.456491    -0.019252    0.033452   -0.000013  
     -1.645365  4.749757 11.445642    -0.000044   -0.000006   -0.000004  
      3.290171  1.900225 11.456491    -0.019270   -0.033458    0.000007  
      1.645364  4.749114 11.456491     0.038586    0.000013    0.000009  
      1.645364  2.849854 13.094834     0.000082    0.000012    0.000002  
 
  34 f  =    2.701115 THz    16.971608 2PiTHz   90.099509 cm-1    11.170910 meV
             X         Y         Z           dx          dy          dz
     -0.000000  1.899903  3.253311            0           0           0  
     -1.645365  4.749757  3.253311            0           0           0  
      3.290728  1.899903  3.253311            0           0           0  
      1.645364  4.749757  3.253311            0           0           0  
      1.645364  0.949943  9.763246    -0.000013   -0.044143    0.000518  
     -0.000007  3.799809  9.763246    -0.038226    0.022068    0.000519  
      4.936093  0.949951  9.745651    -0.000009   -0.000002    0.002635  
      3.290735  3.799809  9.763246     0.038249    0.022086    0.000519  
      1.645364  0.949951  1.581663            0           0           0  
     -0.000001  3.799806  1.581663            0           0           0  
      4.936093  0.949951  1.581663            0           0           0  
      3.290728  3.799806  1.581663            0           0           0  
      1.645364  0.949951  4.924959            0           0           0  
     -0.000001  3.799806  4.924959            0           0           0  
      4.936093  0.949951  4.924959            0           0           0  
      3.290728  3.799806  4.924959            0           0           0  
     -0.000257  1.899754  8.076756     0.004978    0.002872    0.012423  
     -1.645365  4.749757  8.081979     0.000016   -0.000003   -0.039533  
      3.290986  1.899754  8.076756    -0.005000    0.002882    0.012436  
      1.645364  4.750054  8.076756     0.000008   -0.005772    0.012419  
      0.000557  1.900225 11.456491     0.001142    0.000664   -0.016766  
     -1.645365  4.749757 11.445642     0.000013    0.000010    0.050177  
      3.290171  1.900225 11.456491    -0.001176    0.000681   -0.016767  
      1.645364  4.749114 11.456491     0.000007   -0.001332   -0.016767  
      1.645364  2.849854 13.094834    -0.000038    0.000018   -0.025542  
 
  35 f  =    0.655723 THz     4.120029 2PiTHz   21.872562 cm-1     2.711851 meV
             X         Y         Z           dx          dy          dz
     -0.000000  1.899903  3.253311            0           0           0  
     -1.645365  4.749757  3.253311            0           0           0  
      3.290728  1.899903  3.253311            0           0           0  
      1.645364  4.749757  3.253311            0           0           0  
      1.645364  0.949943  9.763246     0.000010    0.000028    0.031236  
     -0.000007  3.799809  9.763246     0.000036   -0.000025    0.031236  
      4.936093  0.949951  9.745651     0.000013   -0.000005    0.031126  
      3.290735  3.799809  9.763246    -0.000014   -0.000024    0.031236  
      1.645364  0.949951  1.581663            0           0           0  
     -0.000001  3.799806  1.581663            0           0           0  
      4.936093  0.949951  1.581663            0           0           0  
      3.290728  3.799806  1.581663            0           0           0  
      1.645364  0.949951  4.924959            0           0           0  
     -0.000001  3.799806  4.924959            0           0           0  
      4.936093  0.949951  4.924959            0           0           0  
      3.290728  3.799806  4.924959            0           0           0  
     -0.000257  1.899754  8.076756     0.000048    0.000014    0.030915  
     -1.645365  4.749757  8.081979     0.000011   -0.000005    0.030943  
      3.290986  1.899754  8.076756    -0.000026    0.000015    0.030917  
      1.645364  4.750054  8.076756     0.000011   -0.000050    0.030921  
      0.000557  1.900225 11.456491     0.000064    0.000024    0.031714  
     -1.645365  4.749757 11.445642     0.000011   -0.000006    0.031574  
      3.290171  1.900225 11.456491    -0.000041    0.000023    0.031711  
      1.645364  4.749114 11.456491     0.000011   -0.000068    0.031710  
      1.645364  2.849854 13.094834     0.000015   -0.000005    0.032180  
 
  36 f  =    0.371212 THz     2.332392 2PiTHz   12.382289 cm-1     1.535207 meV
             X         Y         Z           dx          dy          dz
     -0.000000  1.899903  3.253311            0           0           0  
     -1.645365  4.749757  3.253311            0           0           0  
      3.290728  1.899903  3.253311            0           0           0  
      1.645364  4.749757  3.253311            0           0           0  
      1.645364  0.949943  9.763246    -0.014346   -0.027801   -0.000012  
     -0.000007  3.799809  9.763246    -0.014341   -0.028162    0.000003  
      4.936093  0.949951  9.745651    -0.013929   -0.027469   -0.000000  
      3.290735  3.799809  9.763246    -0.014026   -0.027979    0.000006  
      1.645364  0.949951  1.581663            0           0           0  
     -0.000001  3.799806  1.581663            0           0           0  
      4.936093  0.949951  1.581663            0           0           0  
      3.290728  3.799806  1.581663            0           0           0  
      1.645364  0.949951  4.924959            0           0           0  
     -0.000001  3.799806  4.924959            0           0           0  
      4.936093  0.949951  4.924959            0           0           0  
      3.290728  3.799806  4.924959            0           0           0  
     -0.000257  1.899754  8.076756    -0.014036   -0.027687   -0.000241  
     -1.645365  4.749757  8.081979    -0.014089   -0.027718   -0.000002  
      3.290986  1.899754  8.076756    -0.014099   -0.027739    0.000003  
      1.645364  4.750054  8.076756    -0.014108   -0.027654    0.000238  
      0.000557  1.900225 11.456491    -0.014193   -0.028090    0.000266  
     -1.645365  4.749757 11.445642    -0.014273   -0.028062   -0.000002  
      3.290171  1.900225 11.456491    -0.014322   -0.028168   -0.000014  
      1.645364  4.749114 11.456491    -0.014322   -0.028024   -0.000255  
      1.645364  2.849854 13.094834    -0.014038   -0.027741    0.000007  
 
  37 f  =    0.370872 THz     2.330260 2PiTHz   12.370969 cm-1     1.533804 meV
             X         Y         Z           dx          dy          dz
     -0.000000  1.899903  3.253311            0           0           0  
     -1.645365  4.749757  3.253311            0           0           0  
      3.290728  1.899903  3.253311            0           0           0  
      1.645364  4.749757  3.253311            0           0           0  
      1.645364  0.949943  9.763246     0.028198   -0.014135   -0.000016  
     -0.000007  3.799809  9.763246     0.027810   -0.014105   -0.000007  
      4.936093  0.949951  9.745651     0.027427   -0.013955   -0.000011  
      3.290735  3.799809  9.763246     0.027979   -0.014446   -0.000016  
      1.645364  0.949951  1.581663            0           0           0  
     -0.000001  3.799806  1.581663            0           0           0  
      4.936093  0.949951  1.581663            0           0           0  
      3.290728  3.799806  1.581663            0           0           0  
      1.645364  0.949951  4.924959            0           0           0  
     -0.000001  3.799806  4.924959            0           0           0  
      4.936093  0.949951  4.924959            0           0           0  
      3.290728  3.799806  4.924959            0           0           0  
     -0.000257  1.899754  8.076756     0.027692   -0.014138    0.000151  
     -1.645365  4.749757  8.081979     0.027713   -0.014088   -0.000017  
      3.290986  1.899754  8.076756     0.027654   -0.014048   -0.000298  
      1.645364  4.750054  8.076756     0.027747   -0.014054    0.000113  
      0.000557  1.900225 11.456491     0.028084   -0.014370   -0.000198  
     -1.645365  4.749757 11.445642     0.028070   -0.014269   -0.000011  
      3.290171  1.900225 11.456491     0.028018   -0.014228    0.000306  
      1.645364  4.749114 11.456491     0.028167   -0.014245   -0.000150  
      1.645364  2.849854 13.094834     0.027664   -0.014094   -0.000012  
 
  38 fi =    1.480348 THz     9.301299 2PiTHz   49.379082 cm-1     6.122223 meV
             X         Y         Z           dx          dy          dz
     -0.000000  1.899903  3.253311            0           0           0  
     -1.645365  4.749757  3.253311            0           0           0  
      3.290728  1.899903  3.253311            0           0           0  
      1.645364  4.749757  3.253311            0           0           0  
      1.645364  0.949943  9.763246     0.044215    0.000226    0.000132  
     -0.000007  3.799809  9.763246     0.006290    0.019851   -0.002514  
      4.936093  0.949951  9.745651    -0.056651    0.002596    0.000001  
      3.290735  3.799809  9.763246     0.008250   -0.022805    0.002385  
      1.645364  0.949951  1.581663            0           0           0  
     -0.000001  3.799806  1.581663            0           0           0  
      4.936093  0.949951  1.581663            0           0           0  
      3.290728  3.799806  1.581663            0           0           0  
      1.645364  0.949951  4.924959            0           0           0  
     -0.000001  3.799806  4.924959            0           0           0  
      4.936093  0.949951  4.924959            0           0           0  
      3.290728  3.799806  4.924959            0           0           0  
     -0.000257  1.899754  8.076756    -0.003472   -0.008669    0.024969  
     -1.645365  4.749757  8.081979     0.001078   -0.000058    0.000002  
      3.290986  1.899754  8.076756    -0.004244    0.008112   -0.026328  
      1.645364  4.750054  8.076756     0.010674    0.000388    0.001362  
      0.000557  1.900225 11.456491    -0.007716   -0.009675   -0.035159  
     -1.645365  4.749757 11.445642     0.004684   -0.000224   -0.000000  
      3.290171  1.900225 11.456491    -0.008595    0.009398    0.037079  
      1.645364  4.749114 11.456491     0.008358    0.000617   -0.001917  
      1.645364  2.849854 13.094834    -0.074847    0.003432    0.000007  
 
  39 fi =    1.480794 THz     9.304102 2PiTHz   49.393964 cm-1     6.124068 meV
             X         Y         Z           dx          dy          dz
     -0.000000  1.899903  3.253311            0           0           0  
     -1.645365  4.749757  3.253311            0           0           0  
      3.290728  1.899903  3.253311            0           0           0  
      1.645364  4.749757  3.253311            0           0           0  
      1.645364  0.949943  9.763246     0.002038   -0.005012   -0.002824  
     -0.000007  3.799809  9.763246     0.021668    0.032907    0.001303  
      4.936093  0.949951  9.745651    -0.002600   -0.056624    0.000001  
      3.290735  3.799809  9.763246    -0.020991    0.030952    0.001526  
      1.645364  0.949951  1.581663            0           0           0  
     -0.000001  3.799806  1.581663            0           0           0  
      4.936093  0.949951  1.581663            0           0           0  
      3.290728  3.799806  1.581663            0           0           0  
      1.645364  0.949951  4.924959            0           0           0  
     -0.000001  3.799806  4.924959            0           0           0  
      4.936093  0.949951  4.924959            0           0           0  
      3.290728  3.799806  4.924959            0           0           0  
     -0.000257  1.899754  8.076756    -0.008559    0.005471    0.015991  
     -1.645365  4.749757  8.081979     0.000058    0.001114    0.000002  
      3.290986  1.899754  8.076756     0.008218    0.006247    0.013633  
      1.645364  4.750054  8.076756     0.000494   -0.008667   -0.029620  
      0.000557  1.900225 11.456491    -0.009905    0.002438   -0.022511  
     -1.645365  4.749757 11.445642     0.000219    0.004707   -0.000000  
      3.290171  1.900225 11.456491     0.009162    0.003324   -0.019189  
      1.645364  4.749114 11.456491     0.000387   -0.013634    0.041709  
      1.645364  2.849854 13.094834    -0.003449   -0.074796    0.000008  
 
