 Eigenvectors and eigenvalues of the dynamical matrix
 ----------------------------------------------------
 
 
   1 f  =   12.668377 THz    79.597760 2PiTHz  422.571567 cm-1    52.392173 meV
             X         Y         Z           dx          dy          dz
     -0.000000  1.825504  3.086976            0           0           0  
     -1.580934  4.563760  3.086976            0           0           0  
      3.161866  1.825504  3.086976            0           0           0  
      1.580932  4.563760  3.086976            0           0           0  
      1.580933  0.911693  9.266012     0.000002   -0.000616   -0.023193  
     -0.000917  3.651537  9.266012    -0.000534    0.000309   -0.023194  
      4.742799  0.912752  9.255024     0.000002    0.000001   -0.023174  
      3.162782  3.651537  9.266012     0.000534    0.000310   -0.023193  
      1.580933  0.912752  1.521777            0           0           0  
     -0.000000  3.651008  1.521777            0           0           0  
      4.742799  0.912752  1.521777            0           0           0  
      3.161865  3.651008  1.521777            0           0           0  
      1.580933  0.912752  4.652176            0           0           0  
     -0.000000  3.651008  4.652176            0           0           0  
      4.742799  0.912752  4.652176            0           0           0  
      3.161865  3.651008  4.652176            0           0           0  
     -0.002023  1.824336  7.689186     0.005319    0.003069    0.022702  
     -1.580934  4.563760  7.694019    -0.000001   -0.000002    0.036033  
      3.163889  1.824336  7.689186    -0.005319    0.003070    0.022704  
      1.580932  4.566096  7.689186     0.000002   -0.006143    0.022697  
      0.003949  1.827784 10.862928     0.031125    0.017973    0.055729  
     -1.580934  4.563760 10.842542    -0.000001   -0.000000    0.044318  
      3.157917  1.827784 10.862928    -0.031147    0.017975    0.055725  
      1.580932  4.559200 10.862928     0.000003   -0.035952    0.055729  
      1.580932  2.738256 12.383762     0.000003    0.000000   -0.174164  
 
   2 f  =   12.393113 THz    77.868226 2PiTHz  413.389755 cm-1    51.253774 meV
             X         Y         Z           dx          dy          dz
     -0.000000  1.825504  3.086976            0           0           0  
     -1.580934  4.563760  3.086976            0           0           0  
      3.161866  1.825504  3.086976            0           0           0  
      1.580932  4.563760  3.086976            0           0           0  
      1.580933  0.911693  9.266012    -0.000003    0.001403   -0.022975  
     -0.000917  3.651537  9.266012     0.001205   -0.000698   -0.022971  
      4.742799  0.912752  9.255024    -0.000000   -0.000003   -0.008726  
      3.162782  3.651537  9.266012    -0.001207   -0.000697   -0.022971  
      1.580933  0.912752  1.521777            0           0           0  
     -0.000000  3.651008  1.521777            0           0           0  
      4.742799  0.912752  1.521777            0           0           0  
      3.161865  3.651008  1.521777            0           0           0  
      1.580933  0.912752  4.652176            0           0           0  
     -0.000000  3.651008  4.652176            0           0           0  
      4.742799  0.912752  4.652176            0           0           0  
      3.161865  3.651008  4.652176            0           0           0  
     -0.002023  1.824336  7.689186    -0.001353   -0.000789    0.065756  
     -1.580934  4.563760  7.694019     0.000002   -0.000010    0.059648  
      3.163889  1.824336  7.689186     0.001355   -0.000789    0.065743  
      1.580932  4.566096  7.689186     0.000001    0.001580    0.065750  
      0.003949  1.827784 10.862928    -0.034228   -0.019762   -0.020754  
     -1.580934  4.563760 10.842542     0.000002   -0.000016    0.013159  
      3.157917  1.827784 10.862928     0.034242   -0.019763   -0.020734  
      1.580932  4.559200 10.862928    -0.000002    0.039536   -0.020745  
      1.580932  2.738256 12.383762     0.000004   -0.000001    0.126835  
 
   3 f  =   11.244975 THz    70.654259 2PiTHz  375.091976 cm-1    46.505457 meV
             X         Y         Z           dx          dy          dz
     -0.000000  1.825504  3.086976            0           0           0  
     -1.580934  4.563760  3.086976            0           0           0  
      3.161866  1.825504  3.086976            0           0           0  
      1.580932  4.563760  3.086976            0           0           0  
      1.580933  0.911693  9.266012    -0.000004   -0.013504   -0.014790  
     -0.000917  3.651537  9.266012    -0.011698    0.006791   -0.014803  
      4.742799  0.912752  9.255024     0.000006    0.000044    0.019539  
      3.162782  3.651537  9.266012     0.011696    0.006799   -0.014796  
      1.580933  0.912752  1.521777            0           0           0  
     -0.000000  3.651008  1.521777            0           0           0  
      4.742799  0.912752  1.521777            0           0           0  
      3.161865  3.651008  1.521777            0           0           0  
      1.580933  0.912752  4.652176            0           0           0  
     -0.000000  3.651008  4.652176            0           0           0  
      4.742799  0.912752  4.652176            0           0           0  
      3.161865  3.651008  4.652176            0           0           0  
     -0.002023  1.824336  7.689186     0.017587    0.010125   -0.054057  
     -1.580934  4.563760  7.694019     0.000002   -0.000041    0.055807  
      3.163889  1.824336  7.689186    -0.017589    0.010123   -0.054095  
      1.580932  4.566096  7.689186     0.000002   -0.020411   -0.054052  
      0.003949  1.827784 10.862928    -0.028971   -0.016767    0.044404  
     -1.580934  4.563760 10.842542    -0.000004   -0.000019    0.015658  
      3.157917  1.827784 10.862928     0.028966   -0.016763    0.044436  
      1.580932  4.559200 10.862928     0.000008    0.033346    0.044408  
      1.580932  2.738256 12.383762     0.000015    0.000068    0.131791  
 
   4 f  =   11.190573 THz    70.312443 2PiTHz  373.277330 cm-1    46.280470 meV
             X         Y         Z           dx          dy          dz
     -0.000000  1.825504  3.086976            0           0           0  
     -1.580934  4.563760  3.086976            0           0           0  
      3.161866  1.825504  3.086976            0           0           0  
      1.580932  4.563760  3.086976            0           0           0  
      1.580933  0.911693  9.266012    -0.000030   -0.014711    0.005210  
     -0.000917  3.651537  9.266012    -0.012821    0.007476    0.005305  
      4.742799  0.912752  9.255024     0.000017    0.000151    0.008172  
      3.162782  3.651537  9.266012     0.012810    0.007506    0.005347  
      1.580933  0.912752  1.521777            0           0           0  
     -0.000000  3.651008  1.521777            0           0           0  
      4.742799  0.912752  1.521777            0           0           0  
      3.161865  3.651008  1.521777            0           0           0  
      1.580933  0.912752  4.652176            0           0           0  
     -0.000000  3.651008  4.652176            0           0           0  
      4.742799  0.912752  4.652176            0           0           0  
      3.161865  3.651008  4.652176            0           0           0  
     -0.002023  1.824336  7.689186     0.011202    0.006241   -0.000115  
     -1.580934  4.563760  7.694019     0.000003   -0.000063    0.112142  
      3.163889  1.824336  7.689186    -0.011174    0.006240   -0.000336  
      1.580932  4.566096  7.689186     0.000013   -0.013056   -0.000417  
      0.003949  1.827784 10.862928     0.020988    0.012086   -0.018919  
     -1.580934  4.563760 10.842542    -0.000023   -0.000214   -0.108551  
      3.157917  1.827784 10.862928    -0.020978    0.012122   -0.018815  
      1.580932  4.559200 10.862928     0.000040   -0.024688   -0.018751  
      1.580932  2.738256 12.383762     0.000040    0.000348   -0.069757  
 
   5 f  =   11.157648 THz    70.105573 2PiTHz  372.179092 cm-1    46.144306 meV
             X         Y         Z           dx          dy          dz
     -0.000000  1.825504  3.086976            0           0           0  
     -1.580934  4.563760  3.086976            0           0           0  
      3.161866  1.825504  3.086976            0           0           0  
      1.580932  4.563760  3.086976            0           0           0  
      1.580933  0.911693  9.266012    -0.015734   -0.002660    0.003192  
     -0.000917  3.651537  9.266012    -0.017738   -0.001006    0.017575  
      4.742799  0.912752  9.255024    -0.036535   -0.005202    0.000010  
      3.162782  3.651537  9.266012    -0.018101   -0.003558   -0.020765  
      1.580933  0.912752  1.521777            0           0           0  
     -0.000000  3.651008  1.521777            0           0           0  
      4.742799  0.912752  1.521777            0           0           0  
      3.161865  3.651008  1.521777            0           0           0  
      1.580933  0.912752  4.652176            0           0           0  
     -0.000000  3.651008  4.652176            0           0           0  
      4.742799  0.912752  4.652176            0           0           0  
      3.161865  3.651008  4.652176            0           0           0  
     -0.002023  1.824336  7.689186     0.037766    0.001846   -0.047953  
     -1.580934  4.563760  7.694019     0.010035    0.001348    0.000133  
      3.163889  1.824336  7.689186     0.039019    0.010485    0.040475  
      1.580932  4.566096  7.689186     0.045830    0.005037    0.007441  
      0.003949  1.827784 10.862928     0.055249    0.033991    0.023278  
     -1.580934  4.563760 10.842542     0.053486    0.007596   -0.000112  
      3.157917  1.827784 10.862928     0.046054   -0.030218   -0.019678  
      1.580932  4.559200 10.862928    -0.005016    0.009781   -0.003616  
      1.580932  2.738256 12.383762    -0.085610   -0.012202   -0.000037  
 
   6 f  =   11.157151 THz    70.102450 2PiTHz  372.162510 cm-1    46.142250 meV
             X         Y         Z           dx          dy          dz
     -0.000000  1.825504  3.086976            0           0           0  
     -1.580934  4.563760  3.086976            0           0           0  
      3.161866  1.825504  3.086976            0           0           0  
      1.580932  4.563760  3.086976            0           0           0  
      1.580933  0.911693  9.266012     0.002229   -0.018727    0.022188  
     -0.000917  3.651537  9.266012     0.003779   -0.016570   -0.013826  
      4.742799  0.912752  9.255024     0.005204   -0.036517    0.000052  
      3.162782  3.651537  9.266012     0.001310   -0.016197   -0.008339  
      1.580933  0.912752  1.521777            0           0           0  
     -0.000000  3.651008  1.521777            0           0           0  
      4.742799  0.912752  1.521777            0           0           0  
      3.161865  3.651008  1.521777            0           0           0  
      1.580933  0.912752  4.652176            0           0           0  
     -0.000000  3.651008  4.652176            0           0           0  
      4.742799  0.912752  4.652176            0           0           0  
      3.161865  3.651008  4.652176            0           0           0  
     -0.002023  1.824336  7.689186    -0.009735    0.044020   -0.019298  
     -1.580934  4.563760  7.694019    -0.001408    0.009993    0.000482  
      3.163889  1.824336  7.689186    -0.001179    0.042775   -0.031989  
      1.580932  4.566096  7.689186    -0.006523    0.035744    0.051174  
      0.003949  1.827784 10.862928     0.024953    0.008947    0.009305  
     -1.580934  4.563760 10.842542    -0.007624    0.053510   -0.000410  
      3.157917  1.827784 10.862928    -0.039370    0.018114    0.015441  
      1.580932  4.559200 10.862928     0.000740    0.069022   -0.024879  
      1.580932  2.738256 12.383762     0.012209   -0.085537   -0.000184  
 
   7 f  =   11.026870 THz    69.283866 2PiTHz  367.816782 cm-1    45.603448 meV
             X         Y         Z           dx          dy          dz
     -0.000000  1.825504  3.086976            0           0           0  
     -1.580934  4.563760  3.086976            0           0           0  
      3.161866  1.825504  3.086976            0           0           0  
      1.580932  4.563760  3.086976            0           0           0  
      1.580933  0.911693  9.266012    -0.028509    0.008007    0.011939  
     -0.000917  3.651537  9.266012    -0.013412    0.008107   -0.023585  
      4.742799  0.912752  9.255024    -0.004284    0.002580   -0.000028  
      3.162782  3.651537  9.266012    -0.021091    0.021084    0.011657  
      1.580933  0.912752  1.521777            0           0           0  
     -0.000000  3.651008  1.521777            0           0           0  
      4.742799  0.912752  1.521777            0           0           0  
      3.161865  3.651008  1.521777            0           0           0  
      1.580933  0.912752  4.652176            0           0           0  
     -0.000000  3.651008  4.652176            0           0           0  
      4.742799  0.912752  4.652176            0           0           0  
      3.161865  3.651008  4.652176            0           0           0  
     -0.002023  1.824336  7.689186     0.017431    0.006956    0.044413  
     -1.580934  4.563760  7.694019     0.050703   -0.029867   -0.000168  
      3.163889  1.824336  7.689186     0.032800   -0.019042   -0.089979  
      1.580932  4.566096  7.689186     0.002559   -0.019208    0.045642  
      0.003949  1.827784 10.862928     0.026587   -0.022116   -0.015057  
     -1.580934  4.563760 10.842542     0.017775   -0.010584    0.000106  
      3.157917  1.827784 10.862928     0.021086   -0.012520    0.030541  
      1.580932  4.559200 10.862928     0.032131   -0.012511   -0.015450  
      1.580932  2.738256 12.383762     0.001572   -0.000749    0.000001  
 
   8 f  =   11.026464 THz    69.281315 2PiTHz  367.803238 cm-1    45.601769 meV
             X         Y         Z           dx          dy          dz
     -0.000000  1.825504  3.086976            0           0           0  
     -1.580934  4.563760  3.086976            0           0           0  
      3.161866  1.825504  3.086976            0           0           0  
      1.580932  4.563760  3.086976            0           0           0  
      1.580933  0.911693  9.266012     0.016816    0.013572    0.020316  
     -0.000917  3.651537  9.266012     0.016682    0.028597    0.000198  
      4.742799  0.912752  9.255024     0.002591    0.004355   -0.000013  
      3.162782  3.651537  9.266012     0.003702    0.020965   -0.020491  
      1.580933  0.912752  1.521777            0           0           0  
     -0.000000  3.651008  1.521777            0           0           0  
      4.742799  0.912752  1.521777            0           0           0  
      3.161865  3.651008  1.521777            0           0           0  
      1.580933  0.912752  4.652176            0           0           0  
     -0.000000  3.651008  4.652176            0           0           0  
      4.742799  0.912752  4.652176            0           0           0  
      3.161865  3.651008  4.652176            0           0           0  
     -0.002023  1.824336  7.689186    -0.027879   -0.017803   -0.078192  
     -1.580934  4.563760  7.694019    -0.029880   -0.050778   -0.000046  
      3.163889  1.824336  7.689186    -0.001834   -0.002515    0.000791  
      1.580932  4.566096  7.689186    -0.001586   -0.032667    0.077497  
      0.003949  1.827784 10.862928    -0.009374   -0.026627    0.026470  
     -1.580934  4.563760 10.842542    -0.010568   -0.017929    0.000015  
      3.157917  1.827784 10.862928    -0.018888   -0.032161   -0.000269  
      1.580932  4.559200 10.862928    -0.018914   -0.021190   -0.026279  
      1.580932  2.738256 12.383762    -0.000744   -0.001390   -0.000062  
 
   9 f  =   10.551997 THz    66.300152 2PiTHz  351.976728 cm-1    43.639533 meV
             X         Y         Z           dx          dy          dz
     -0.000000  1.825504  3.086976            0           0           0  
     -1.580934  4.563760  3.086976            0           0           0  
      3.161866  1.825504  3.086976            0           0           0  
      1.580932  4.563760  3.086976            0           0           0  
      1.580933  0.911693  9.266012     0.002058   -0.021092    0.029615  
     -0.000917  3.651537  9.266012     0.012413   -0.012046   -0.023537  
      4.742799  0.912752  9.255024    -0.007794    0.022940    0.000021  
      3.162782  3.651537  9.266012    -0.000615   -0.007637   -0.006092  
      1.580933  0.912752  1.521777            0           0           0  
     -0.000000  3.651008  1.521777            0           0           0  
      4.742799  0.912752  1.521777            0           0           0  
      3.161865  3.651008  1.521777            0           0           0  
      1.580933  0.912752  4.652176            0           0           0  
     -0.000000  3.651008  4.652176            0           0           0  
      4.742799  0.912752  4.652176            0           0           0  
      3.161865  3.651008  4.652176            0           0           0  
     -0.002023  1.824336  7.689186    -0.040657    0.055497    0.002828  
     -1.580934  4.563760  7.694019     0.006778   -0.019985   -0.000010  
      3.163889  1.824336  7.689186     0.048067    0.025337    0.010736  
      1.580932  4.566096  7.689186    -0.022449   -0.036645   -0.013480  
      0.003949  1.827784 10.862928    -0.009218   -0.000225   -0.009367  
     -1.580934  4.563760 10.842542    -0.021654    0.063710   -0.000011  
      3.157917  1.827784 10.862928     0.028663   -0.013091   -0.036158  
      1.580932  4.559200 10.862928    -0.001456   -0.039520    0.045440  
      1.580932  2.738256 12.383762    -0.028474    0.083736   -0.000026  
 
  10 f  =   10.551929 THz    66.299724 2PiTHz  351.974459 cm-1    43.639251 meV
             X         Y         Z           dx          dy          dz
     -0.000000  1.825504  3.086976            0           0           0  
     -1.580934  4.563760  3.086976            0           0           0  
      3.161866  1.825504  3.086976            0           0           0  
      1.580932  4.563760  3.086976            0           0           0  
      1.580933  0.911693  9.266012     0.006074    0.007173   -0.010073  
     -0.000917  3.651537  9.266012     0.015166   -0.003147   -0.020631  
      4.742799  0.912752  9.255024    -0.022922   -0.007795    0.000022  
      3.162782  3.651537  9.266012     0.019576    0.009835    0.030688  
      1.580933  0.912752  1.521777            0           0           0  
     -0.000000  3.651008  1.521777            0           0           0  
      4.742799  0.912752  1.521777            0           0           0  
      3.161865  3.651008  1.521777            0           0           0  
      1.580933  0.912752  4.652176            0           0           0  
     -0.000000  3.651008  4.652176            0           0           0  
      4.742799  0.912752  4.652176            0           0           0  
      3.161865  3.651008  4.652176            0           0           0  
     -0.002023  1.824336  7.689186     0.026036    0.030697   -0.013981  
     -1.580934  4.563760  7.694019     0.019920    0.006805    0.000020  
      3.163889  1.824336  7.689186    -0.004246   -0.058104    0.009364  
      1.580932  4.566096  7.689186    -0.066073    0.012376    0.004597  
      0.003949  1.827784 10.862928     0.035005    0.021183    0.047100  
     -1.580934  4.563760 10.842542    -0.063739   -0.021651    0.000009  
      3.157917  1.827784 10.862928     0.022108   -0.016644   -0.031663  
      1.580932  4.559200 10.862928    -0.004309    0.013408   -0.015468  
      1.580932  2.738256 12.383762    -0.083701   -0.028463   -0.000005  
 
  11 f  =   10.432026 THz    65.546351 2PiTHz  347.974924 cm-1    43.143373 meV
             X         Y         Z           dx          dy          dz
     -0.000000  1.825504  3.086976            0           0           0  
     -1.580934  4.563760  3.086976            0           0           0  
      3.161866  1.825504  3.086976            0           0           0  
      1.580932  4.563760  3.086976            0           0           0  
      1.580933  0.911693  9.266012     0.000012    0.012476   -0.006917  
     -0.000917  3.651537  9.266012     0.010807   -0.006219   -0.006848  
      4.742799  0.912752  9.255024     0.000017   -0.000011    0.034875  
      3.162782  3.651537  9.266012    -0.010907   -0.006256   -0.006855  
      1.580933  0.912752  1.521777            0           0           0  
     -0.000000  3.651008  1.521777            0           0           0  
      4.742799  0.912752  1.521777            0           0           0  
      3.161865  3.651008  1.521777            0           0           0  
      1.580933  0.912752  4.652176            0           0           0  
     -0.000000  3.651008  4.652176            0           0           0  
      4.742799  0.912752  4.652176            0           0           0  
      3.161865  3.651008  4.652176            0           0           0  
     -0.002023  1.824336  7.689186     0.075736    0.043649    0.008186  
     -1.580934  4.563760  7.694019     0.000118    0.000165   -0.022200  
      3.163889  1.824336  7.689186    -0.075773    0.043624    0.008266  
      1.580932  4.566096  7.689186     0.000016   -0.087390    0.008407  
      0.003949  1.827784 10.862928     0.010499    0.006099   -0.019811  
     -1.580934  4.563760 10.842542     0.000133   -0.000006    0.019256  
      3.157917  1.827784 10.862928    -0.010608    0.006172   -0.019757  
      1.580932  4.559200 10.862928     0.000050   -0.012296   -0.019830  
      1.580932  2.738256 12.383762     0.000155    0.000083   -0.021493  
 
  12 f  =   10.379962 THz    65.219227 2PiTHz  346.238277 cm-1    42.928056 meV
             X         Y         Z           dx          dy          dz
     -0.000000  1.825504  3.086976            0           0           0  
     -1.580934  4.563760  3.086976            0           0           0  
      3.161866  1.825504  3.086976            0           0           0  
      1.580932  4.563760  3.086976            0           0           0  
      1.580933  0.911693  9.266012     0.000579    0.029905    0.013938  
     -0.000917  3.651537  9.266012    -0.018917   -0.000204   -0.007621  
      4.742799  0.912752  9.255024    -0.000027    0.000275    0.000060  
      3.162782  3.651537  9.266012     0.016864   -0.002069   -0.006341  
      1.580933  0.912752  1.521777            0           0           0  
     -0.000000  3.651008  1.521777            0           0           0  
      4.742799  0.912752  1.521777            0           0           0  
      3.161865  3.651008  1.521777            0           0           0  
      1.580933  0.912752  4.652176            0           0           0  
     -0.000000  3.651008  4.652176            0           0           0  
      4.742799  0.912752  4.652176            0           0           0  
      3.161865  3.651008  4.652176            0           0           0  
     -0.002023  1.824336  7.689186    -0.021557    0.028768    0.028781  
     -1.580934  4.563760  7.694019     0.005085   -0.097185   -0.000006  
      3.163889  1.824336  7.689186     0.021322    0.026524    0.034451  
      1.580932  4.566096  7.689186    -0.002090   -0.009896   -0.063221  
      0.003949  1.827784 10.862928     0.029330   -0.008848   -0.001326  
     -1.580934  4.563760 10.842542     0.002377   -0.045502   -0.000008  
      3.157917  1.827784 10.862928    -0.032224   -0.005648   -0.001589  
      1.580932  4.559200 10.862928     0.001323    0.046013    0.002833  
      1.580932  2.738256 12.383762     0.004199   -0.081255   -0.000067  
 
  13 f  =   10.378913 THz    65.212636 2PiTHz  346.203283 cm-1    42.923717 meV
             X         Y         Z           dx          dy          dz
     -0.000000  1.825504  3.086976            0           0           0  
     -1.580934  4.563760  3.086976            0           0           0  
      3.161866  1.825504  3.086976            0           0           0  
      1.580932  4.563760  3.086976            0           0           0  
      1.580933  0.911693  9.266012    -0.011428    0.001582    0.000712  
     -0.000917  3.651537  9.266012     0.018636   -0.017980    0.011715  
      4.742799  0.912752  9.255024     0.000309    0.000009    0.000042  
      3.162782  3.651537  9.266012     0.020466    0.017837   -0.012458  
      1.580933  0.912752  1.521777            0           0           0  
     -0.000000  3.651008  1.521777            0           0           0  
      4.742799  0.912752  1.521777            0           0           0  
      3.161865  3.651008  1.521777            0           0           0  
      1.580933  0.912752  4.652176            0           0           0  
     -0.000000  3.651008  4.652176            0           0           0  
      4.742799  0.912752  4.652176            0           0           0  
      3.161865  3.651008  4.652176            0           0           0  
     -0.002023  1.824336  7.689186     0.001587   -0.020085    0.056420  
     -1.580934  4.563760  7.694019    -0.097174   -0.005079   -0.000072  
      3.163889  1.824336  7.689186     0.003625    0.023074   -0.053110  
      1.580932  4.566096  7.689186     0.040062   -0.000604   -0.003278  
      0.003949  1.827784 10.862928     0.029822    0.030403   -0.002565  
     -1.580934  4.563760 10.842542    -0.045530   -0.002385    0.000068  
      3.157917  1.827784 10.862928     0.026616   -0.031123    0.002373  
      1.580932  4.559200 10.862928    -0.025010    0.002375    0.000129  
      1.580932  2.738256 12.383762    -0.081231   -0.004212   -0.000010  
 
  14 f  =   10.233410 THz    64.298414 2PiTHz  341.349830 cm-1    42.321966 meV
             X         Y         Z           dx          dy          dz
     -0.000000  1.825504  3.086976            0           0           0  
     -1.580934  4.563760  3.086976            0           0           0  
      3.161866  1.825504  3.086976            0           0           0  
      1.580932  4.563760  3.086976            0           0           0  
      1.580933  0.911693  9.266012    -0.035668    0.000000   -0.000005  
     -0.000917  3.651537  9.266012     0.017846    0.030891    0.000019  
      4.742799  0.912752  9.255024     0.000032   -0.000001    0.000010  
      3.162782  3.651537  9.266012     0.017838   -0.030895   -0.000023  
      1.580933  0.912752  1.521777            0           0           0  
     -0.000000  3.651008  1.521777            0           0           0  
      4.742799  0.912752  1.521777            0           0           0  
      3.161865  3.651008  1.521777            0           0           0  
      1.580933  0.912752  4.652176            0           0           0  
     -0.000000  3.651008  4.652176            0           0           0  
      4.742799  0.912752  4.652176            0           0           0  
      3.161865  3.651008  4.652176            0           0           0  
     -0.002023  1.824336  7.689186     0.030167   -0.052315    0.000035  
     -1.580934  4.563760  7.694019    -0.000050    0.000004   -0.000003  
      3.163889  1.824336  7.689186     0.030122    0.052341   -0.000044  
      1.580932  4.566096  7.689186    -0.060373   -0.000025    0.000009  
      0.003949  1.827784 10.862928     0.027095   -0.046945   -0.000011  
     -1.580934  4.563760 10.842542     0.000039   -0.000001    0.000006  
      3.157917  1.827784 10.862928     0.027095    0.046961    0.000017  
      1.580932  4.559200 10.862928    -0.054287   -0.000008   -0.000011  
      1.580932  2.738256 12.383762     0.000019   -0.000005   -0.000009  
 
  15 f  =    9.811409 THz    61.646904 2PiTHz  327.273391 cm-1    40.576711 meV
             X         Y         Z           dx          dy          dz
     -0.000000  1.825504  3.086976            0           0           0  
     -1.580934  4.563760  3.086976            0           0           0  
      3.161866  1.825504  3.086976            0           0           0  
      1.580932  4.563760  3.086976            0           0           0  
      1.580933  0.911693  9.266012    -0.004241    0.012842    0.003920  
     -0.000917  3.651537  9.266012    -0.010824   -0.011917   -0.001041  
      4.742799  0.912752  9.255024    -0.005850   -0.021675    0.000013  
      3.162782  3.651537  9.266012     0.013912   -0.005248   -0.002888  
      1.580933  0.912752  1.521777            0           0           0  
     -0.000000  3.651008  1.521777            0           0           0  
      4.742799  0.912752  1.521777            0           0           0  
      3.161865  3.651008  1.521777            0           0           0  
      1.580933  0.912752  4.652176            0           0           0  
     -0.000000  3.651008  4.652176            0           0           0  
      4.742799  0.912752  4.652176            0           0           0  
      3.161865  3.651008  4.652176            0           0           0  
     -0.002023  1.824336  7.689186     0.035881    0.030949   -0.031639  
     -1.580934  4.563760  7.694019    -0.011253   -0.041760    0.000039  
      3.163889  1.824336  7.689186    -0.008572    0.018922   -0.011490  
      1.580932  4.566096  7.689186     0.003227    0.063458    0.043038  
      0.003949  1.827784 10.862928    -0.030511    0.021197   -0.041904  
     -1.580934  4.563760 10.842542    -0.015075   -0.055950    0.000044  
      3.157917  1.827784 10.862928     0.027982    0.036960   -0.015188  
      1.580932  4.559200 10.862928     0.012359   -0.021592    0.057081  
      1.580932  2.738256 12.383762     0.032001    0.118594    0.000009  
 
  16 f  =    9.811234 THz    61.645801 2PiTHz  327.267535 cm-1    40.575985 meV
             X         Y         Z           dx          dy          dz
     -0.000000  1.825504  3.086976            0           0           0  
     -1.580934  4.563760  3.086976            0           0           0  
      3.161866  1.825504  3.086976            0           0           0  
      1.580932  4.563760  3.086976            0           0           0  
      1.580933  0.911693  9.266012     0.015733    0.003470    0.001062  
     -0.000917  3.651537  9.266012    -0.009084    0.010068   -0.003969  
      4.742799  0.912752  9.255024     0.021674   -0.005850    0.000005  
      3.162782  3.651537  9.266012    -0.002403   -0.014686    0.002905  
      1.580933  0.912752  1.521777            0           0           0  
     -0.000000  3.651008  1.521777            0           0           0  
      4.742799  0.912752  1.521777            0           0           0  
      3.161865  3.651008  1.521777            0           0           0  
      1.580933  0.912752  4.652176            0           0           0  
     -0.000000  3.651008  4.652176            0           0           0  
      4.742799  0.912752  4.652176            0           0           0  
      3.161865  3.651008  4.652176            0           0           0  
     -0.002023  1.824336  7.689186    -0.044631   -0.015572    0.031454  
     -1.580934  4.563760  7.694019     0.041794   -0.011269    0.000060  
      3.163889  1.824336  7.689186    -0.056633    0.028982   -0.043120  
      1.580932  4.566096  7.689186    -0.011960    0.017153    0.011608  
      0.003949  1.827784 10.862928    -0.003171    0.037006    0.041821  
     -1.580934  4.563760 10.842542     0.055885   -0.015082    0.000034  
      3.157917  1.827784 10.862928     0.012561   -0.021347   -0.057257  
      1.580932  4.559200 10.862928    -0.045789   -0.005836    0.015387  
      1.580932  2.738256 12.383762    -0.118590    0.031987    0.000007  
 
  17 f  =    9.560366 THz    60.069549 2PiTHz  318.899473 cm-1    39.538478 meV
             X         Y         Z           dx          dy          dz
     -0.000000  1.825504  3.086976            0           0           0  
     -1.580934  4.563760  3.086976            0           0           0  
      3.161866  1.825504  3.086976            0           0           0  
      1.580932  4.563760  3.086976            0           0           0  
      1.580933  0.911693  9.266012     0.000009   -0.007344    0.001683  
     -0.000917  3.651537  9.266012    -0.006517    0.003763    0.001493  
      4.742799  0.912752  9.255024     0.000008   -0.000027   -0.019141  
      3.162782  3.651537  9.266012     0.006511    0.003749    0.001511  
      1.580933  0.912752  1.521777            0           0           0  
     -0.000000  3.651008  1.521777            0           0           0  
      4.742799  0.912752  1.521777            0           0           0  
      3.161865  3.651008  1.521777            0           0           0  
      1.580933  0.912752  4.652176            0           0           0  
     -0.000000  3.651008  4.652176            0           0           0  
      4.742799  0.912752  4.652176            0           0           0  
      3.161865  3.651008  4.652176            0           0           0  
     -0.002023  1.824336  7.689186     0.021335    0.011860    0.027185  
     -1.580934  4.563760  7.694019     0.000004   -0.000052   -0.075938  
      3.163889  1.824336  7.689186    -0.021380    0.011903    0.027174  
      1.580932  4.566096  7.689186     0.000022   -0.023984    0.027133  
      0.003949  1.827784 10.862928    -0.019571   -0.011757    0.046086  
     -1.580934  4.563760 10.842542    -0.000013    0.000428   -0.107974  
      3.157917  1.827784 10.862928     0.019578   -0.011746    0.045992  
      1.580932  4.559200 10.862928     0.000007    0.022892    0.046644  
      1.580932  2.738256 12.383762    -0.000064    0.000202    0.028511  
 
  18 f  =    9.530468 THz    59.881695 2PiTHz  317.902186 cm-1    39.414830 meV
             X         Y         Z           dx          dy          dz
     -0.000000  1.825504  3.086976            0           0           0  
     -1.580934  4.563760  3.086976            0           0           0  
      3.161866  1.825504  3.086976            0           0           0  
      1.580932  4.563760  3.086976            0           0           0  
      1.580933  0.911693  9.266012    -0.000002   -0.016666   -0.020592  
     -0.000917  3.651537  9.266012     0.007851   -0.004152    0.011088  
      4.742799  0.912752  9.255024    -0.000013    0.000550   -0.000132  
      3.162782  3.651537  9.266012    -0.006775   -0.003518    0.009537  
      1.580933  0.912752  1.521777            0           0           0  
     -0.000000  3.651008  1.521777            0           0           0  
      4.742799  0.912752  1.521777            0           0           0  
      3.161865  3.651008  1.521777            0           0           0  
      1.580933  0.912752  4.652176            0           0           0  
     -0.000000  3.651008  4.652176            0           0           0  
      4.742799  0.912752  4.652176            0           0           0  
      3.161865  3.651008  4.652176            0           0           0  
     -0.002023  1.824336  7.689186    -0.043444    0.045933   -0.002070  
     -1.580934  4.563760  7.694019     0.000190   -0.004083   -0.000466  
      3.163889  1.824336  7.689186     0.043971    0.042107   -0.002462  
      1.580932  4.566096  7.689186    -0.003033   -0.032132    0.005048  
      0.003949  1.827784 10.862928    -0.039227    0.052493    0.031639  
     -1.580934  4.563760 10.842542     0.002698   -0.061329   -0.000707  
      3.157917  1.827784 10.862928     0.038685    0.049077    0.036734  
      1.580932  4.559200 10.862928    -0.003217   -0.016275   -0.067474  
      1.580932  2.738256 12.383762     0.000877   -0.020257    0.000209  
 
  19 f  =    9.529354 THz    59.874698 2PiTHz  317.865041 cm-1    39.410225 meV
             X         Y         Z           dx          dy          dz
     -0.000000  1.825504  3.086976            0           0           0  
     -1.580934  4.563760  3.086976            0           0           0  
      3.161866  1.825504  3.086976            0           0           0  
      1.580932  4.563760  3.086976            0           0           0  
      1.580933  0.911693  9.266012     0.000354   -0.000724   -0.000911  
     -0.000917  3.651537  9.266012    -0.012028    0.007185   -0.017383  
      4.742799  0.912752  9.255024     0.000512    0.000026    0.000001  
      3.162782  3.651537  9.266012    -0.012680   -0.007510    0.018288  
      1.580933  0.912752  1.521777            0           0           0  
     -0.000000  3.651008  1.521777            0           0           0  
      4.742799  0.912752  1.521777            0           0           0  
      3.161865  3.651008  1.521777            0           0           0  
      1.580933  0.912752  4.652176            0           0           0  
     -0.000000  3.651008  4.652176            0           0           0  
      4.742799  0.912752  4.652176            0           0           0  
      3.161865  3.651008  4.652176            0           0           0  
     -0.002023  1.824336  7.689186    -0.008446   -0.041887   -0.004407  
     -1.580934  4.563760  7.694019    -0.004165   -0.000178    0.000008  
      3.163889  1.824336  7.689186    -0.004635    0.045718    0.004190  
      1.580932  4.566096  7.689186     0.069260   -0.001392    0.000212  
      0.003949  1.827784 10.862928     0.004284   -0.036701    0.060114  
     -1.580934  4.563760 10.842542    -0.061379   -0.002675    0.000019  
      3.157917  1.827784 10.862928     0.007669    0.041132   -0.057146  
      1.580932  4.559200 10.862928     0.073352   -0.000744   -0.002987  
      1.580932  2.738256 12.383762    -0.020035   -0.000889    0.000048  
 
  20 f  =    8.988165 THz    56.474307 2PiTHz  299.812918 cm-1    37.172048 meV
             X         Y         Z           dx          dy          dz
     -0.000000  1.825504  3.086976            0           0           0  
     -1.580934  4.563760  3.086976            0           0           0  
      3.161866  1.825504  3.086976            0           0           0  
      1.580932  4.563760  3.086976            0           0           0  
      1.580933  0.911693  9.266012    -0.004693    0.000010    0.000735  
     -0.000917  3.651537  9.266012    -0.001275   -0.002400    0.006681  
      4.742799  0.912752  9.255024     0.008546    0.000770   -0.000003  
      3.162782  3.651537  9.266012    -0.000900    0.001764   -0.007416  
      1.580933  0.912752  1.521777            0           0           0  
     -0.000000  3.651008  1.521777            0           0           0  
      4.742799  0.912752  1.521777            0           0           0  
      3.161865  3.651008  1.521777            0           0           0  
      1.580933  0.912752  4.652176            0           0           0  
     -0.000000  3.651008  4.652176            0           0           0  
      4.742799  0.912752  4.652176            0           0           0  
      3.161865  3.651008  4.652176            0           0           0  
     -0.002023  1.824336  7.689186    -0.052788   -0.032734   -0.027310  
     -1.580934  4.563760  7.694019     0.071755    0.006470   -0.000013  
      3.163889  1.824336  7.689186    -0.047113    0.030288    0.024613  
      1.580932  4.566096  7.689186     0.004649   -0.006152    0.002704  
      0.003949  1.827784 10.862928     0.046827    0.024051   -0.059848  
     -1.580934  4.563760 10.842542    -0.071813   -0.006468   -0.000010  
      3.157917  1.827784 10.862928     0.042795   -0.020605    0.053934  
      1.580932  4.559200 10.862928     0.006113    0.005208    0.005931  
      1.580932  2.738256 12.383762    -0.025682   -0.002336   -0.000010  
 
  21 f  =    8.987761 THz    56.471769 2PiTHz  299.799440 cm-1    37.170377 meV
             X         Y         Z           dx          dy          dz
     -0.000000  1.825504  3.086976            0           0           0  
     -1.580934  4.563760  3.086976            0           0           0  
      3.161866  1.825504  3.086976            0           0           0  
      1.580932  4.563760  3.086976            0           0           0  
      1.580933  0.911693  9.266012     0.000420    0.000121    0.008163  
     -0.000917  3.651537  9.266012    -0.002007   -0.003299   -0.004714  
      4.742799  0.912752  9.255024    -0.000770    0.008539   -0.000019  
      3.162782  3.651537  9.266012     0.002198   -0.003678   -0.003443  
      1.580933  0.912752  1.521777            0           0           0  
     -0.000000  3.651008  1.521777            0           0           0  
      4.742799  0.912752  1.521777            0           0           0  
      3.161865  3.651008  1.521777            0           0           0  
      1.580933  0.912752  4.652176            0           0           0  
     -0.000000  3.651008  4.652176            0           0           0  
      4.742799  0.912752  4.652176            0           0           0  
      3.161865  3.651008  4.652176            0           0           0  
     -0.002023  1.824336  7.689186    -0.026991   -0.010696   -0.012610  
     -1.580934  4.563760  7.694019    -0.006469    0.071764   -0.000056  
      3.163889  1.824336  7.689186     0.035999   -0.016370   -0.017303  
      1.580932  4.566096  7.689186    -0.000391   -0.068119    0.029980  
      0.003949  1.827784 10.862928     0.018303    0.016938   -0.027677  
     -1.580934  4.563760 10.842542     0.006469   -0.071816   -0.000102  
      3.157917  1.827784 10.862928    -0.026376    0.020982   -0.037965  
      1.580932  4.559200 10.862928    -0.000557    0.057721    0.065774  
      1.580932  2.738256 12.383762     0.002276   -0.025663    0.000031  
 
  22 f  =    8.700159 THz    54.664709 2PiTHz  290.206056 cm-1    35.980949 meV
             X         Y         Z           dx          dy          dz
     -0.000000  1.825504  3.086976            0           0           0  
     -1.580934  4.563760  3.086976            0           0           0  
      3.161866  1.825504  3.086976            0           0           0  
      1.580932  4.563760  3.086976            0           0           0  
      1.580933  0.911693  9.266012    -0.002479   -0.000000    0.000001  
     -0.000917  3.651537  9.266012     0.001235    0.002148   -0.000004  
      4.742799  0.912752  9.255024    -0.000001    0.000002   -0.000000  
      3.162782  3.651537  9.266012     0.001234   -0.002146    0.000002  
      1.580933  0.912752  1.521777            0           0           0  
     -0.000000  3.651008  1.521777            0           0           0  
      4.742799  0.912752  1.521777            0           0           0  
      3.161865  3.651008  1.521777            0           0           0  
      1.580933  0.912752  4.652176            0           0           0  
     -0.000000  3.651008  4.652176            0           0           0  
      4.742799  0.912752  4.652176            0           0           0  
      3.161865  3.651008  4.652176            0           0           0  
     -0.002023  1.824336  7.689186    -0.035218    0.061012    0.000013  
     -1.580934  4.563760  7.694019     0.000009   -0.000012    0.000004  
      3.163889  1.824336  7.689186    -0.035215   -0.061013   -0.000006  
      1.580932  4.566096  7.689186     0.070481    0.000004   -0.000014  
      0.003949  1.827784 10.862928     0.036768   -0.063719    0.000008  
     -1.580934  4.563760 10.842542    -0.000005    0.000011    0.000002  
      3.157917  1.827784 10.862928     0.036768    0.063718    0.000001  
      1.580932  4.559200 10.862928    -0.073579   -0.000005   -0.000006  
      1.580932  2.738256 12.383762     0.000062   -0.000014   -0.000010  
 
  23 f  =    8.236562 THz    51.751845 2PiTHz  274.742134 cm-1    34.063668 meV
             X         Y         Z           dx          dy          dz
     -0.000000  1.825504  3.086976            0           0           0  
     -1.580934  4.563760  3.086976            0           0           0  
      3.161866  1.825504  3.086976            0           0           0  
      1.580932  4.563760  3.086976            0           0           0  
      1.580933  0.911693  9.266012     0.001353    0.002122    0.001550  
     -0.000917  3.651537  9.266012     0.001556    0.001308    0.000505  
      4.742799  0.912752  9.255024    -0.003560   -0.003732    0.000011  
      3.162782  3.651537  9.266012     0.002164    0.001886   -0.002059  
      1.580933  0.912752  1.521777            0           0           0  
     -0.000000  3.651008  1.521777            0           0           0  
      4.742799  0.912752  1.521777            0           0           0  
      3.161865  3.651008  1.521777            0           0           0  
      1.580933  0.912752  4.652176            0           0           0  
     -0.000000  3.651008  4.652176            0           0           0  
      4.742799  0.912752  4.652176            0           0           0  
      3.161865  3.651008  4.652176            0           0           0  
     -0.002023  1.824336  7.689186     0.023982    0.033968    0.011584  
     -1.580934  4.563760  7.694019     0.051760    0.054283    0.000001  
      3.163889  1.824336  7.689186     0.038048    0.047384   -0.002825  
      1.580932  4.566096  7.689186     0.042604    0.028507   -0.008754  
      0.003949  1.827784 10.862928    -0.017363   -0.037859    0.012881  
     -1.580934  4.563760 10.842542    -0.041090   -0.043096   -0.000006  
      3.157917  1.827784 10.862928    -0.048738   -0.067819   -0.003150  
      1.580932  4.559200 10.862928    -0.058971   -0.025618   -0.009741  
      1.580932  2.738256 12.383762     0.032136    0.033792   -0.000067  
 
  24 f  =    8.236428 THz    51.751006 2PiTHz  274.737681 cm-1    34.063116 meV
             X         Y         Z           dx          dy          dz
     -0.000000  1.825504  3.086976            0           0           0  
     -1.580934  4.563760  3.086976            0           0           0  
      3.161866  1.825504  3.086976            0           0           0  
      1.580932  4.563760  3.086976            0           0           0  
      1.580933  0.911693  9.266012     0.001423   -0.002024   -0.001479  
     -0.000917  3.651537  9.266012     0.002237   -0.001823    0.002081  
      4.742799  0.912752  9.255024    -0.003736    0.003557    0.000007  
      3.162782  3.651537  9.266012     0.001661   -0.001219   -0.000601  
      1.580933  0.912752  1.521777            0           0           0  
     -0.000000  3.651008  1.521777            0           0           0  
      4.742799  0.912752  1.521777            0           0           0  
      3.161865  3.651008  1.521777            0           0           0  
      1.580933  0.912752  4.652176            0           0           0  
     -0.000000  3.651008  4.652176            0           0           0  
      4.742799  0.912752  4.652176            0           0           0  
      3.161865  3.651008  4.652176            0           0           0  
     -0.002023  1.824336  7.689186     0.039257   -0.045793    0.003395  
     -1.580934  4.563760  7.694019     0.054317   -0.051735   -0.000004  
      3.163889  1.824336  7.689186     0.025853   -0.031712   -0.011728  
      1.580932  4.566096  7.689186     0.044712   -0.027160    0.008334  
      0.003949  1.827784 10.862928    -0.049661    0.066055    0.003792  
     -1.580934  4.563760 10.842542    -0.043112    0.041070    0.000005  
      3.157917  1.827784 10.862928    -0.019731    0.034615   -0.013070  
      1.580932  4.559200 10.862928    -0.061886    0.024427    0.009274  
      1.580932  2.738256 12.383762     0.033726   -0.032177   -0.000010  
 
  25 f  =    7.803731 THz    49.032285 2PiTHz  260.304431 cm-1    32.273622 meV
             X         Y         Z           dx          dy          dz
     -0.000000  1.825504  3.086976            0           0           0  
     -1.580934  4.563760  3.086976            0           0           0  
      3.161866  1.825504  3.086976            0           0           0  
      1.580932  4.563760  3.086976            0           0           0  
      1.580933  0.911693  9.266012    -0.000001   -0.002664    0.004473  
     -0.000917  3.651537  9.266012    -0.002312    0.001336    0.004464  
      4.742799  0.912752  9.255024     0.000002    0.000003   -0.039643  
      3.162782  3.651537  9.266012     0.002317    0.001342    0.004459  
      1.580933  0.912752  1.521777            0           0           0  
     -0.000000  3.651008  1.521777            0           0           0  
      4.742799  0.912752  1.521777            0           0           0  
      3.161865  3.651008  1.521777            0           0           0  
      1.580933  0.912752  4.652176            0           0           0  
     -0.000000  3.651008  4.652176            0           0           0  
      4.742799  0.912752  4.652176            0           0           0  
      3.161865  3.651008  4.652176            0           0           0  
     -0.002023  1.824336  7.689186     0.012141    0.007009    0.000360  
     -1.580934  4.563760  7.694019     0.000019    0.000005    0.003293  
      3.163889  1.824336  7.689186    -0.012116    0.006998    0.000354  
      1.580932  4.566096  7.689186     0.000006   -0.013980    0.000348  
      0.003949  1.827784 10.862928     0.053369    0.030803    0.002343  
     -1.580934  4.563760 10.842542    -0.000004   -0.000012    0.009241  
      3.157917  1.827784 10.862928    -0.053397    0.030793    0.002360  
      1.580932  4.559200 10.862928    -0.000024   -0.061632    0.002360  
      1.580932  2.738256 12.383762     0.000049   -0.000041    0.254366  
 
  26 f  =    6.277301 THz    39.441447 2PiTHz  209.388231 cm-1    25.960820 meV
             X         Y         Z           dx          dy          dz
     -0.000000  1.825504  3.086976            0           0           0  
     -1.580934  4.563760  3.086976            0           0           0  
      3.161866  1.825504  3.086976            0           0           0  
      1.580932  4.563760  3.086976            0           0           0  
      1.580933  0.911693  9.266012    -0.000852    0.005648   -0.005197  
     -0.000917  3.651537  9.266012    -0.005835    0.003875    0.006424  
      4.742799  0.912752  9.255024     0.022531   -0.026413   -0.000002  
      3.162782  3.651537  9.266012    -0.001807    0.000426   -0.001223  
      1.580933  0.912752  1.521777            0           0           0  
     -0.000000  3.651008  1.521777            0           0           0  
      4.742799  0.912752  1.521777            0           0           0  
      3.161865  3.651008  1.521777            0           0           0  
      1.580933  0.912752  4.652176            0           0           0  
     -0.000000  3.651008  4.652176            0           0           0  
      4.742799  0.912752  4.652176            0           0           0  
      3.161865  3.651008  4.652176            0           0           0  
     -0.002023  1.824336  7.689186     0.007227    0.001864   -0.002598  
     -1.580934  4.563760  7.694019     0.002274   -0.002684    0.000002  
      3.163889  1.824336  7.689186     0.031967   -0.019251    0.013454  
      1.580932  4.566096  7.689186     0.001324   -0.030126   -0.010854  
      0.003949  1.827784 10.862928    -0.001061   -0.014255   -0.005443  
     -1.580934  4.563760 10.842542    -0.009726    0.011414   -0.000001  
      3.157917  1.827784 10.862928    -0.038254    0.017451    0.028218  
      1.580932  4.559200 10.862928     0.007785    0.033784   -0.022774  
      1.580932  2.738256 12.383762    -0.194807    0.228364    0.000036  
 
  27 f  =    6.277025 THz    39.439709 2PiTHz  209.379005 cm-1    25.959676 meV
             X         Y         Z           dx          dy          dz
     -0.000000  1.825504  3.086976            0           0           0  
     -1.580934  4.563760  3.086976            0           0           0  
      3.161866  1.825504  3.086976            0           0           0  
      1.580932  4.563760  3.086976            0           0           0  
      1.580933  0.911693  9.266012     0.000995    0.004823   -0.004432  
     -0.000917  3.651537  9.266012     0.002761   -0.000184   -0.002274  
      4.742799  0.912752  9.255024    -0.026415   -0.022531   -0.000005  
      3.162782  3.651537  9.266012     0.006203    0.003857    0.006708  
      1.580933  0.912752  1.521777            0           0           0  
     -0.000000  3.651008  1.521777            0           0           0  
      4.742799  0.912752  1.521777            0           0           0  
      3.161865  3.651008  1.521777            0           0           0  
      1.580933  0.912752  4.652176            0           0           0  
     -0.000000  3.651008  4.652176            0           0           0  
      4.742799  0.912752  4.652176            0           0           0  
      3.161865  3.651008  4.652176            0           0           0  
     -0.002023  1.824336  7.689186    -0.033534   -0.019800    0.014032  
     -1.580934  4.563760  7.694019    -0.002669   -0.002278    0.000005  
      3.163889  1.824336  7.689186    -0.012432    0.004960   -0.004775  
      1.580932  4.566096  7.689186    -0.001550   -0.025703   -0.009259  
      0.003949  1.827784 10.862928     0.038914    0.019945    0.029441  
     -1.580934  4.563760 10.842542     0.011406    0.009735   -0.000006  
      3.157917  1.827784 10.862928     0.007188   -0.017225   -0.010019  
      1.580932  4.559200 10.862928    -0.009128    0.028825   -0.019416  
      1.580932  2.738256 12.383762     0.228369    0.194780    0.000008  
 
  28 f  =    5.170490 THz    32.487149 2PiTHz  172.468994 cm-1    21.383420 meV
             X         Y         Z           dx          dy          dz
     -0.000000  1.825504  3.086976            0           0           0  
     -1.580934  4.563760  3.086976            0           0           0  
      3.161866  1.825504  3.086976            0           0           0  
      1.580932  4.563760  3.086976            0           0           0  
      1.580933  0.911693  9.266012     0.000103    0.001634   -0.064185  
     -0.000917  3.651537  9.266012    -0.002464   -0.002659    0.033704  
      4.742799  0.912752  9.255024    -0.000169    0.006866   -0.000499  
      3.162782  3.651537  9.266012     0.002455   -0.002779    0.030991  
      1.580933  0.912752  1.521777            0           0           0  
     -0.000000  3.651008  1.521777            0           0           0  
      4.742799  0.912752  1.521777            0           0           0  
      3.161865  3.651008  1.521777            0           0           0  
      1.580933  0.912752  4.652176            0           0           0  
     -0.000000  3.651008  4.652176            0           0           0  
      4.742799  0.912752  4.652176            0           0           0  
      3.161865  3.651008  4.652176            0           0           0  
     -0.002023  1.824336  7.689186    -0.021191    0.026687   -0.018435  
     -1.580934  4.563760  7.694019     0.000927   -0.038045    0.000294  
      3.163889  1.824336  7.689186     0.021126    0.025645   -0.020054  
      1.580932  4.566096  7.689186    -0.000936   -0.011250    0.038209  
      0.003949  1.827784 10.862928     0.021808   -0.028291   -0.018334  
     -1.580934  4.563760 10.842542    -0.000915    0.037722    0.000241  
      3.157917  1.827784 10.862928    -0.021693   -0.027219   -0.019933  
      1.580932  4.559200 10.862928     0.000978    0.010712    0.038103  
      1.580932  2.738256 12.383762     0.000520   -0.021552   -0.000506  
 
  29 f  =    5.170011 THz    32.484137 2PiTHz  172.453003 cm-1    21.381438 meV
             X         Y         Z           dx          dy          dz
     -0.000000  1.825504  3.086976            0           0           0  
     -1.580934  4.563760  3.086976            0           0           0  
      3.161866  1.825504  3.086976            0           0           0  
      1.580932  4.563760  3.086976            0           0           0  
      1.580933  0.911693  9.266012    -0.004137    0.000054   -0.001459  
     -0.000917  3.651537  9.266012     0.000140   -0.002576   -0.054848  
      4.742799  0.912752  9.255024     0.006850    0.000167   -0.000305  
      3.162782  3.651537  9.266012     0.000221    0.002423    0.056620  
      1.580933  0.912752  1.521777            0           0           0  
     -0.000000  3.651008  1.521777            0           0           0  
      4.742799  0.912752  1.521777            0           0           0  
      3.161865  3.651008  1.521777            0           0           0  
      1.580933  0.912752  4.652176            0           0           0  
     -0.000000  3.651008  4.652176            0           0           0  
      4.742799  0.912752  4.652176            0           0           0  
      3.161865  3.651008  4.652176            0           0           0  
     -0.002023  1.824336  7.689186     0.000960   -0.020685   -0.033684  
     -1.580934  4.563760  7.694019    -0.038055   -0.000922    0.000174  
      3.163889  1.824336  7.689186     0.001722    0.022110    0.032639  
      1.580932  4.566096  7.689186     0.038387   -0.000419    0.000875  
      0.003949  1.827784 10.862928    -0.001847    0.021222   -0.033535  
     -1.580934  4.563760 10.842542     0.037742    0.000916    0.000148  
      3.157917  1.827784 10.862928    -0.002632   -0.022732    0.032534  
      1.580932  4.559200 10.862928    -0.040313    0.000415    0.000900  
      1.580932  2.738256 12.383762    -0.021487   -0.000546   -0.000317  
 
  30 f  =    5.156507 THz    32.399289 2PiTHz  172.002558 cm-1    21.325590 meV
             X         Y         Z           dx          dy          dz
     -0.000000  1.825504  3.086976            0           0           0  
     -1.580934  4.563760  3.086976            0           0           0  
      3.161866  1.825504  3.086976            0           0           0  
      1.580932  4.563760  3.086976            0           0           0  
      1.580933  0.911693  9.266012    -0.000016   -0.004064   -0.023756  
     -0.000917  3.651537  9.266012    -0.003546    0.002009   -0.023281  
      4.742799  0.912752  9.255024     0.000027    0.000050    0.068306  
      3.162782  3.651537  9.266012     0.003557    0.002032   -0.022804  
      1.580933  0.912752  1.521777            0           0           0  
     -0.000000  3.651008  1.521777            0           0           0  
      4.742799  0.912752  1.521777            0           0           0  
      3.161865  3.651008  1.521777            0           0           0  
      1.580933  0.912752  4.652176            0           0           0  
     -0.000000  3.651008  4.652176            0           0           0  
      4.742799  0.912752  4.652176            0           0           0  
      3.161865  3.651008  4.652176            0           0           0  
     -0.002023  1.824336  7.689186    -0.030693   -0.017527    0.012499  
     -1.580934  4.563760  7.694019    -0.000162   -0.000280   -0.039651  
      3.163889  1.824336  7.689186     0.030697   -0.017343    0.012785  
      1.580932  4.566096  7.689186     0.000162    0.035174    0.013066  
      0.003949  1.827784 10.862928     0.032061    0.018314    0.007263  
     -1.580934  4.563760 10.842542     0.000165    0.000284   -0.032557  
      3.157917  1.827784 10.862928    -0.032084    0.018125    0.007548  
      1.580932  4.559200 10.862928    -0.000173   -0.036770    0.007825  
      1.580932  2.738256 12.383762    -0.000085   -0.000161    0.071384  
 
  31 f  =    3.781228 THz    23.758154 2PiTHz  126.128180 cm-1    15.637894 meV
             X         Y         Z           dx          dy          dz
     -0.000000  1.825504  3.086976            0           0           0  
     -1.580934  4.563760  3.086976            0           0           0  
      3.161866  1.825504  3.086976            0           0           0  
      1.580932  4.563760  3.086976            0           0           0  
      1.580933  0.911693  9.266012    -0.013855   -0.044828   -0.000675  
     -0.000917  3.651537  9.266012     0.046452   -0.012451    0.000713  
      4.742799  0.912752  9.255024    -0.018626    0.030068    0.000003  
      3.162782  3.651537  9.266012    -0.011726    0.023543   -0.000030  
      1.580933  0.912752  1.521777            0           0           0  
     -0.000000  3.651008  1.521777            0           0           0  
      4.742799  0.912752  1.521777            0           0           0  
      3.161865  3.651008  1.521777            0           0           0  
      1.580933  0.912752  4.652176            0           0           0  
     -0.000000  3.651008  4.652176            0           0           0  
      4.742799  0.912752  4.652176            0           0           0  
      3.161865  3.651008  4.652176            0           0           0  
     -0.002023  1.824336  7.689186     0.005090   -0.011291   -0.000207  
     -1.580934  4.563760  7.694019     0.023535   -0.037995    0.000006  
      3.163889  1.824336  7.689186    -0.033481    0.012558    0.006086  
      1.580932  4.566096  7.689186     0.006502    0.034039   -0.005868  
      0.003949  1.827784 10.862928     0.007166   -0.015352    0.000165  
     -1.580934  4.563760 10.842542     0.024373   -0.039371   -0.000011  
      3.157917  1.827784 10.862928    -0.040388    0.014078   -0.004554  
      1.580932  4.559200 10.862928     0.008916    0.040549    0.004400  
      1.580932  2.738256 12.383762    -0.037969    0.061314    0.000004  
 
  32 f  =    3.780904 THz    23.756119 2PiTHz  126.117373 cm-1    15.636554 meV
             X         Y         Z           dx          dy          dz
     -0.000000  1.825504  3.086976            0           0           0  
     -1.580934  4.563760  3.086976            0           0           0  
      3.161866  1.825504  3.086976            0           0           0  
      1.580932  4.563760  3.086976            0           0           0  
      1.580933  0.911693  9.266012    -0.022385    0.027761    0.000422  
     -0.000917  3.651537  9.266012     0.010042   -0.032487    0.000390  
      4.742799  0.912752  9.255024    -0.030071   -0.018617   -0.000003  
      3.162782  3.651537  9.266012     0.046060    0.025617   -0.000805  
      1.580933  0.912752  1.521777            0           0           0  
     -0.000000  3.651008  1.521777            0           0           0  
      4.742799  0.912752  1.521777            0           0           0  
      3.161865  3.651008  1.521777            0           0           0  
      1.580933  0.912752  4.652176            0           0           0  
     -0.000000  3.651008  4.652176            0           0           0  
      4.742799  0.912752  4.652176            0           0           0  
      3.161865  3.651008  4.652176            0           0           0  
     -0.002023  1.824336  7.689186    -0.034865   -0.019636   -0.006903  
     -1.580934  4.563760  7.694019     0.038008    0.023527    0.000004  
      3.163889  1.824336  7.689186    -0.010984    0.018858    0.003264  
      1.580932  4.566096  7.689186     0.010524   -0.021078    0.003638  
      0.003949  1.827784 10.862928    -0.041565   -0.023357    0.005171  
     -1.580934  4.563760 10.842542     0.039363    0.024379    0.000008  
      3.157917  1.827784 10.862928    -0.012107    0.024147   -0.002446  
      1.580932  4.559200 10.862928     0.014414   -0.025108   -0.002726  
      1.580932  2.738256 12.383762    -0.061335   -0.037975    0.000001  
 
  33 f  =    3.665094 THz    23.028466 2PiTHz  122.254384 cm-1    15.157605 meV
             X         Y         Z           dx          dy          dz
     -0.000000  1.825504  3.086976            0           0           0  
     -1.580934  4.563760  3.086976            0           0           0  
      3.161866  1.825504  3.086976            0           0           0  
      1.580932  4.563760  3.086976            0           0           0  
      1.580933  0.911693  9.266012     0.046835    0.000010    0.000001  
     -0.000917  3.651537  9.266012    -0.023407   -0.040612    0.000003  
      4.742799  0.912752  9.255024    -0.000034   -0.000006   -0.000000  
      3.162782  3.651537  9.266012    -0.023398    0.040607   -0.000008  
      1.580933  0.912752  1.521777            0           0           0  
     -0.000000  3.651008  1.521777            0           0           0  
      4.742799  0.912752  1.521777            0           0           0  
      3.161865  3.651008  1.521777            0           0           0  
      1.580933  0.912752  4.652176            0           0           0  
     -0.000000  3.651008  4.652176            0           0           0  
      4.742799  0.912752  4.652176            0           0           0  
      3.161865  3.651008  4.652176            0           0           0  
     -0.002023  1.824336  7.689186     0.021094   -0.036602    0.000001  
     -1.580934  4.563760  7.694019     0.000041    0.000010   -0.000001  
      3.163889  1.824336  7.689186     0.021102    0.036599   -0.000002  
      1.580932  4.566096  7.689186    -0.042243   -0.000007   -0.000003  
      0.003949  1.827784 10.862928     0.022548   -0.039153    0.000002  
     -1.580934  4.563760 10.842542     0.000034    0.000006   -0.000003  
      3.157917  1.827784 10.862928     0.022556    0.039153    0.000001  
      1.580932  4.559200 10.862928    -0.045170   -0.000008   -0.000002  
      1.580932  2.738256 12.383762    -0.000095   -0.000005   -0.000003  
 
  34 f  =    2.761805 THz    17.352934 2PiTHz   92.123906 cm-1    11.421903 meV
             X         Y         Z           dx          dy          dz
     -0.000000  1.825504  3.086976            0           0           0  
     -1.580934  4.563760  3.086976            0           0           0  
      3.161866  1.825504  3.086976            0           0           0  
      1.580932  4.563760  3.086976            0           0           0  
      1.580933  0.911693  9.266012    -0.000009    0.053236   -0.001884  
     -0.000917  3.651537  9.266012     0.046098   -0.026620   -0.001883  
      4.742799  0.912752  9.255024    -0.000004   -0.000001   -0.000641  
      3.162782  3.651537  9.266012    -0.046114   -0.026624   -0.001886  
      1.580933  0.912752  1.521777            0           0           0  
     -0.000000  3.651008  1.521777            0           0           0  
      4.742799  0.912752  1.521777            0           0           0  
      3.161865  3.651008  1.521777            0           0           0  
      1.580933  0.912752  4.652176            0           0           0  
     -0.000000  3.651008  4.652176            0           0           0  
      4.742799  0.912752  4.652176            0           0           0  
      3.161865  3.651008  4.652176            0           0           0  
     -0.002023  1.824336  7.689186    -0.008897   -0.005134   -0.012620  
     -1.580934  4.563760  7.694019    -0.000005    0.000012    0.035696  
      3.163889  1.824336  7.689186     0.008892   -0.005140   -0.012621  
      1.580932  4.566096  7.689186    -0.000004    0.010267   -0.012609  
      0.003949  1.827784 10.862928    -0.000378   -0.000202    0.018861  
     -1.580934  4.563760 10.842542    -0.000009    0.000003   -0.047923  
      3.157917  1.827784 10.862928     0.000362   -0.000210    0.018852  
      1.580932  4.559200 10.862928    -0.000009    0.000414    0.018852  
      1.580932  2.738256 12.383762    -0.000002   -0.000029    0.035793  
 
  35 f  =    0.816708 THz     5.131527 2PiTHz   27.242442 cm-1     3.377631 meV
             X         Y         Z           dx          dy          dz
     -0.000000  1.825504  3.086976            0           0           0  
     -1.580934  4.563760  3.086976            0           0           0  
      3.161866  1.825504  3.086976            0           0           0  
      1.580932  4.563760  3.086976            0           0           0  
      1.580933  0.911693  9.266012    -0.000049    0.000280    0.039329  
     -0.000917  3.651537  9.266012     0.000186   -0.000135    0.039328  
      4.742799  0.912752  9.255024    -0.000051   -0.000001    0.039252  
      3.162782  3.651537  9.266012    -0.000294   -0.000137    0.039327  
      1.580933  0.912752  1.521777            0           0           0  
     -0.000000  3.651008  1.521777            0           0           0  
      4.742799  0.912752  1.521777            0           0           0  
      3.161865  3.651008  1.521777            0           0           0  
      1.580933  0.912752  4.652176            0           0           0  
     -0.000000  3.651008  4.652176            0           0           0  
      4.742799  0.912752  4.652176            0           0           0  
      3.161865  3.651008  4.652176            0           0           0  
     -0.002023  1.824336  7.689186    -0.000070   -0.000008    0.038784  
     -1.580934  4.563760  7.694019    -0.000054    0.000005    0.039011  
      3.163889  1.824336  7.689186    -0.000032   -0.000008    0.038783  
      1.580932  4.566096  7.689186    -0.000055    0.000023    0.038781  
      0.003949  1.827784 10.862928     0.000035    0.000051    0.039796  
     -1.580934  4.563760 10.842542    -0.000055    0.000003    0.039343  
      3.157917  1.827784 10.862928    -0.000129    0.000050    0.039795  
      1.580932  4.559200 10.862928    -0.000054   -0.000102    0.039796  
      1.580932  2.738256 12.383762    -0.000045   -0.000005    0.040543  
 
  36 f  =    0.435760 THz     2.737962 2PiTHz   14.535396 cm-1     1.802159 meV
             X         Y         Z           dx          dy          dz
     -0.000000  1.825504  3.086976            0           0           0  
     -1.580934  4.563760  3.086976            0           0           0  
      3.161866  1.825504  3.086976            0           0           0  
      1.580932  4.563760  3.086976            0           0           0  
      1.580933  0.911693  9.266012    -0.038877    0.006510   -0.000049  
     -0.000917  3.651537  9.266012    -0.038767    0.006474   -0.000065  
      4.742799  0.912752  9.255024    -0.038627    0.006509   -0.000051  
      3.162782  3.651537  9.266012    -0.038763    0.006595   -0.000040  
      1.580933  0.912752  1.521777            0           0           0  
     -0.000000  3.651008  1.521777            0           0           0  
      4.742799  0.912752  1.521777            0           0           0  
      3.161865  3.651008  1.521777            0           0           0  
      1.580933  0.912752  4.652176            0           0           0  
     -0.000000  3.651008  4.652176            0           0           0  
      4.742799  0.912752  4.652176            0           0           0  
      3.161865  3.651008  4.652176            0           0           0  
     -0.002023  1.824336  7.689186    -0.038532    0.006485   -0.000116  
     -1.580934  4.563760  7.694019    -0.038537    0.006486   -0.000056  
      3.163889  1.824336  7.689186    -0.038534    0.006481    0.000026  
      1.580932  4.566096  7.689186    -0.038519    0.006483   -0.000056  
      0.003949  1.827784 10.862928    -0.038981    0.006585   -0.000012  
     -1.580934  4.563760 10.842542    -0.038953    0.006558   -0.000046  
      3.157917  1.827784 10.862928    -0.038978    0.006537   -0.000101  
      1.580932  4.559200 10.862928    -0.038998    0.006555   -0.000053  
      1.580932  2.738256 12.383762    -0.039019    0.006574   -0.000049  
 
  37 f  =    0.435486 THz     2.736240 2PiTHz   14.526252 cm-1     1.801025 meV
             X         Y         Z           dx          dy          dz
     -0.000000  1.825504  3.086976            0           0           0  
     -1.580934  4.563760  3.086976            0           0           0  
      3.161866  1.825504  3.086976            0           0           0  
      1.580932  4.563760  3.086976            0           0           0  
      1.580933  0.911693  9.266012    -0.006552   -0.038726   -0.000019  
     -0.000917  3.651537  9.266012    -0.006590   -0.038846   -0.000003  
      4.742799  0.912752  9.255024    -0.006490   -0.038646   -0.000007  
      3.162782  3.651537  9.266012    -0.006458   -0.038815   -0.000001  
      1.580933  0.912752  1.521777            0           0           0  
     -0.000000  3.651008  1.521777            0           0           0  
      4.742799  0.912752  1.521777            0           0           0  
      3.161865  3.651008  1.521777            0           0           0  
      1.580933  0.912752  4.652176            0           0           0  
     -0.000000  3.651008  4.652176            0           0           0  
      4.742799  0.912752  4.652176            0           0           0  
      3.161865  3.651008  4.652176            0           0           0  
     -0.002023  1.824336  7.689186    -0.006487   -0.038526   -0.000062  
     -1.580934  4.563760  7.694019    -0.006482   -0.038526   -0.000010  
      3.163889  1.824336  7.689186    -0.006483   -0.038531   -0.000026  
      1.580932  4.566096  7.689186    -0.006484   -0.038534    0.000073  
      0.003949  1.827784 10.862928    -0.006544   -0.038988    0.000034  
     -1.580934  4.563760 10.842542    -0.006555   -0.038950   -0.000007  
      3.157917  1.827784 10.862928    -0.006573   -0.038998   -0.000003  
      1.580932  4.559200 10.862928    -0.006563   -0.038979   -0.000054  
      1.580932  2.738256 12.383762    -0.006547   -0.039053    0.000001  
 
  38 fi =    2.548399 THz    16.012061 2PiTHz   85.005429 cm-1    10.539325 meV
             X         Y         Z           dx          dy          dz
     -0.000000  1.825504  3.086976            0           0           0  
     -1.580934  4.563760  3.086976            0           0           0  
      3.161866  1.825504  3.086976            0           0           0  
      1.580932  4.563760  3.086976            0           0           0  
      1.580933  0.911693  9.266012     0.053119   -0.001418   -0.000479  
     -0.000917  3.651537  9.266012     0.009149    0.032564   -0.002843  
      4.742799  0.912752  9.255024    -0.061152   -0.008267   -0.000003  
      3.162782  3.651537  9.266012     0.001705   -0.022520    0.003323  
      1.580933  0.912752  1.521777            0           0           0  
     -0.000000  3.651008  1.521777            0           0           0  
      4.742799  0.912752  1.521777            0           0           0  
      3.161865  3.651008  1.521777            0           0           0  
      1.580933  0.912752  4.652176            0           0           0  
     -0.000000  3.651008  4.652176            0           0           0  
      4.742799  0.912752  4.652176            0           0           0  
      3.161865  3.651008  4.652176            0           0           0  
     -0.002023  1.824336  7.689186    -0.003797   -0.008475    0.029755  
     -1.580934  4.563760  7.694019    -0.003171   -0.000432    0.000001  
      3.163889  1.824336  7.689186    -0.001200    0.010787   -0.025450  
      1.580932  4.566096  7.689186     0.014177   -0.001099   -0.004310  
      0.003949  1.827784 10.862928    -0.007841   -0.009215   -0.040365  
     -1.580934  4.563760 10.842542     0.001971    0.000260   -0.000001  
      3.157917  1.827784 10.862928    -0.005178    0.010525    0.034524  
      1.580932  4.559200 10.862928     0.010582   -0.001659    0.005841  
      1.580932  2.738256 12.383762    -0.070644   -0.009547    0.000008  
 
  39 fi =    2.548888 THz    16.015134 2PiTHz   85.021743 cm-1    10.541348 meV
             X         Y         Z           dx          dy          dz
     -0.000000  1.825504  3.086976            0           0           0  
     -1.580934  4.563760  3.086976            0           0           0  
      3.161866  1.825504  3.086976            0           0           0  
      1.580932  4.563760  3.086976            0           0           0  
      1.580933  0.911693  9.266012    -0.007181   -0.010462   -0.003562  
     -0.000917  3.651537  9.266012     0.026801    0.033515    0.002198  
      4.742799  0.912752  9.255024     0.008257   -0.061140   -0.000002  
      3.162782  3.651537  9.266012    -0.028276    0.040956    0.001362  
      1.580933  0.912752  1.521777            0           0           0  
     -0.000000  3.651008  1.521777            0           0           0  
      4.742799  0.912752  1.521777            0           0           0  
      3.161865  3.651008  1.521777            0           0           0  
      1.580933  0.912752  4.652176            0           0           0  
     -0.000000  3.651008  4.652176            0           0           0  
      4.742799  0.912752  4.652176            0           0           0  
      3.161865  3.651008  4.652176            0           0           0  
     -0.002023  1.824336  7.689186    -0.009299    0.009930    0.012210  
     -1.580934  4.563760  7.694019     0.000427   -0.003161    0.000003  
      3.163889  1.824336  7.689186     0.009968    0.007328    0.019662  
      1.580932  4.566096  7.689186    -0.001924   -0.008044   -0.031877  
      0.003949  1.827784 10.862928    -0.008992    0.006222   -0.016566  
     -1.580934  4.563760 10.842542    -0.000271    0.001980   -0.000001  
      3.157917  1.827784 10.862928     0.010741    0.003557   -0.026681  
      1.580932  4.559200 10.862928    -0.001434   -0.012195    0.043239  
      1.580932  2.738256 12.383762     0.009536   -0.070624   -0.000004  
 
