 Eigenvectors and eigenvalues of the dynamical matrix
 ----------------------------------------------------
 
 
   1 f  =    9.308432 THz    58.486605 2PiTHz  310.495878 cm-1    38.496565 meV
             X         Y         Z           dx          dy          dz
      0.000000  2.028618  3.503152            0           0           0  
     -1.756835  5.071546  3.503152            0           0           0  
      3.513670  2.028618  3.503152            0           0           0  
      1.756835  5.071546  3.503152            0           0           0  
      1.756835  1.000331 10.518484    -0.000000   -0.003527   -0.001379  
     -0.012105  4.064225 10.518484    -0.003071    0.001775   -0.001380  
      5.270505  1.014309 10.513107    -0.000001    0.000001    0.013154  
      3.525775  4.064225 10.518484     0.003071    0.001773   -0.001402  
      1.756835  1.014309  1.693104            0           0           0  
     -0.000000  4.057236  1.693104            0           0           0  
      5.270505  1.014309  1.693104            0           0           0  
      3.513670  4.057236  1.693104            0           0           0  
      1.756835  1.014309  5.313199            0           0           0  
     -0.000000  4.057236  5.313199            0           0           0  
      5.270505  1.014309  5.313199            0           0           0  
      3.513670  4.057236  5.313199            0           0           0  
     -0.001935  2.027501  8.697558     0.000573    0.000330   -0.001502  
     -1.756835  5.071546  8.683004    -0.000001   -0.000003    0.001071  
      3.515605  2.027501  8.697558    -0.000574    0.000332   -0.001498  
      1.756835  5.073780  8.697558     0.000001   -0.000662   -0.001501  
      0.005515  2.031803 12.331033    -0.009929   -0.005738   -0.007193  
     -1.756835  5.071546 12.346520     0.000001   -0.000001   -0.001587  
      3.508155  2.031803 12.331033     0.009935   -0.005736   -0.007193  
      1.756835  5.065178 12.331033    -0.000001    0.011465   -0.007191  
      1.756835  3.042927 14.173079    -0.000001    0.000001    0.359821  
 
   2 f  =    7.895958 THz    49.611770 2PiTHz  263.380821 cm-1    32.655045 meV
             X         Y         Z           dx          dy          dz
      0.000000  2.028618  3.503152            0           0           0  
     -1.756835  5.071546  3.503152            0           0           0  
      3.513670  2.028618  3.503152            0           0           0  
      1.756835  5.071546  3.503152            0           0           0  
      1.756835  1.000331 10.518484     0.000001   -0.001090   -0.050497  
     -0.012105  4.064225 10.518484    -0.000944    0.000545   -0.050498  
      5.270505  1.014309 10.513107     0.000000    0.000000   -0.009901  
      3.525775  4.064225 10.518484     0.000945    0.000545   -0.050487  
      1.756835  1.014309  1.693104            0           0           0  
     -0.000000  4.057236  1.693104            0           0           0  
      5.270505  1.014309  1.693104            0           0           0  
      3.513670  4.057236  1.693104            0           0           0  
      1.756835  1.014309  5.313199            0           0           0  
     -0.000000  4.057236  5.313199            0           0           0  
      5.270505  1.014309  5.313199            0           0           0  
      3.513670  4.057236  5.313199            0           0           0  
     -0.001935  2.027501  8.697558     0.004010    0.002315    0.014173  
     -1.756835  5.071546  8.683004     0.000001    0.000002    0.020789  
      3.515605  2.027501  8.697558    -0.004011    0.002314    0.014172  
      1.756835  5.073780  8.697558    -0.000001   -0.004629    0.014172  
      0.005515  2.031803 12.331033    -0.004188   -0.002417    0.012993  
     -1.756835  5.071546 12.346520    -0.000004   -0.000002    0.018235  
      3.508155  2.031803 12.331033     0.004186   -0.002415    0.012990  
      1.756835  5.065178 12.331033     0.000003    0.004833    0.012992  
      1.756835  3.042927 14.173079     0.000000    0.000007    0.005389  
 
   3 f  =    7.411956 THz    46.570693 2PiTHz  247.236241 cm-1    30.653373 meV
             X         Y         Z           dx          dy          dz
      0.000000  2.028618  3.503152            0           0           0  
     -1.756835  5.071546  3.503152            0           0           0  
      3.513670  2.028618  3.503152            0           0           0  
      1.756835  5.071546  3.503152            0           0           0  
      1.756835  1.000331 10.518484    -0.001255    0.001827    0.066603  
     -0.012105  4.064225 10.518484    -0.000766    0.002137   -0.063213  
      5.270505  1.014309 10.513107     0.001422   -0.002739    0.000000  
      3.525775  4.064225 10.518484    -0.001276    0.002402   -0.003390  
      1.756835  1.014309  1.693104            0           0           0  
     -0.000000  4.057236  1.693104            0           0           0  
      5.270505  1.014309  1.693104            0           0           0  
      3.513670  4.057236  1.693104            0           0           0  
      1.756835  1.014309  5.313199            0           0           0  
     -0.000000  4.057236  5.313199            0           0           0  
      5.270505  1.014309  5.313199            0           0           0  
      3.513670  4.057236  5.313199            0           0           0  
     -0.001935  2.027501  8.697558    -0.007038    0.011750   -0.000498  
     -1.756835  5.071546  8.683004     0.007040   -0.013577    0.000002  
      3.515605  2.027501  8.697558     0.007236    0.004349   -0.009279  
      1.756835  5.073780  8.697558    -0.006312   -0.004310    0.009778  
      0.005515  2.031803 12.331033     0.008243   -0.013709   -0.000295  
     -1.756835  5.071546 12.346520    -0.006683    0.012885   -0.000000  
      3.508155  2.031803 12.331033    -0.008904   -0.004814   -0.005462  
      1.756835  5.065178 12.331033     0.007370    0.005588    0.005755  
      1.756835  3.042927 14.173079     0.008225   -0.015855   -0.000006  
 
   4 f  =    7.411807 THz    46.569759 2PiTHz  247.231283 cm-1    30.652759 meV
             X         Y         Z           dx          dy          dz
      0.000000  2.028618  3.503152            0           0           0  
     -1.756835  5.071546  3.503152            0           0           0  
      3.513670  2.028618  3.503152            0           0           0  
      1.756835  5.071546  3.503152            0           0           0  
      1.756835  1.000331 10.518484     0.002417    0.000950    0.034536  
     -0.012105  4.064225 10.518484     0.002104    0.001430    0.040408  
      5.270505  1.014309 10.513107    -0.002740   -0.001420   -0.000020  
      3.525775  4.064225 10.518484     0.001839    0.000920   -0.074955  
      1.756835  1.014309  1.693104            0           0           0  
     -0.000000  4.057236  1.693104            0           0           0  
      5.270505  1.014309  1.693104            0           0           0  
      3.513670  4.057236  1.693104            0           0           0  
      1.756835  1.014309  5.313199            0           0           0  
     -0.000000  4.057236  5.313199            0           0           0  
      5.270505  1.014309  5.313199            0           0           0  
      3.513670  4.057236  5.313199            0           0           0  
     -0.001935  2.027501  8.697558    -0.003892   -0.002964   -0.010997  
     -1.756835  5.071546  8.683004    -0.013578   -0.007040    0.000002  
      3.515605  2.027501  8.697558     0.003512    0.011309    0.005935  
      1.756835  5.073780  8.697558     0.012171   -0.002232    0.005074  
      0.005515  2.031803 12.331033     0.005089    0.003773   -0.006474  
     -1.756835  5.071546 12.346520     0.012883    0.006681    0.000003  
      3.508155  2.031803 12.331033    -0.003814   -0.013371    0.003495  
      1.756835  5.065178 12.331033    -0.014208    0.002891    0.002990  
      1.756835  3.042927 14.173079    -0.015859   -0.008223   -0.000043  
 
   5 f  =    6.902974 THz    43.372668 2PiTHz  230.258442 cm-1    28.548395 meV
             X         Y         Z           dx          dy          dz
      0.000000  2.028618  3.503152            0           0           0  
     -1.756835  5.071546  3.503152            0           0           0  
      3.513670  2.028618  3.503152            0           0           0  
      1.756835  5.071546  3.503152            0           0           0  
      1.756835  1.000331 10.518484    -0.041735   -0.000521   -0.000034  
     -0.012105  4.064225 10.518484    -0.027233   -0.009345   -0.001499  
      5.270505  1.014309 10.513107    -0.047819   -0.001140   -0.000095  
      3.525775  4.064225 10.518484    -0.026817    0.007603    0.001557  
      1.756835  1.014309  1.693104            0           0           0  
     -0.000000  4.057236  1.693104            0           0           0  
      5.270505  1.014309  1.693104            0           0           0  
      3.513670  4.057236  1.693104            0           0           0  
      1.756835  1.014309  5.313199            0           0           0  
     -0.000000  4.057236  5.313199            0           0           0  
      5.270505  1.014309  5.313199            0           0           0  
      3.513670  4.057236  5.313199            0           0           0  
     -0.001935  2.027501  8.697558     0.015967    0.002722    0.000473  
     -1.756835  5.071546  8.683004     0.008984    0.000211   -0.000002  
      3.515605  2.027501  8.697558     0.015878   -0.002115   -0.000434  
      1.756835  5.073780  8.697558     0.011716    0.000428    0.000000  
      0.005515  2.031803 12.331033     0.022881    0.008068    0.007132  
     -1.756835  5.071546 12.346520     0.009326    0.000218   -0.000005  
      3.508155  2.031803 12.331033     0.022489   -0.007405   -0.006925  
      1.756835  5.065178 12.331033     0.009267    0.000639   -0.000191  
      1.756835  3.042927 14.173079    -0.161683   -0.003894    0.000071  
 
   6 f  =    6.902897 THz    43.372184 2PiTHz  230.255873 cm-1    28.548077 meV
             X         Y         Z           dx          dy          dz
      0.000000  2.028618  3.503152            0           0           0  
     -1.756835  5.071546  3.503152            0           0           0  
      3.513670  2.028618  3.503152            0           0           0  
      1.756835  5.071546  3.503152            0           0           0  
      1.756835  1.000331 10.518484     0.000996   -0.022105   -0.001777  
     -0.012105  4.064225 10.518484    -0.007834   -0.036607    0.000907  
      5.270505  1.014309 10.513107     0.001140   -0.047809    0.000128  
      3.525775  4.064225 10.518484     0.009131   -0.037004    0.000836  
      1.756835  1.014309  1.693104            0           0           0  
     -0.000000  4.057236  1.693104            0           0           0  
      5.270505  1.014309  1.693104            0           0           0  
      3.513670  4.057236  1.693104            0           0           0  
      1.756835  1.014309  5.313199            0           0           0  
     -0.000000  4.057236  5.313199            0           0           0  
      5.270505  1.014309  5.313199            0           0           0  
      3.513670  4.057236  5.313199            0           0           0  
     -0.001935  2.027501  8.697558     0.002061    0.013067    0.000235  
     -1.756835  5.071546  8.683004    -0.000216    0.008979    0.000004  
      3.515605  2.027501  8.697558    -0.002822    0.013181    0.000254  
      1.756835  5.073780  8.697558    -0.000280    0.017289   -0.000539  
      0.005515  2.031803 12.331033     0.007195    0.013546    0.003894  
     -1.756835  5.071546 12.346520    -0.000225    0.009321    0.000005  
      3.508155  2.031803 12.331033    -0.008274    0.013913    0.004227  
      1.756835  5.065178 12.331033    -0.000223    0.027173   -0.008143  
      1.756835  3.042927 14.173079     0.003822   -0.161915   -0.000072  
 
   7 f  =    6.871518 THz    43.175023 2PiTHz  229.209179 cm-1    28.418304 meV
             X         Y         Z           dx          dy          dz
      0.000000  2.028618  3.503152            0           0           0  
     -1.756835  5.071546  3.503152            0           0           0  
      3.513670  2.028618  3.503152            0           0           0  
      1.756835  5.071546  3.503152            0           0           0  
      1.756835  1.000331 10.518484     0.000050   -0.003620    0.008214  
     -0.012105  4.064225 10.518484    -0.003117    0.001774    0.008221  
      5.270505  1.014309 10.513107     0.000054   -0.000071   -0.088977  
      3.525775  4.064225 10.518484     0.003191    0.001755    0.008241  
      1.756835  1.014309  1.693104            0           0           0  
     -0.000000  4.057236  1.693104            0           0           0  
      5.270505  1.014309  1.693104            0           0           0  
      3.513670  4.057236  1.693104            0           0           0  
      1.756835  1.014309  5.313199            0           0           0  
     -0.000000  4.057236  5.313199            0           0           0  
      5.270505  1.014309  5.313199            0           0           0  
      3.513670  4.057236  5.313199            0           0           0  
     -0.001935  2.027501  8.697558    -0.013630   -0.007848    0.011428  
     -1.756835  5.071546  8.683004    -0.000009    0.000005   -0.000765  
      3.515605  2.027501  8.697558     0.013592   -0.007846    0.011427  
      1.756835  5.073780  8.697558    -0.000018    0.015752    0.011421  
      0.005515  2.031803 12.331033     0.007400    0.004286    0.004960  
     -1.756835  5.071546 12.346520    -0.000017    0.000002   -0.004121  
      3.508155  2.031803 12.331033    -0.007447    0.004303    0.004964  
      1.756835  5.065178 12.331033    -0.000011   -0.008512    0.004936  
      1.756835  3.042927 14.173079     0.000133   -0.000297    0.068546  
 
   8 f  =    6.706376 THz    42.137401 2PiTHz  223.700612 cm-1    27.735329 meV
             X         Y         Z           dx          dy          dz
      0.000000  2.028618  3.503152            0           0           0  
     -1.756835  5.071546  3.503152            0           0           0  
      3.513670  2.028618  3.503152            0           0           0  
      1.756835  5.071546  3.503152            0           0           0  
      1.756835  1.000331 10.518484    -0.000895   -0.053568    0.004829  
     -0.012105  4.064225 10.518484     0.014766   -0.021383   -0.002111  
      5.270505  1.014309 10.513107     0.000174    0.002543   -0.000038  
      3.525775  4.064225 10.518484    -0.020912   -0.023931   -0.002705  
      1.756835  1.014309  1.693104            0           0           0  
     -0.000000  4.057236  1.693104            0           0           0  
      5.270505  1.014309  1.693104            0           0           0  
      3.513670  4.057236  1.693104            0           0           0  
      1.756835  1.014309  5.313199            0           0           0  
     -0.000000  4.057236  5.313199            0           0           0  
      5.270505  1.014309  5.313199            0           0           0  
      3.513670  4.057236  5.313199            0           0           0  
     -0.001935  2.027501  8.697558    -0.005546    0.009215   -0.001255  
     -1.756835  5.071546  8.683004     0.001251    0.017603   -0.000000  
      3.515605  2.027501  8.697558     0.005978    0.010039   -0.000983  
      1.756835  5.073780  8.697558     0.000919   -0.000330    0.002248  
      0.005515  2.031803 12.331033    -0.012502    0.007285   -0.007111  
     -1.756835  5.071546 12.346520     0.001448    0.020353   -0.000002  
      3.508155  2.031803 12.331033     0.011684    0.009007   -0.005551  
      1.756835  5.065178 12.331033     0.001072   -0.012805    0.012670  
      1.756835  3.042927 14.173079     0.015288    0.215235    0.000065  
 
   9 f  =    6.706056 THz    42.135391 2PiTHz  223.689942 cm-1    27.734006 meV
             X         Y         Z           dx          dy          dz
      0.000000  2.028618  3.503152            0           0           0  
     -1.756835  5.071546  3.503152            0           0           0  
      3.513670  2.028618  3.503152            0           0           0  
      1.756835  5.071546  3.503152            0           0           0  
      1.756835  1.000331 10.518484     0.012435   -0.003803    0.000342  
     -0.012105  4.064225 10.518484     0.044454   -0.019529   -0.004351  
      5.270505  1.014309 10.513107    -0.002569    0.000185    0.000014  
      3.525775  4.064225 10.518484     0.041918    0.016316    0.004006  
      1.756835  1.014309  1.693104            0           0           0  
     -0.000000  4.057236  1.693104            0           0           0  
      5.270505  1.014309  1.693104            0           0           0  
      3.513670  4.057236  1.693104            0           0           0  
      1.756835  1.014309  5.313199            0           0           0  
     -0.000000  4.057236  5.313199            0           0           0  
      5.270505  1.014309  5.313199            0           0           0  
      3.513670  4.057236  5.313199            0           0           0  
     -0.001935  2.027501  8.697558    -0.003402    0.006468    0.001859  
     -1.756835  5.071546  8.683004    -0.017592    0.001250    0.000001  
      3.515605  2.027501  8.697558    -0.002589   -0.005100   -0.002026  
      1.756835  5.073780  8.697558    -0.012909   -0.000028    0.000157  
      0.005515  2.031803 12.331033     0.004955    0.012709    0.010532  
     -1.756835  5.071546 12.346520    -0.020339    0.001445    0.000001  
      3.508155  2.031803 12.331033     0.006675   -0.011555   -0.011434  
      1.756835  5.065178 12.331033    -0.015087   -0.000913    0.000902  
      1.756835  3.042927 14.173079    -0.215421    0.015331   -0.000001  
 
  10 f  =    6.617576 THz    41.579456 2PiTHz  220.738574 cm-1    27.368083 meV
             X         Y         Z           dx          dy          dz
      0.000000  2.028618  3.503152            0           0           0  
     -1.756835  5.071546  3.503152            0           0           0  
      3.513670  2.028618  3.503152            0           0           0  
      1.756835  5.071546  3.503152            0           0           0  
      1.756835  1.000331 10.518484     0.050744   -0.000001    0.000002  
     -0.012105  4.064225 10.518484    -0.025478   -0.043941    0.000005  
      5.270505  1.014309 10.513107    -0.000008   -0.000002   -0.000002  
      3.525775  4.064225 10.518484    -0.025478    0.043940   -0.000005  
      1.756835  1.014309  1.693104            0           0           0  
     -0.000000  4.057236  1.693104            0           0           0  
      5.270505  1.014309  1.693104            0           0           0  
      3.513670  4.057236  1.693104            0           0           0  
      1.756835  1.014309  5.313199            0           0           0  
     -0.000000  4.057236  5.313199            0           0           0  
      5.270505  1.014309  5.313199            0           0           0  
      3.513670  4.057236  5.313199            0           0           0  
     -0.001935  2.027501  8.697558    -0.008806    0.015259   -0.000008  
     -1.756835  5.071546  8.683004     0.000038   -0.000001   -0.000001  
      3.515605  2.027501  8.697558    -0.008804   -0.015258    0.000006  
      1.756835  5.073780  8.697558     0.017656    0.000001    0.000001  
      0.005515  2.031803 12.331033    -0.009532    0.016479   -0.000017  
     -1.756835  5.071546 12.346520     0.000041   -0.000001    0.000000  
      3.508155  2.031803 12.331033    -0.009529   -0.016478    0.000018  
      1.756835  5.065178 12.331033     0.019084   -0.000000    0.000001  
      1.756835  3.042927 14.173079     0.000390    0.000021    0.000010  
 
  11 f  =    6.357166 THz    39.943251 2PiTHz  212.052227 cm-1    26.291114 meV
             X         Y         Z           dx          dy          dz
      0.000000  2.028618  3.503152            0           0           0  
     -1.756835  5.071546  3.503152            0           0           0  
      3.513670  2.028618  3.503152            0           0           0  
      1.756835  5.071546  3.503152            0           0           0  
      1.756835  1.000331 10.518484     0.032672   -0.009083   -0.000545  
     -0.012105  4.064225 10.518484    -0.014726    0.034780   -0.001815  
      5.270505  1.014309 10.513107     0.029497    0.006696    0.000004  
      3.525775  4.064225 10.518484    -0.029013   -0.028194    0.002360  
      1.756835  1.014309  1.693104            0           0           0  
     -0.000000  4.057236  1.693104            0           0           0  
      5.270505  1.014309  1.693104            0           0           0  
      3.513670  4.057236  1.693104            0           0           0  
      1.756835  1.014309  5.313199            0           0           0  
     -0.000000  4.057236  5.313199            0           0           0  
      5.270505  1.014309  5.313199            0           0           0  
      3.513670  4.057236  5.313199            0           0           0  
     -0.001935  2.027501  8.697558    -0.014199   -0.008705   -0.008195  
     -1.756835  5.071546  8.683004     0.013499    0.003061   -0.000001  
      3.515605  2.027501  8.697558    -0.010579    0.007264    0.006293  
      1.756835  5.073780  8.697558     0.001439   -0.003859    0.001897  
      0.005515  2.031803 12.331033    -0.003981   -0.001664    0.023399  
     -1.756835  5.071546 12.346520     0.015575    0.003533    0.000001  
      3.508155  2.031803 12.331033    -0.003481    0.000544   -0.017977  
      1.756835  5.065178 12.331033    -0.001821   -0.000992   -0.005420  
      1.756835  3.042927 14.173079    -0.187139   -0.042454    0.000004  
 
  12 f  =    6.357028 THz    39.942384 2PiTHz  212.047624 cm-1    26.290543 meV
             X         Y         Z           dx          dy          dz
      0.000000  2.028618  3.503152            0           0           0  
     -1.756835  5.071546  3.503152            0           0           0  
      3.513670  2.028618  3.503152            0           0           0  
      1.756835  5.071546  3.503152            0           0           0  
      1.756835  1.000331 10.518484    -0.007408   -0.040033   -0.002410  
     -0.012105  4.064225 10.518484     0.036442    0.007372    0.001680  
      5.270505  1.014309 10.513107    -0.006695    0.029514   -0.000008  
      3.525775  4.064225 10.518484    -0.026516    0.021664    0.000730  
      1.756835  1.014309  1.693104            0           0           0  
     -0.000000  4.057236  1.693104            0           0           0  
      5.270505  1.014309  1.693104            0           0           0  
      3.513670  4.057236  1.693104            0           0           0  
      1.756835  1.014309  5.313199            0           0           0  
     -0.000000  4.057236  5.313199            0           0           0  
      5.270505  1.014309  5.313199            0           0           0  
      3.513670  4.057236  5.313199            0           0           0  
     -0.001935  2.027501  8.697558    -0.005173   -0.001369   -0.002541  
     -1.756835  5.071546  8.683004    -0.003064    0.013489    0.000007  
      3.515605  2.027501  8.697558     0.010795   -0.004994   -0.005824  
      1.756835  5.073780  8.697558    -0.000326   -0.017000    0.008361  
      0.005515  2.031803 12.331033    -0.000257   -0.002217    0.007254  
     -1.756835  5.071546 12.346520    -0.003535    0.015567   -0.000006  
      3.508155  2.031803 12.331033     0.001951   -0.002720    0.016640  
      1.756835  5.065178 12.331033     0.000412   -0.004371   -0.023888  
      1.756835  3.042927 14.173079     0.042455   -0.187142    0.000028  
 
  13 f  =    6.226554 THz    39.122590 2PiTHz  207.695472 cm-1    25.750945 meV
             X         Y         Z           dx          dy          dz
      0.000000  2.028618  3.503152            0           0           0  
     -1.756835  5.071546  3.503152            0           0           0  
      3.513670  2.028618  3.503152            0           0           0  
      1.756835  5.071546  3.503152            0           0           0  
      1.756835  1.000331 10.518484    -0.000001   -0.041071    0.000451  
     -0.012105  4.064225 10.518484    -0.035585    0.020543    0.000453  
      5.270505  1.014309 10.513107     0.000002   -0.000008    0.003035  
      3.525775  4.064225 10.518484     0.035582    0.020541    0.000450  
      1.756835  1.014309  1.693104            0           0           0  
     -0.000000  4.057236  1.693104            0           0           0  
      5.270505  1.014309  1.693104            0           0           0  
      3.513670  4.057236  1.693104            0           0           0  
      1.756835  1.014309  5.313199            0           0           0  
     -0.000000  4.057236  5.313199            0           0           0  
      5.270505  1.014309  5.313199            0           0           0  
      3.513670  4.057236  5.313199            0           0           0  
     -0.001935  2.027501  8.697558    -0.001431   -0.000832   -0.015087  
     -1.756835  5.071546  8.683004    -0.000002   -0.000004    0.036359  
      3.515605  2.027501  8.697558     0.001432   -0.000826   -0.015088  
      1.756835  5.073780  8.697558     0.000005    0.001660   -0.015083  
      0.005515  2.031803 12.331033    -0.000033   -0.000021    0.014410  
     -1.756835  5.071546 12.346520     0.000000   -0.000003   -0.037156  
      3.508155  2.031803 12.331033     0.000032   -0.000020    0.014409  
      1.756835  5.065178 12.331033     0.000002    0.000038    0.014412  
      1.756835  3.042927 14.173079    -0.000006    0.000044   -0.010601  
 
  14 f  =    5.501058 THz    34.564165 2PiTHz  183.495532 cm-1    22.750536 meV
             X         Y         Z           dx          dy          dz
      0.000000  2.028618  3.503152            0           0           0  
     -1.756835  5.071546  3.503152            0           0           0  
      3.513670  2.028618  3.503152            0           0           0  
      1.756835  5.071546  3.503152            0           0           0  
      1.756835  1.000331 10.518484    -0.018992    0.000161    0.001925  
     -0.012105  4.064225 10.518484    -0.014330   -0.024898    0.000462  
      5.270505  1.014309 10.513107     0.032848    0.038404   -0.000004  
      3.525775  4.064225 10.518484     0.005040   -0.008324   -0.002388  
      1.756835  1.014309  1.693104            0           0           0  
     -0.000000  4.057236  1.693104            0           0           0  
      5.270505  1.014309  1.693104            0           0           0  
      3.513670  4.057236  1.693104            0           0           0  
      1.756835  1.014309  5.313199            0           0           0  
     -0.000000  4.057236  5.313199            0           0           0  
      5.270505  1.014309  5.313199            0           0           0  
      3.513670  4.057236  5.313199            0           0           0  
     -0.001935  2.027501  8.697558    -0.012242   -0.003382    0.043226  
     -1.756835  5.071546  8.683004    -0.001062   -0.001240    0.000002  
      3.515605  2.027501  8.697558     0.002641    0.009354   -0.008389  
      1.756835  5.073780  8.697558     0.006237   -0.009915   -0.034843  
      0.005515  2.031803 12.331033    -0.000032   -0.000104   -0.022626  
     -1.756835  5.071546 12.346520     0.004577    0.005355   -0.000001  
      3.508155  2.031803 12.331033    -0.000130   -0.000183    0.004395  
      1.756835  5.065178 12.331033    -0.000141   -0.000071    0.018237  
      1.756835  3.042927 14.173079    -0.061055   -0.071372    0.000011  
 
  15 f  =    5.500972 THz    34.563623 2PiTHz  183.492659 cm-1    22.750180 meV
             X         Y         Z           dx          dy          dz
      0.000000  2.028618  3.503152            0           0           0  
     -1.756835  5.071546  3.503152            0           0           0  
      3.513670  2.028618  3.503152            0           0           0  
      1.756835  5.071546  3.503152            0           0           0  
      1.756835  1.000331 10.518484     0.022204    0.000138    0.001649  
     -0.012105  4.064225 10.518484    -0.002858   -0.004523   -0.002491  
      5.270505  1.014309 10.513107    -0.038401    0.032846   -0.000001  
      3.525775  4.064225 10.518484     0.013718   -0.023898    0.000844  
      1.756835  1.014309  1.693104            0           0           0  
     -0.000000  4.057236  1.693104            0           0           0  
      5.270505  1.014309  1.693104            0           0           0  
      3.513670  4.057236  1.693104            0           0           0  
      1.756835  1.014309  5.313199            0           0           0  
     -0.000000  4.057236  5.313199            0           0           0  
      5.270505  1.014309  5.313199            0           0           0  
      3.513670  4.057236  5.313199            0           0           0  
     -0.001935  2.027501  8.697558    -0.000760    0.010008   -0.015277  
     -1.756835  5.071546  8.683004     0.001240   -0.001067   -0.000002  
      3.515605  2.027501  8.697558     0.011980   -0.004883    0.045068  
      1.756835  5.073780  8.697558    -0.007291   -0.008481   -0.029807  
      0.005515  2.031803 12.331033     0.000128   -0.000164    0.008001  
     -1.756835  5.071546 12.346520    -0.005352    0.004575   -0.000002  
      3.508155  2.031803 12.331033     0.000059   -0.000074   -0.023586  
      1.756835  5.065178 12.331033     0.000171   -0.000060    0.015603  
      1.756835  3.042927 14.173079     0.071361   -0.061041   -0.000002  
 
  16 f  =    4.973650 THz    31.250364 2PiTHz  165.903104 cm-1    20.569354 meV
             X         Y         Z           dx          dy          dz
      0.000000  2.028618  3.503152            0           0           0  
     -1.756835  5.071546  3.503152            0           0           0  
      3.513670  2.028618  3.503152            0           0           0  
      1.756835  5.071546  3.503152            0           0           0  
      1.756835  1.000331 10.518484    -0.000007    0.000625   -0.001347  
     -0.012105  4.064225 10.518484     0.000542   -0.000310   -0.001347  
      5.270505  1.014309 10.513107     0.000001   -0.000003   -0.006503  
      3.525775  4.064225 10.518484    -0.000542   -0.000309   -0.001348  
      1.756835  1.014309  1.693104            0           0           0  
     -0.000000  4.057236  1.693104            0           0           0  
      5.270505  1.014309  1.693104            0           0           0  
      3.513670  4.057236  1.693104            0           0           0  
      1.756835  1.014309  5.313199            0           0           0  
     -0.000000  4.057236  5.313199            0           0           0  
      5.270505  1.014309  5.313199            0           0           0  
      3.513670  4.057236  5.313199            0           0           0  
     -0.001935  2.027501  8.697558    -0.001935   -0.001127   -0.029803  
     -1.756835  5.071546  8.683004    -0.000007    0.000000   -0.033313  
      3.515605  2.027501  8.697558     0.001934   -0.001108   -0.029812  
      1.756835  5.073780  8.697558     0.000012    0.002234   -0.029798  
      0.005515  2.031803 12.331033     0.001782    0.001026    0.029632  
     -1.756835  5.071546 12.346520    -0.000014   -0.000006    0.035890  
      3.508155  2.031803 12.331033    -0.001785    0.001033    0.029624  
      1.756835  5.065178 12.331033     0.000013   -0.002050    0.029625  
      1.756835  3.042927 14.173079     0.000008    0.000007    0.037334  
 
  17 f  =    4.733030 THz    29.738507 2PiTHz  157.876900 cm-1    19.574232 meV
             X         Y         Z           dx          dy          dz
      0.000000  2.028618  3.503152            0           0           0  
     -1.756835  5.071546  3.503152            0           0           0  
      3.513670  2.028618  3.503152            0           0           0  
      1.756835  5.071546  3.503152            0           0           0  
      1.756835  1.000331 10.518484    -0.000006    0.002536    0.000334  
     -0.012105  4.064225 10.518484     0.002201   -0.001272    0.000332  
      5.270505  1.014309 10.513107     0.000011   -0.000007   -0.007098  
      3.525775  4.064225 10.518484    -0.002204   -0.001262    0.000335  
      1.756835  1.014309  1.693104            0           0           0  
     -0.000000  4.057236  1.693104            0           0           0  
      5.270505  1.014309  1.693104            0           0           0  
      3.513670  4.057236  1.693104            0           0           0  
      1.756835  1.014309  5.313199            0           0           0  
     -0.000000  4.057236  5.313199            0           0           0  
      5.270505  1.014309  5.313199            0           0           0  
      3.513670  4.057236  5.313199            0           0           0  
     -0.001935  2.027501  8.697558     0.030220    0.017353   -0.000638  
     -1.756835  5.071546  8.683004    -0.000118    0.000032    0.003983  
      3.515605  2.027501  8.697558    -0.030229    0.017498   -0.000597  
      1.756835  5.073780  8.697558     0.000125   -0.034871   -0.000611  
      0.005515  2.031803 12.331033     0.031024    0.017821    0.001600  
     -1.756835  5.071546 12.346520    -0.000120    0.000020   -0.006072  
      3.508155  2.031803 12.331033    -0.031012    0.017955    0.001530  
      1.756835  5.065178 12.331033     0.000117   -0.035795    0.001573  
      1.756835  3.042927 14.173079    -0.000026    0.000002    0.064309  
 
  18 f  =    4.715784 THz    29.630144 2PiTHz  157.301620 cm-1    19.502906 meV
             X         Y         Z           dx          dy          dz
      0.000000  2.028618  3.503152            0           0           0  
     -1.756835  5.071546  3.503152            0           0           0  
      3.513670  2.028618  3.503152            0           0           0  
      1.756835  5.071546  3.503152            0           0           0  
      1.756835  1.000331 10.518484    -0.001660   -0.000018    0.000094  
     -0.012105  4.064225 10.518484     0.000054    0.000023   -0.000187  
      5.270505  1.014309 10.513107     0.001936   -0.001182    0.000021  
      3.525775  4.064225 10.518484    -0.000835    0.001487    0.000096  
      1.756835  1.014309  1.693104            0           0           0  
     -0.000000  4.057236  1.693104            0           0           0  
      5.270505  1.014309  1.693104            0           0           0  
      3.513670  4.057236  1.693104            0           0           0  
      1.756835  1.014309  5.313199            0           0           0  
     -0.000000  4.057236  5.313199            0           0           0  
      5.270505  1.014309  5.313199            0           0           0  
      3.513670  4.057236  5.313199            0           0           0  
     -0.001935  2.027501  8.697558     0.011483   -0.034205   -0.002392  
     -1.756835  5.071546  8.683004    -0.032709    0.019972   -0.000002  
      3.515605  2.027501  8.697558    -0.013162    0.006456    0.005010  
      1.756835  5.073780  8.697558     0.034385    0.007786   -0.002594  
      0.005515  2.031803 12.331033     0.011124   -0.028572    0.006881  
     -1.756835  5.071546 12.346520    -0.031061    0.018965    0.000010  
      3.508155  2.031803 12.331033    -0.008543    0.003952   -0.014416  
      1.756835  5.065178 12.331033     0.029458    0.005056    0.007497  
      1.756835  3.042927 14.173079    -0.008051    0.004924   -0.000212  
 
  19 f  =    4.715694 THz    29.629580 2PiTHz  157.298622 cm-1    19.502535 meV
             X         Y         Z           dx          dy          dz
      0.000000  2.028618  3.503152            0           0           0  
     -1.756835  5.071546  3.503152            0           0           0  
      3.513670  2.028618  3.503152            0           0           0  
      1.756835  5.071546  3.503152            0           0           0  
      1.756835  1.000331 10.518484     0.001020   -0.000025    0.000158  
     -0.012105  4.064225 10.518484     0.000971    0.001683    0.000007  
      5.270505  1.014309 10.513107    -0.001191   -0.001939   -0.000007  
      3.525775  4.064225 10.518484    -0.000493    0.000785   -0.000168  
      1.756835  1.014309  1.693104            0           0           0  
     -0.000000  4.057236  1.693104            0           0           0  
      5.270505  1.014309  1.693104            0           0           0  
      3.513670  4.057236  1.693104            0           0           0  
      1.756835  1.014309  5.313199            0           0           0  
     -0.000000  4.057236  5.313199            0           0           0  
      5.270505  1.014309  5.313199            0           0           0  
      3.513670  4.057236  5.313199            0           0           0  
     -0.001935  2.027501  8.697558     0.020875   -0.010208    0.004379  
     -1.756835  5.071546  8.683004     0.019978    0.032709    0.000006  
      3.515605  2.027501  8.697558    -0.019847   -0.035036   -0.000121  
      1.756835  5.073780  8.697558    -0.020998    0.012541   -0.004279  
      0.005515  2.031803 12.331033     0.015518   -0.010120   -0.012641  
     -1.756835  5.071546 12.346520     0.018957    0.031064    0.000003  
      3.508155  2.031803 12.331033    -0.017093   -0.029980    0.000363  
      1.756835  5.065178 12.331033    -0.017979    0.008057    0.012295  
      1.756835  3.042927 14.173079     0.004924    0.008080    0.000088  
 
  20 f  =    4.416532 THz    27.749887 2PiTHz  147.319640 cm-1    18.265299 meV
             X         Y         Z           dx          dy          dz
      0.000000  2.028618  3.503152            0           0           0  
     -1.756835  5.071546  3.503152            0           0           0  
      3.513670  2.028618  3.503152            0           0           0  
      1.756835  5.071546  3.503152            0           0           0  
      1.756835  1.000331 10.518484    -0.000000    0.002062   -0.001731  
     -0.012105  4.064225 10.518484     0.001786   -0.001033   -0.001731  
      5.270505  1.014309 10.513107     0.000002    0.000005    0.009383  
      3.525775  4.064225 10.518484    -0.001789   -0.001033   -0.001732  
      1.756835  1.014309  1.693104            0           0           0  
     -0.000000  4.057236  1.693104            0           0           0  
      5.270505  1.014309  1.693104            0           0           0  
      3.513670  4.057236  1.693104            0           0           0  
      1.756835  1.014309  5.313199            0           0           0  
     -0.000000  4.057236  5.313199            0           0           0  
      5.270505  1.014309  5.313199            0           0           0  
      3.513670  4.057236  5.313199            0           0           0  
     -0.001935  2.027501  8.697558    -0.018111   -0.010454   -0.013785  
     -1.756835  5.071546  8.683004     0.000003    0.000004    0.045585  
      3.515605  2.027501  8.697558     0.018111   -0.010458   -0.013771  
      1.756835  5.073780  8.697558    -0.000000    0.020900   -0.013774  
      0.005515  2.031803 12.331033     0.018456    0.010660   -0.016119  
     -1.756835  5.071546 12.346520    -0.000007   -0.000016    0.040516  
      3.508155  2.031803 12.331033    -0.018453    0.010671   -0.016112  
      1.756835  5.065178 12.331033     0.000008   -0.021304   -0.016110  
      1.756835  3.042927 14.173079    -0.000011   -0.000006    0.015115  
 
  21 f  =    4.125008 THz    25.918187 2PiTHz  137.595443 cm-1    17.059653 meV
             X         Y         Z           dx          dy          dz
      0.000000  2.028618  3.503152            0           0           0  
     -1.756835  5.071546  3.503152            0           0           0  
      3.513670  2.028618  3.503152            0           0           0  
      1.756835  5.071546  3.503152            0           0           0  
      1.756835  1.000331 10.518484    -0.005298   -0.000206    0.002899  
     -0.012105  4.064225 10.518484    -0.002425   -0.003189    0.007243  
      5.270505  1.014309 10.513107     0.012708    0.003676    0.000001  
      3.525775  4.064225 10.518484    -0.001274    0.000792   -0.010145  
      1.756835  1.014309  1.693104            0           0           0  
     -0.000000  4.057236  1.693104            0           0           0  
      5.270505  1.014309  1.693104            0           0           0  
      3.513670  4.057236  1.693104            0           0           0  
      1.756835  1.014309  5.313199            0           0           0  
     -0.000000  4.057236  5.313199            0           0           0  
      5.270505  1.014309  5.313199            0           0           0  
      3.513670  4.057236  5.313199            0           0           0  
     -0.001935  2.027501  8.697558    -0.012468   -0.002475   -0.029540  
     -1.756835  5.071546  8.683004     0.030074    0.008690   -0.000014  
      3.515605  2.027501  8.697558    -0.013585   -0.006359    0.021091  
      1.756835  5.073780  8.697558    -0.016398   -0.003437    0.008457  
      0.005515  2.031803 12.331033     0.009810   -0.001126   -0.034988  
     -1.756835  5.071546 12.346520    -0.033824   -0.009779   -0.000013  
      3.508155  2.031803 12.331033     0.013769    0.012492    0.024985  
      1.756835  5.065178 12.331033     0.023587    0.002280    0.010014  
      1.756835  3.042927 14.173079    -0.073101   -0.021131   -0.000021  
 
  22 f  =    4.124850 THz    25.917194 2PiTHz  137.590172 cm-1    17.059000 meV
             X         Y         Z           dx          dy          dz
      0.000000  2.028618  3.503152            0           0           0  
     -1.756835  5.071546  3.503152            0           0           0  
      3.513670  2.028618  3.503152            0           0           0  
      1.756835  5.071546  3.503152            0           0           0  
      1.756835  1.000331 10.518484    -0.001532    0.000706   -0.010040  
     -0.012105  4.064225 10.518484     0.001456    0.003568    0.007531  
      5.270505  1.014309 10.513107     0.003675   -0.012714    0.000007  
      3.525775  4.064225 10.518484    -0.002526    0.004723    0.002504  
      1.756835  1.014309  1.693104            0           0           0  
     -0.000000  4.057236  1.693104            0           0           0  
      5.270505  1.014309  1.693104            0           0           0  
      3.513670  4.057236  1.693104            0           0           0  
      1.756835  1.014309  5.313199            0           0           0  
     -0.000000  4.057236  5.313199            0           0           0  
      5.270505  1.014309  5.313199            0           0           0  
      3.513670  4.057236  5.313199            0           0           0  
     -0.001935  2.027501  8.697558    -0.005725    0.015834    0.007292  
     -1.756835  5.071546  8.683004     0.008693   -0.030072    0.000006  
      3.515605  2.027501  8.697558    -0.001813    0.014715    0.021934  
      1.756835  5.073780  8.697558    -0.004731    0.011901   -0.029235  
      0.005515  2.031803 12.331033     0.010227   -0.021625    0.008647  
     -1.756835  5.071546 12.346520    -0.009783    0.033811    0.000006  
      3.508155  2.031803 12.331033    -0.003404   -0.017679    0.025987  
      1.756835  5.065178 12.331033     0.006813   -0.007862   -0.034631  
      1.756835  3.042927 14.173079    -0.021135    0.073118    0.000001  
 
  23 f  =    3.810203 THz    23.940211 2PiTHz  127.094687 cm-1    15.757726 meV
             X         Y         Z           dx          dy          dz
      0.000000  2.028618  3.503152            0           0           0  
     -1.756835  5.071546  3.503152            0           0           0  
      3.513670  2.028618  3.503152            0           0           0  
      1.756835  5.071546  3.503152            0           0           0  
      1.756835  1.000331 10.518484     0.000357   -0.000000    0.000000  
     -0.012105  4.064225 10.518484    -0.000177   -0.000305   -0.000005  
      5.270505  1.014309 10.513107    -0.000006    0.000004    0.000001  
      3.525775  4.064225 10.518484    -0.000174    0.000303   -0.000001  
      1.756835  1.014309  1.693104            0           0           0  
     -0.000000  4.057236  1.693104            0           0           0  
      5.270505  1.014309  1.693104            0           0           0  
      3.513670  4.057236  1.693104            0           0           0  
      1.756835  1.014309  5.313199            0           0           0  
     -0.000000  4.057236  5.313199            0           0           0  
      5.270505  1.014309  5.313199            0           0           0  
      3.513670  4.057236  5.313199            0           0           0  
     -0.001935  2.027501  8.697558    -0.018582    0.032167   -0.000002  
     -1.756835  5.071546  8.683004     0.000017   -0.000003   -0.000005  
      3.515605  2.027501  8.697558    -0.018591   -0.032179   -0.000006  
      1.756835  5.073780  8.697558     0.037165    0.000010    0.000003  
      0.005515  2.031803 12.331033     0.017548   -0.030375   -0.000002  
     -1.756835  5.071546 12.346520    -0.000007    0.000004   -0.000002  
      3.508155  2.031803 12.331033     0.017561    0.030382   -0.000003  
      1.756835  5.065178 12.331033    -0.035105   -0.000007    0.000010  
      1.756835  3.042927 14.173079     0.000039   -0.000030   -0.000009  
 
  24 f  =    3.740384 THz    23.501529 2PiTHz  124.765795 cm-1    15.468980 meV
             X         Y         Z           dx          dy          dz
      0.000000  2.028618  3.503152            0           0           0  
     -1.756835  5.071546  3.503152            0           0           0  
      3.513670  2.028618  3.503152            0           0           0  
      1.756835  5.071546  3.503152            0           0           0  
      1.756835  1.000331 10.518484    -0.001610   -0.000208    0.006034  
     -0.012105  4.064225 10.518484    -0.001924   -0.003376   -0.000653  
      5.270505  1.014309 10.513107     0.003892    0.008596   -0.000004  
      3.525775  4.064225 10.518484     0.000972   -0.002063   -0.005385  
      1.756835  1.014309  1.693104            0           0           0  
     -0.000000  4.057236  1.693104            0           0           0  
      5.270505  1.014309  1.693104            0           0           0  
      3.513670  4.057236  1.693104            0           0           0  
      1.756835  1.014309  5.313199            0           0           0  
     -0.000000  4.057236  5.313199            0           0           0  
      5.270505  1.014309  5.313199            0           0           0  
      3.513670  4.057236  5.313199            0           0           0  
     -0.001935  2.027501  8.697558     0.029788    0.000774   -0.005988  
     -1.756835  5.071546  8.683004    -0.013926   -0.030756    0.000001  
      3.515605  2.027501  8.697558    -0.014889   -0.019450   -0.000727  
      1.756835  5.073780  8.697558    -0.010073    0.029354    0.006700  
      0.005515  2.031803 12.331033    -0.030590    0.001835   -0.006402  
     -1.756835  5.071546 12.346520     0.011438    0.025270    0.000005  
      3.508155  2.031803 12.331033     0.017099    0.023425   -0.000770  
      1.756835  5.065178 12.331033     0.011955   -0.028669    0.007171  
      1.756835  3.042927 14.173079    -0.036230   -0.079993   -0.000006  
 
  25 f  =    3.740242 THz    23.500635 2PiTHz  124.761053 cm-1    15.468392 meV
             X         Y         Z           dx          dy          dz
      0.000000  2.028618  3.503152            0           0           0  
     -1.756835  5.071546  3.503152            0           0           0  
      3.513670  2.028618  3.503152            0           0           0  
      1.756835  5.071546  3.503152            0           0           0  
      1.756835  1.000331 10.518484     0.003554   -0.000096    0.002736  
     -0.012105  4.064225 10.518484     0.000396    0.000218   -0.006593  
      5.270505  1.014309 10.513107    -0.008600    0.003894    0.000000  
      3.525775  4.064225 10.518484     0.001706   -0.002681    0.003856  
      1.756835  1.014309  1.693104            0           0           0  
     -0.000000  4.057236  1.693104            0           0           0  
      5.270505  1.014309  1.693104            0           0           0  
      3.513670  4.057236  1.693104            0           0           0  
      1.756835  1.014309  5.313199            0           0           0  
     -0.000000  4.057236  5.313199            0           0           0  
      5.270505  1.014309  5.313199            0           0           0  
      3.513670  4.057236  5.313199            0           0           0  
     -0.001935  2.027501  8.697558    -0.006325   -0.026576    0.004296  
     -1.756835  5.071546  8.683004     0.030764   -0.013924    0.000005  
      3.515605  2.027501  8.697558    -0.026560    0.018122   -0.007334  
      1.756835  5.073780  8.697558     0.022220    0.013289    0.003034  
      0.005515  2.031803 12.331033     0.004096    0.029582    0.004593  
     -1.756835  5.071546 12.346520    -0.025261    0.011436    0.000004  
      3.508155  2.031803 12.331033     0.025680   -0.018137   -0.007849  
      1.756835  5.065178 12.331033    -0.026384   -0.012985    0.003246  
      1.756835  3.042927 14.173079     0.080016   -0.036226    0.000001  
 
  26 f  =    3.377820 THz    21.223470 2PiTHz  112.671951 cm-1    13.969535 meV
             X         Y         Z           dx          dy          dz
      0.000000  2.028618  3.503152            0           0           0  
     -1.756835  5.071546  3.503152            0           0           0  
      3.513670  2.028618  3.503152            0           0           0  
      1.756835  5.071546  3.503152            0           0           0  
      1.756835  1.000331 10.518484    -0.001568    0.000005   -0.000062  
     -0.012105  4.064225 10.518484    -0.000952   -0.000339    0.006579  
      5.270505  1.014309 10.513107     0.005035   -0.000046    0.000016  
      3.525775  4.064225 10.518484    -0.000955    0.000366   -0.006528  
      1.756835  1.014309  1.693104            0           0           0  
     -0.000000  4.057236  1.693104            0           0           0  
      5.270505  1.014309  1.693104            0           0           0  
      3.513670  4.057236  1.693104            0           0           0  
      1.756835  1.014309  5.313199            0           0           0  
     -0.000000  4.057236  5.313199            0           0           0  
      5.270505  1.014309  5.313199            0           0           0  
      3.513670  4.057236  5.313199            0           0           0  
     -0.001935  2.027501  8.697558     0.032969    0.005563    0.001754  
     -1.756835  5.071546  8.683004     0.033582   -0.000288   -0.000015  
      3.515605  2.027501  8.697558     0.033084   -0.006040   -0.001748  
      1.756835  5.073780  8.697558     0.022988   -0.000309    0.000017  
      0.005515  2.031803 12.331033    -0.031985   -0.006443    0.000820  
     -1.756835  5.071546 12.346520    -0.033197    0.000285   -0.000011  
      3.508155  2.031803 12.331033    -0.032111    0.006889   -0.000817  
      1.756835  5.065178 12.331033    -0.020499    0.000303    0.000004  
      1.756835  3.042927 14.173079    -0.055890    0.000493    0.000019  
 
  27 f  =    3.377723 THz    21.222859 2PiTHz  112.668708 cm-1    13.969133 meV
             X         Y         Z           dx          dy          dz
      0.000000  2.028618  3.503152            0           0           0  
     -1.756835  5.071546  3.503152            0           0           0  
      3.513670  2.028618  3.503152            0           0           0  
      1.756835  5.071546  3.503152            0           0           0  
      1.756835  1.000331 10.518484     0.000013    0.000753   -0.007571  
     -0.012105  4.064225 10.518484     0.000357    0.001365    0.003717  
      5.270505  1.014309 10.513107    -0.000042   -0.005042    0.000007  
      3.525775  4.064225 10.518484    -0.000341    0.001360    0.003852  
      1.756835  1.014309  1.693104            0           0           0  
     -0.000000  4.057236  1.693104            0           0           0  
      5.270505  1.014309  1.693104            0           0           0  
      3.513670  4.057236  1.693104            0           0           0  
      1.756835  1.014309  5.313199            0           0           0  
     -0.000000  4.057236  5.313199            0           0           0  
      5.270505  1.014309  5.313199            0           0           0  
      3.513670  4.057236  5.313199            0           0           0  
     -0.001935  2.027501  8.697558    -0.006087   -0.026388   -0.001033  
     -1.756835  5.071546  8.683004    -0.000303   -0.033585   -0.000007  
      3.515605  2.027501  8.697558     0.005514   -0.026277   -0.000982  
      1.756835  5.073780  8.697558    -0.000189   -0.036375    0.002033  
      0.005515  2.031803 12.331033     0.006942    0.024414   -0.000485  
     -1.756835  5.071546 12.346520     0.000296    0.033208   -0.000005  
      3.508155  2.031803 12.331033    -0.006386    0.024289   -0.000456  
      1.756835  5.065178 12.331033     0.000168    0.035881    0.000949  
      1.756835  3.042927 14.173079     0.000479    0.055882    0.000022  
 
  28 f  =    3.220487 THz    20.234917 2PiTHz  107.423884 cm-1    13.318858 meV
             X         Y         Z           dx          dy          dz
      0.000000  2.028618  3.503152            0           0           0  
     -1.756835  5.071546  3.503152            0           0           0  
      3.513670  2.028618  3.503152            0           0           0  
      1.756835  5.071546  3.503152            0           0           0  
      1.756835  1.000331 10.518484    -0.000008    0.001955    0.012069  
     -0.012105  4.064225 10.518484     0.001689   -0.000979    0.012092  
      5.270505  1.014309 10.513107     0.000003    0.000001   -0.036656  
      3.525775  4.064225 10.518484    -0.001687   -0.000976    0.012110  
      1.756835  1.014309  1.693104            0           0           0  
     -0.000000  4.057236  1.693104            0           0           0  
      5.270505  1.014309  1.693104            0           0           0  
      3.513670  4.057236  1.693104            0           0           0  
      1.756835  1.014309  5.313199            0           0           0  
     -0.000000  4.057236  5.313199            0           0           0  
      5.270505  1.014309  5.313199            0           0           0  
      3.513670  4.057236  5.313199            0           0           0  
     -0.001935  2.027501  8.697558     0.022179    0.012812   -0.011889  
     -1.756835  5.071546  8.683004     0.000009   -0.000018    0.033442  
      3.515605  2.027501  8.697558    -0.022158    0.012813   -0.011856  
      1.756835  5.073780  8.697558     0.000024   -0.025619   -0.011840  
      0.005515  2.031803 12.331033    -0.021881   -0.012637   -0.007983  
     -1.756835  5.071546 12.346520    -0.000001    0.000019    0.028352  
      3.508155  2.031803 12.331033     0.021845   -0.012642   -0.007947  
      1.756835  5.065178 12.331033    -0.000022    0.025262   -0.007940  
      1.756835  3.042927 14.173079    -0.000062   -0.000001   -0.036412  
 
  29 f  =    3.107473 THz    19.524828 2PiTHz  103.654138 cm-1    12.851469 meV
             X         Y         Z           dx          dy          dz
      0.000000  2.028618  3.503152            0           0           0  
     -1.756835  5.071546  3.503152            0           0           0  
      3.513670  2.028618  3.503152            0           0           0  
      1.756835  5.071546  3.503152            0           0           0  
      1.756835  1.000331 10.518484     0.004624   -0.000511    0.009246  
     -0.012105  4.064225 10.518484     0.000662    0.003651    0.022470  
      5.270505  1.014309 10.513107    -0.008381   -0.002482   -0.000024  
      3.525775  4.064225 10.518484    -0.000969   -0.001860   -0.031694  
      1.756835  1.014309  1.693104            0           0           0  
     -0.000000  4.057236  1.693104            0           0           0  
      5.270505  1.014309  1.693104            0           0           0  
      3.513670  4.057236  1.693104            0           0           0  
      1.756835  1.014309  5.313199            0           0           0  
     -0.000000  4.057236  5.313199            0           0           0  
      5.270505  1.014309  5.313199            0           0           0  
      3.513670  4.057236  5.313199            0           0           0  
     -0.001935  2.027501  8.697558    -0.002497    0.006031    0.033446  
     -1.756835  5.071546  8.683004     0.021379    0.006312    0.000023  
      3.515605  2.027501  8.697558    -0.009526   -0.017675   -0.023709  
      1.756835  5.073780  8.697558    -0.026546    0.000212   -0.009762  
      0.005515  2.031803 12.331033     0.003564   -0.005100    0.030276  
     -1.756835  5.071546 12.346520    -0.021698   -0.006400    0.000012  
      3.508155  2.031803 12.331033     0.009952    0.016438   -0.021461  
      1.756835  5.065178 12.331033     0.025406    0.000189   -0.008839  
      1.756835  3.042927 14.173079     0.042184    0.012498   -0.000043  
 
  30 f  =    3.107181 THz    19.522995 2PiTHz  103.644406 cm-1    12.850263 meV
             X         Y         Z           dx          dy          dz
      0.000000  2.028618  3.503152            0           0           0  
     -1.756835  5.071546  3.503152            0           0           0  
      3.513670  2.028618  3.503152            0           0           0  
      1.756835  5.071546  3.503152            0           0           0  
      1.756835  1.000331 10.518484    -0.001369   -0.001739    0.031280  
     -0.012105  4.064225 10.518484     0.002807    0.002216   -0.023638  
      5.270505  1.014309 10.513107     0.002478   -0.008387   -0.000016  
      3.525775  4.064225 10.518484    -0.002714    0.003847   -0.007625  
      1.756835  1.014309  1.693104            0           0           0  
     -0.000000  4.057236  1.693104            0           0           0  
      5.270505  1.014309  1.693104            0           0           0  
      3.513670  4.057236  1.693104            0           0           0  
      1.756835  1.014309  5.313199            0           0           0  
     -0.000000  4.057236  5.313199            0           0           0  
      5.270505  1.014309  5.313199            0           0           0  
      3.513670  4.057236  5.313199            0           0           0  
     -0.001935  2.027501  8.697558     0.013632   -0.023200    0.008044  
     -1.756835  5.071546  8.683004    -0.006330    0.021393    0.000015  
      3.515605  2.027501  8.697558    -0.010096   -0.016190    0.024942  
      1.756835  5.073780  8.697558     0.007843    0.000820   -0.033003  
      0.005515  2.031803 12.331033    -0.012766    0.022359    0.007290  
     -1.756835  5.071546 12.346520     0.006420   -0.021701    0.000008  
      3.508155  2.031803 12.331033     0.008784    0.015997    0.022576  
      1.756835  5.065178 12.331033    -0.007502    0.000554   -0.029867  
      1.756835  3.042927 14.173079    -0.012457    0.042200   -0.000017  
 
  31 f  =    2.193116 THz    13.779753 2PiTHz   73.154468 cm-1     9.069994 meV
             X         Y         Z           dx          dy          dz
      0.000000  2.028618  3.503152            0           0           0  
     -1.756835  5.071546  3.503152            0           0           0  
      3.513670  2.028618  3.503152            0           0           0  
      1.756835  5.071546  3.503152            0           0           0  
      1.756835  1.000331 10.518484    -0.019820    0.000614    0.000011  
     -0.012105  4.064225 10.518484     0.020012   -0.023374    0.000602  
      5.270505  1.014309 10.513107    -0.020685   -0.000370    0.000004  
      3.525775  4.064225 10.518484     0.020842    0.023138   -0.000613  
      1.756835  1.014309  1.693104            0           0           0  
     -0.000000  4.057236  1.693104            0           0           0  
      5.270505  1.014309  1.693104            0           0           0  
      3.513670  4.057236  1.693104            0           0           0  
      1.756835  1.014309  5.313199            0           0           0  
     -0.000000  4.057236  5.313199            0           0           0  
      5.270505  1.014309  5.313199            0           0           0  
      3.513670  4.057236  5.313199            0           0           0  
     -0.001935  2.027501  8.697558    -0.021399   -0.017041   -0.006857  
     -1.756835  5.071546  8.683004     0.033268    0.000599    0.000002  
      3.515605  2.027501  8.697558    -0.020780    0.016986    0.006716  
      1.756835  5.073780  8.697558     0.008347   -0.000554    0.000145  
      0.005515  2.031803 12.331033    -0.021592   -0.018373    0.009399  
     -1.756835  5.071546 12.346520     0.033708    0.000607   -0.000006  
      3.508155  2.031803 12.331033    -0.020933    0.018371   -0.009202  
      1.756835  5.065178 12.331033     0.010522   -0.000574   -0.000191  
      1.756835  3.042927 14.173079    -0.026934   -0.000485    0.000003  
 
  32 f  =    2.192724 THz    13.777289 2PiTHz   73.141385 cm-1     9.068372 meV
             X         Y         Z           dx          dy          dz
      0.000000  2.028618  3.503152            0           0           0  
     -1.756835  5.071546  3.503152            0           0           0  
      3.513670  2.028618  3.503152            0           0           0  
      1.756835  5.071546  3.503152            0           0           0  
      1.756835  1.000331 10.518484    -0.000344   -0.033868   -0.000696  
     -0.012105  4.064225 10.518484     0.023593    0.005982    0.000366  
      5.270505  1.014309 10.513107    -0.000375    0.020690    0.000002  
      3.525775  4.064225 10.518484    -0.022866    0.006835    0.000341  
      1.756835  1.014309  1.693104            0           0           0  
     -0.000000  4.057236  1.693104            0           0           0  
      5.270505  1.014309  1.693104            0           0           0  
      3.513670  4.057236  1.693104            0           0           0  
      1.756835  1.014309  5.313199            0           0           0  
     -0.000000  4.057236  5.313199            0           0           0  
      5.270505  1.014309  5.313199            0           0           0  
      3.513670  4.057236  5.313199            0           0           0  
     -0.001935  2.027501  8.697558     0.016638    0.001142    0.003805  
     -1.756835  5.071546  8.683004     0.000600   -0.033274   -0.000006  
      3.515605  2.027501  8.697558    -0.017384    0.001769    0.004046  
      1.756835  5.073780  8.697558     0.000138    0.030910   -0.007827  
      0.005515  2.031803 12.331033     0.017984   -0.000272   -0.005200  
     -1.756835  5.071546 12.346520     0.000606   -0.033697    0.000013  
      3.508155  2.031803 12.331033    -0.018740    0.000413   -0.005537  
      1.756835  5.065178 12.331033     0.000181    0.031878    0.010728  
      1.756835  3.042927 14.173079    -0.000485    0.026958    0.000012  
 
  33 f  =    2.082620 THz    13.085488 2PiTHz   69.468729 cm-1     8.613021 meV
             X         Y         Z           dx          dy          dz
      0.000000  2.028618  3.503152            0           0           0  
     -1.756835  5.071546  3.503152            0           0           0  
      3.513670  2.028618  3.503152            0           0           0  
      1.756835  5.071546  3.503152            0           0           0  
      1.756835  1.000331 10.518484    -0.029934   -0.000011    0.000002  
     -0.012105  4.064225 10.518484     0.014984    0.025922    0.000005  
      5.270505  1.014309 10.513107    -0.000019    0.000004    0.000006  
      3.525775  4.064225 10.518484     0.014964   -0.025916    0.000002  
      1.756835  1.014309  1.693104            0           0           0  
     -0.000000  4.057236  1.693104            0           0           0  
      5.270505  1.014309  1.693104            0           0           0  
      3.513670  4.057236  1.693104            0           0           0  
      1.756835  1.014309  5.313199            0           0           0  
     -0.000000  4.057236  5.313199            0           0           0  
      5.270505  1.014309  5.313199            0           0           0  
      3.513670  4.057236  5.313199            0           0           0  
     -0.001935  2.027501  8.697558    -0.015176    0.026275    0.000007  
     -1.756835  5.071546  8.683004     0.000013   -0.000014    0.000004  
      3.515605  2.027501  8.697558    -0.015185   -0.026274    0.000006  
      1.756835  5.073780  8.697558     0.030342    0.000012    0.000003  
      0.005515  2.031803 12.331033    -0.015950    0.027621    0.000002  
     -1.756835  5.071546 12.346520     0.000019   -0.000011   -0.000001  
      3.508155  2.031803 12.331033    -0.015966   -0.027621    0.000002  
      1.756835  5.065178 12.331033     0.031914    0.000008    0.000005  
      1.756835  3.042927 14.173079    -0.000025    0.000009    0.000014  
 
  34 f  =    0.833503 THz     5.237054 2PiTHz   27.802670 cm-1     3.447090 meV
             X         Y         Z           dx          dy          dz
      0.000000  2.028618  3.503152            0           0           0  
     -1.756835  5.071546  3.503152            0           0           0  
      3.513670  2.028618  3.503152            0           0           0  
      1.756835  5.071546  3.503152            0           0           0  
      1.756835  1.000331 10.518484    -0.000008    0.041779   -0.001010  
     -0.012105  4.064225 10.518484     0.036175   -0.020857   -0.001005  
      5.270505  1.014309 10.513107    -0.000003    0.000020   -0.002329  
      3.525775  4.064225 10.518484    -0.036198   -0.020858   -0.001004  
      1.756835  1.014309  1.693104            0           0           0  
     -0.000000  4.057236  1.693104            0           0           0  
      5.270505  1.014309  1.693104            0           0           0  
      3.513670  4.057236  1.693104            0           0           0  
      1.756835  1.014309  5.313199            0           0           0  
     -0.000000  4.057236  5.313199            0           0           0  
      5.270505  1.014309  5.313199            0           0           0  
      3.513670  4.057236  5.313199            0           0           0  
     -0.001935  2.027501  8.697558    -0.004387   -0.002506   -0.012131  
     -1.756835  5.071546  8.683004    -0.000007    0.000008    0.032520  
      3.515605  2.027501  8.697558     0.004380   -0.002511   -0.012133  
      1.756835  5.073780  8.697558    -0.000010    0.005091   -0.012132  
      0.005515  2.031803 12.331033    -0.002146   -0.001211    0.014702  
     -1.756835  5.071546 12.346520    -0.000009    0.000010   -0.040301  
      3.508155  2.031803 12.331033     0.002133   -0.001218    0.014701  
      1.756835  5.065178 12.331033    -0.000015    0.002506    0.014718  
      1.756835  3.042927 14.173079    -0.000002    0.000016    0.022374  
 
  35 f  =    0.554334 THz     3.482982 2PiTHz   18.490585 cm-1     2.292539 meV
             X         Y         Z           dx          dy          dz
      0.000000  2.028618  3.503152            0           0           0  
     -1.756835  5.071546  3.503152            0           0           0  
      3.513670  2.028618  3.503152            0           0           0  
      1.756835  5.071546  3.503152            0           0           0  
      1.756835  1.000331 10.518484     0.000054   -0.000448   -0.026513  
     -0.012105  4.064225 10.518484    -0.000276    0.000144   -0.026512  
      5.270505  1.014309 10.513107     0.000055   -0.000053   -0.026385  
      3.525775  4.064225 10.518484     0.000395    0.000139   -0.026510  
      1.756835  1.014309  1.693104            0           0           0  
     -0.000000  4.057236  1.693104            0           0           0  
      5.270505  1.014309  1.693104            0           0           0  
      3.513670  4.057236  1.693104            0           0           0  
      1.756835  1.014309  5.313199            0           0           0  
     -0.000000  4.057236  5.313199            0           0           0  
      5.270505  1.014309  5.313199            0           0           0  
      3.513670  4.057236  5.313199            0           0           0  
     -0.001935  2.027501  8.697558     0.000081   -0.000038   -0.026168  
     -1.756835  5.071546  8.683004     0.000056   -0.000058   -0.026486  
      3.515605  2.027501  8.697558     0.000030   -0.000040   -0.026167  
      1.756835  5.073780  8.697558     0.000062   -0.000083   -0.026169  
      0.005515  2.031803 12.331033     0.000048   -0.000055   -0.027206  
     -1.756835  5.071546 12.346520     0.000060   -0.000057   -0.026644  
      3.508155  2.031803 12.331033     0.000056   -0.000065   -0.027204  
      1.756835  5.065178 12.331033     0.000060   -0.000037   -0.027207  
      1.756835  3.042927 14.173079     0.000055   -0.000041   -0.027531  
 
  36 f  =    0.376309 THz     2.364419 2PiTHz   12.552315 cm-1     1.556288 meV
             X         Y         Z           dx          dy          dz
      0.000000  2.028618  3.503152            0           0           0  
     -1.756835  5.071546  3.503152            0           0           0  
      3.513670  2.028618  3.503152            0           0           0  
      1.756835  5.071546  3.503152            0           0           0  
      1.756835  1.000331 10.518484    -0.026640    0.003092   -0.000062  
     -0.012105  4.064225 10.518484    -0.026419    0.003017   -0.000071  
      5.270505  1.014309 10.513107    -0.026000    0.003069   -0.000060  
      3.525775  4.064225 10.518484    -0.026420    0.003273   -0.000055  
      1.756835  1.014309  1.693104            0           0           0  
     -0.000000  4.057236  1.693104            0           0           0  
      5.270505  1.014309  1.693104            0           0           0  
      3.513670  4.057236  1.693104            0           0           0  
      1.756835  1.014309  5.313199            0           0           0  
     -0.000000  4.057236  5.313199            0           0           0  
      5.270505  1.014309  5.313199            0           0           0  
      3.513670  4.057236  5.313199            0           0           0  
     -0.001935  2.027501  8.697558    -0.026105    0.003109   -0.000220  
     -1.756835  5.071546  8.683004    -0.026188    0.003091   -0.000074  
      3.515605  2.027501  8.697558    -0.026102    0.003061    0.000131  
      1.756835  5.073780  8.697558    -0.026141    0.003079   -0.000080  
      0.005515  2.031803 12.331033    -0.026742    0.003210    0.000091  
     -1.756835  5.071546 12.346520    -0.026793    0.003162   -0.000049  
      3.508155  2.031803 12.331033    -0.026737    0.003116   -0.000256  
      1.756835  5.065178 12.331033    -0.026820    0.003151   -0.000046  
      1.756835  3.042927 14.173079    -0.026480    0.003126   -0.000067  
 
  37 f  =    0.376000 THz     2.362475 2PiTHz   12.541994 cm-1     1.555008 meV
             X         Y         Z           dx          dy          dz
      0.000000  2.028618  3.503152            0           0           0  
     -1.756835  5.071546  3.503152            0           0           0  
      3.513670  2.028618  3.503152            0           0           0  
      1.756835  5.071546  3.503152            0           0           0  
      1.756835  1.000331 10.518484    -0.003146   -0.026312    0.000037  
     -0.012105  4.064225 10.518484    -0.003220   -0.026600    0.000049  
      5.270505  1.014309 10.513107    -0.003066   -0.026000    0.000045  
      3.525775  4.064225 10.518484    -0.003018   -0.026567    0.000050  
      1.756835  1.014309  1.693104            0           0           0  
     -0.000000  4.057236  1.693104            0           0           0  
      5.270505  1.014309  1.693104            0           0           0  
      3.513670  4.057236  1.693104            0           0           0  
      1.756835  1.014309  5.313199            0           0           0  
     -0.000000  4.057236  5.313199            0           0           0  
      5.270505  1.014309  5.313199            0           0           0  
      3.513670  4.057236  5.313199            0           0           0  
     -0.001935  2.027501  8.697558    -0.003059   -0.026129   -0.000088  
     -1.756835  5.071546  8.683004    -0.003091   -0.026188    0.000070  
      3.515605  2.027501  8.697558    -0.003102   -0.026134   -0.000042  
      1.756835  5.073780  8.697558    -0.003086   -0.026083    0.000242  
      0.005515  2.031803 12.331033    -0.003110   -0.026787    0.000181  
     -1.756835  5.071546 12.346520    -0.003164   -0.026793    0.000016  
      3.508155  2.031803 12.331033    -0.003202   -0.026797    0.000136  
      1.756835  5.065178 12.331033    -0.003166   -0.026714   -0.000138  
      1.756835  3.042927 14.173079    -0.003123   -0.026500    0.000075  
 
  38 fi =    1.915669 THz    12.036506 2PiTHz   63.899851 cm-1     7.922568 meV
             X         Y         Z           dx          dy          dz
      0.000000  2.028618  3.503152            0           0           0  
     -1.756835  5.071546  3.503152            0           0           0  
      3.513670  2.028618  3.503152            0           0           0  
      1.756835  5.071546  3.503152            0           0           0  
      1.756835  1.000331 10.518484    -0.043373   -0.000162   -0.000071  
     -0.012105  4.064225 10.518484    -0.005953   -0.020392    0.002226  
      5.270505  1.014309 10.513107     0.056247   -0.001555   -0.000000  
      3.525775  4.064225 10.518484    -0.007129    0.022118   -0.002154  
      1.756835  1.014309  1.693104            0           0           0  
     -0.000000  4.057236  1.693104            0           0           0  
      5.270505  1.014309  1.693104            0           0           0  
      3.513670  4.057236  1.693104            0           0           0  
      1.756835  1.014309  5.313199            0           0           0  
     -0.000000  4.057236  5.313199            0           0           0  
      5.270505  1.014309  5.313199            0           0           0  
      3.513670  4.057236  5.313199            0           0           0  
     -0.001935  2.027501  8.697558     0.002944    0.006748   -0.022012  
     -1.756835  5.071546  8.683004     0.000294   -0.000007   -0.000002  
      3.515605  2.027501  8.697558     0.003308   -0.006493    0.022727  
      1.756835  5.073780  8.697558    -0.008324   -0.000190   -0.000714  
      0.005515  2.031803 12.331033     0.004969    0.007259    0.028555  
     -1.756835  5.071546 12.346520    -0.002721    0.000077    0.000003  
      3.508155  2.031803 12.331033     0.005367   -0.007088   -0.029487  
      1.756835  5.065178 12.331033    -0.007247   -0.000254    0.000930  
      1.756835  3.042927 14.173079     0.061659   -0.001711   -0.000006  
 
  39 fi =    1.916140 THz    12.039465 2PiTHz   63.915564 cm-1     7.924516 meV
             X         Y         Z           dx          dy          dz
      0.000000  2.028618  3.503152            0           0           0  
     -1.756835  5.071546  3.503152            0           0           0  
      3.513670  2.028618  3.503152            0           0           0  
      1.756835  5.071546  3.503152            0           0           0  
      1.756835  1.000331 10.518484     0.001201   -0.005742   -0.002528  
     -0.012105  4.064225 10.518484     0.021440    0.031685    0.001204  
      5.270505  1.014309 10.513107    -0.001558   -0.056242   -0.000001  
      3.525775  4.064225 10.518484    -0.021076    0.030510    0.001324  
      1.756835  1.014309  1.693104            0           0           0  
     -0.000000  4.057236  1.693104            0           0           0  
      5.270505  1.014309  1.693104            0           0           0  
      3.513670  4.057236  1.693104            0           0           0  
      1.756835  1.014309  5.313199            0           0           0  
     -0.000000  4.057236  5.313199            0           0           0  
      5.270505  1.014309  5.313199            0           0           0  
      3.513670  4.057236  5.313199            0           0           0  
     -0.001935  2.027501  8.697558    -0.006697    0.004326    0.013536  
     -1.756835  5.071546  8.683004    -0.000007   -0.000298   -0.000004  
      3.515605  2.027501  8.697558     0.006522    0.004695    0.012297  
      1.756835  5.073780  8.697558     0.000229   -0.006940   -0.025830  
      0.005515  2.031803 12.331033    -0.007308    0.002908   -0.017563  
     -1.756835  5.071546 12.346520     0.000076    0.002719    0.000006  
      3.508155  2.031803 12.331033     0.007022    0.003307   -0.015955  
      1.756835  5.065178 12.331033     0.000201   -0.009305    0.033513  
      1.756835  3.042927 14.173079    -0.001712   -0.061656   -0.000001  
 
