 Eigenvectors and eigenvalues of the dynamical matrix
 ----------------------------------------------------
 
 
   1 f  =    9.269987 THz    58.245044 2PiTHz  309.213474 cm-1    38.337567 meV
             X         Y         Z           dx          dy          dz
     -0.000000  1.900397  3.253954            0           0           0  
     -1.645793  4.750992  3.253954            0           0           0  
      3.291584  1.900397  3.253954            0           0           0  
      1.645792  4.750992  3.253954            0           0           0  
      1.645792  0.956365  9.779493    -0.000000    0.001509   -0.001503  
      0.005340  3.797710  9.779493     0.001308   -0.000755   -0.001502  
      4.937376  0.950198  9.750908     0.000000    0.000001   -0.011999  
      3.286243  3.797710  9.779493    -0.001308   -0.000754   -0.001502  
      1.645792  0.950198  1.569568            0           0           0  
     -0.000001  3.800794  1.569568            0           0           0  
      4.937376  0.950198  1.569568            0           0           0  
      3.291584  3.800794  1.569568            0           0           0  
      1.645792  0.950198  4.938340            0           0           0  
     -0.000001  3.800794  4.938340            0           0           0  
      4.937376  0.950198  4.938340            0           0           0  
      3.291584  3.800794  4.938340            0           0           0  
      0.002719  1.901967  8.077687     0.000407    0.000234    0.006167  
     -1.645793  4.750992  8.092460    -0.000000    0.000001    0.004458  
      3.288864  1.901967  8.077687    -0.000407    0.000234    0.006166  
      1.645792  4.747852  8.077687     0.000000   -0.000472    0.006166  
      0.000430  1.900645 11.486028     0.024160    0.013949    0.013818  
     -1.645793  4.750992 11.474550     0.000000   -0.000000    0.003272  
      3.291154  1.900645 11.486028    -0.024160    0.013950    0.013818  
      1.645792  4.750496 11.486028     0.000001   -0.027899    0.013819  
      1.645793  2.850595 13.171966    -0.000001    0.000001   -0.322692  
 
   2 f  =    8.273672 THz    51.985016 2PiTHz  275.980002 cm-1    34.217144 meV
             X         Y         Z           dx          dy          dz
     -0.000000  1.900397  3.253954            0           0           0  
     -1.645793  4.750992  3.253954            0           0           0  
      3.291584  1.900397  3.253954            0           0           0  
      1.645792  4.750992  3.253954            0           0           0  
      1.645792  0.956365  9.779493     0.000001   -0.000104    0.027477  
      0.005340  3.797710  9.779493    -0.000089    0.000053    0.027478  
      4.937376  0.950198  9.750908    -0.000001    0.000002    0.013422  
      3.286243  3.797710  9.779493     0.000090    0.000052    0.027476  
      1.645792  0.950198  1.569568            0           0           0  
     -0.000001  3.800794  1.569568            0           0           0  
      4.937376  0.950198  1.569568            0           0           0  
      3.291584  3.800794  1.569568            0           0           0  
      1.645792  0.950198  4.938340            0           0           0  
     -0.000001  3.800794  4.938340            0           0           0  
      4.937376  0.950198  4.938340            0           0           0  
      3.291584  3.800794  4.938340            0           0           0  
      0.002719  1.901967  8.077687    -0.002700   -0.001561   -0.031783  
     -1.645793  4.750992  8.092460    -0.000003   -0.000001   -0.034234  
      3.288864  1.901967  8.077687     0.002699   -0.001558   -0.031779  
      1.645792  4.747852  8.077687     0.000003    0.003114   -0.031783  
      0.000430  1.900645 11.486028     0.010316    0.005957   -0.020019  
     -1.645793  4.750992 11.474550    -0.000000    0.000001   -0.030289  
      3.291154  1.900645 11.486028    -0.010317    0.005956   -0.020021  
      1.645792  4.750496 11.486028    -0.000001   -0.011914   -0.020016  
      1.645793  2.850595 13.171966     0.000002    0.000001   -0.046820  
 
   3 f  =    7.485965 THz    47.035708 2PiTHz  249.704930 cm-1    30.959452 meV
             X         Y         Z           dx          dy          dz
     -0.000000  1.900397  3.253954            0           0           0  
     -1.645793  4.750992  3.253954            0           0           0  
      3.291584  1.900397  3.253954            0           0           0  
      1.645792  4.750992  3.253954            0           0           0  
      1.645792  0.956365  9.779493     0.004735    0.001778   -0.010026  
      0.005340  3.797710  9.779493    -0.003095    0.001888    0.020517  
      4.937376  0.950198  9.750908    -0.018331    0.010260   -0.000001  
      3.286243  3.797710  9.779493     0.000737   -0.004962   -0.010496  
      1.645792  0.950198  1.569568            0           0           0  
     -0.000001  3.800794  1.569568            0           0           0  
      4.937376  0.950198  1.569568            0           0           0  
      3.291584  3.800794  1.569568            0           0           0  
      1.645792  0.950198  4.938340            0           0           0  
     -0.000001  3.800794  4.938340            0           0           0  
      4.937376  0.950198  4.938340            0           0           0  
      3.291584  3.800794  4.938340            0           0           0  
      0.002719  1.901967  8.077687     0.010797   -0.014870   -0.020992  
     -1.645793  4.750992  8.092460    -0.014144    0.007904   -0.000004  
      3.288864  1.901967  8.077687     0.003396   -0.001639    0.041023  
      1.645792  4.747852  8.077687     0.018534   -0.001838   -0.020028  
      0.000430  1.900645 11.486028     0.006355    0.023076    0.014723  
     -1.645793  4.750992 11.474550     0.014349   -0.008047    0.000002  
      3.291154  1.900645 11.486028     0.028724   -0.016884   -0.028759  
      1.645792  4.750496 11.486028    -0.017091   -0.016274    0.014043  
      1.645793  2.850595 13.171966    -0.154442    0.086386    0.000005  
 
   4 f  =    7.485895 THz    47.035266 2PiTHz  249.702584 cm-1    30.959161 meV
             X         Y         Z           dx          dy          dz
     -0.000000  1.900397  3.253954            0           0           0  
     -1.645793  4.750992  3.253954            0           0           0  
      3.291584  1.900397  3.253954            0           0           0  
      1.645792  4.750992  3.253954            0           0           0  
      1.645792  0.956365  9.779493    -0.002645    0.003168   -0.017907  
      0.005340  3.797710  9.779493    -0.002759   -0.004681    0.000275  
      4.937376  0.950198  9.750908     0.010257    0.018326    0.000002  
      3.286243  3.797710  9.779493     0.004089   -0.000852    0.017629  
      1.645792  0.950198  1.569568            0           0           0  
     -0.000001  3.800794  1.569568            0           0           0  
      4.937376  0.950198  1.569568            0           0           0  
      3.291584  3.800794  1.569568            0           0           0  
      1.645792  0.950198  4.938340            0           0           0  
     -0.000001  3.800794  4.938340            0           0           0  
      4.937376  0.950198  4.938340            0           0           0  
      3.291584  3.800794  4.938340            0           0           0  
      0.002719  1.901967  8.077687     0.002640   -0.011023    0.035238  
     -1.645793  4.750992  8.092460     0.007906    0.014124   -0.000007  
      3.288864  1.901967  8.077687    -0.010586   -0.018423    0.000555  
      1.645792  4.747852  8.077687    -0.010375   -0.003280   -0.035802  
      0.000430  1.900645 11.486028    -0.029807   -0.005638   -0.024712  
     -1.645793  4.750992 11.474550    -0.008036   -0.014363    0.000007  
      3.291154  1.900645 11.486028     0.010172    0.016734   -0.000386  
      1.645792  4.750496 11.486028     0.009562   -0.029076    0.025109  
      1.645793  2.850595 13.171966     0.086451    0.154454    0.000011  
 
   5 f  =    7.302368 THz    45.882129 2PiTHz  243.580763 cm-1    30.200152 meV
             X         Y         Z           dx          dy          dz
     -0.000000  1.900397  3.253954            0           0           0  
     -1.645793  4.750992  3.253954            0           0           0  
      3.291584  1.900397  3.253954            0           0           0  
      1.645792  4.750992  3.253954            0           0           0  
      1.645792  0.956365  9.779493    -0.000026    0.018299    0.003132  
      0.005340  3.797710  9.779493     0.015842   -0.009200    0.003139  
      4.937376  0.950198  9.750908    -0.000001   -0.000014   -0.011934  
      3.286243  3.797710  9.779493    -0.015856   -0.009186    0.003101  
      1.645792  0.950198  1.569568            0           0           0  
     -0.000001  3.800794  1.569568            0           0           0  
      4.937376  0.950198  1.569568            0           0           0  
      3.291584  3.800794  1.569568            0           0           0  
      1.645792  0.950198  4.938340            0           0           0  
     -0.000001  3.800794  4.938340            0           0           0  
      4.937376  0.950198  4.938340            0           0           0  
      3.291584  3.800794  4.938340            0           0           0  
      0.002719  1.901967  8.077687    -0.013900   -0.008008    0.019315  
     -1.645793  4.750992  8.092460    -0.000012    0.000013   -0.072686  
      3.288864  1.901967  8.077687     0.013925   -0.007984    0.019266  
      1.645792  4.747852  8.077687     0.000026    0.016095    0.019220  
      0.000430  1.900645 11.486028    -0.002191   -0.001250   -0.009743  
     -1.645793  4.750992 11.474550     0.000029    0.000031    0.049485  
      3.291154  1.900645 11.486028     0.002214   -0.001270   -0.009683  
      1.645792  4.750496 11.486028    -0.000011    0.002600   -0.009670  
      1.645793  2.850595 13.171966     0.000044   -0.000050    0.001715  
 
   6 f  =    7.181870 THz    45.125017 2PiTHz  239.561381 cm-1    29.701812 meV
             X         Y         Z           dx          dy          dz
     -0.000000  1.900397  3.253954            0           0           0  
     -1.645793  4.750992  3.253954            0           0           0  
      3.291584  1.900397  3.253954            0           0           0  
      1.645792  4.750992  3.253954            0           0           0  
      1.645792  0.956365  9.779493    -0.015875   -0.001346    0.008303  
      0.005340  3.797710  9.779493     0.001925   -0.004497   -0.023819  
      4.937376  0.950198  9.750908    -0.013391    0.004901    0.000027  
      3.286243  3.797710  9.779493    -0.004286    0.012484    0.015488  
      1.645792  0.950198  1.569568            0           0           0  
     -0.000001  3.800794  1.569568            0           0           0  
      4.937376  0.950198  1.569568            0           0           0  
      3.291584  3.800794  1.569568            0           0           0  
      1.645792  0.950198  4.938340            0           0           0  
     -0.000001  3.800794  4.938340            0           0           0  
      4.937376  0.950198  4.938340            0           0           0  
      3.291584  3.800794  4.938340            0           0           0  
      0.002719  1.901967  8.077687     0.008230    0.021241    0.022744  
     -1.645793  4.750992  8.092460     0.022586   -0.008269   -0.000065  
      3.288864  1.901967  8.077687     0.021895   -0.016317   -0.034994  
      1.645792  4.747852  8.077687    -0.017454   -0.009513    0.012109  
      0.000430  1.900645 11.486028     0.024121    0.005389    0.007730  
     -1.645793  4.750992 11.474550    -0.013324    0.004890    0.000078  
      3.291154  1.900645 11.486028     0.032165   -0.016666   -0.011798  
      1.645792  4.750496 11.486028     0.009066   -0.012612    0.004195  
      1.645793  2.850595 13.171966    -0.154076    0.056367    0.000023  
 
   7 f  =    7.181679 THz    45.123822 2PiTHz  239.555036 cm-1    29.701026 meV
             X         Y         Z           dx          dy          dz
     -0.000000  1.900397  3.253954            0           0           0  
     -1.645793  4.750992  3.253954            0           0           0  
      3.291584  1.900397  3.253954            0           0           0  
      1.645792  4.750992  3.253954            0           0           0  
      1.645792  0.956365  9.779493    -0.005786    0.003688   -0.022730  
      0.005340  3.797710  9.779493    -0.008911   -0.014046    0.004161  
      4.937376  0.950198  9.750908    -0.004911   -0.013411   -0.000004  
      3.286243  3.797710  9.779493     0.008045   -0.007867    0.018577  
      1.645792  0.950198  1.569568            0           0           0  
     -0.000001  3.800794  1.569568            0           0           0  
      4.937376  0.950198  1.569568            0           0           0  
      3.291584  3.800794  1.569568            0           0           0  
      1.645792  0.950198  4.938340            0           0           0  
     -0.000001  3.800794  4.938340            0           0           0  
      4.937376  0.950198  4.938340            0           0           0  
      3.291584  3.800794  4.938340            0           0           0  
      0.002719  1.901967  8.077687     0.024288    0.000238    0.027153  
     -1.645793  4.750992  8.092460     0.008283    0.022617    0.000052  
      3.288864  1.901967  8.077687    -0.013277   -0.013521    0.006125  
      1.645792  4.747852  8.077687    -0.006412    0.025918   -0.033262  
      0.000430  1.900645 11.486028     0.021271    0.019461    0.009267  
     -1.645793  4.750992 11.474550    -0.004894   -0.013357   -0.000050  
      3.291154  1.900645 11.486028    -0.000707    0.011442    0.002054  
      1.645792  4.750496 11.486028     0.003343    0.034482   -0.011348  
      1.645793  2.850595 13.171966    -0.056286   -0.154005   -0.000009  
 
   8 f  =    7.131911 THz    44.811116 2PiTHz  237.894930 cm-1    29.495199 meV
             X         Y         Z           dx          dy          dz
     -0.000000  1.900397  3.253954            0           0           0  
     -1.645793  4.750992  3.253954            0           0           0  
      3.291584  1.900397  3.253954            0           0           0  
      1.645792  4.750992  3.253954            0           0           0  
      1.645792  0.956365  9.779493    -0.023892   -0.000013    0.005365  
      0.005340  3.797710  9.779493    -0.008510   -0.014736    0.016560  
      4.937376  0.950198  9.750908     0.005871    0.001403    0.000004  
      3.286243  3.797710  9.779493    -0.003416    0.006007   -0.021913  
      1.645792  0.950198  1.569568            0           0           0  
     -0.000001  3.800794  1.569568            0           0           0  
      4.937376  0.950198  1.569568            0           0           0  
      3.291584  3.800794  1.569568            0           0           0  
      1.645792  0.950198  4.938340            0           0           0  
     -0.000001  3.800794  4.938340            0           0           0  
      4.937376  0.950198  4.938340            0           0           0  
      3.291584  3.800794  4.938340            0           0           0  
      0.002719  1.901967  8.077687     0.005401   -0.008086    0.039795  
     -1.645793  4.750992  8.092460    -0.019326   -0.004667    0.000117  
      3.288864  1.901967  8.077687     0.012274    0.020374   -0.029915  
      1.645792  4.747852  8.077687     0.033533    0.000200   -0.009786  
      0.000430  1.900645 11.486028     0.014900    0.012809   -0.037061  
     -1.645793  4.750992 11.474550     0.027523    0.006656   -0.000111  
      3.291154  1.900645 11.486028     0.008175   -0.014884    0.027883  
      1.645792  4.750496 11.486028    -0.012396    0.004782    0.009051  
      1.645793  2.850595 13.171966    -0.004191   -0.001157   -0.000040  
 
   9 f  =    7.131531 THz    44.808732 2PiTHz  237.882274 cm-1    29.493630 meV
             X         Y         Z           dx          dy          dz
     -0.000000  1.900397  3.253954            0           0           0  
     -1.645793  4.750992  3.253954            0           0           0  
      3.291584  1.900397  3.253954            0           0           0  
      1.645792  4.750992  3.253954            0           0           0  
      1.645792  0.956365  9.779493    -0.005811   -0.000072   -0.022178  
      0.005340  3.797710  9.779493     0.008933    0.015386    0.015769  
      4.937376  0.950198  9.750908     0.001420   -0.005877   -0.000021  
      3.286243  3.797710  9.779493    -0.011868    0.020419    0.006442  
      1.645792  0.950198  1.569568            0           0           0  
     -0.000001  3.800794  1.569568            0           0           0  
      4.937376  0.950198  1.569568            0           0           0  
      3.291584  3.800794  1.569568            0           0           0  
      1.645792  0.950198  4.938340            0           0           0  
     -0.000001  3.800794  4.938340            0           0           0  
      4.937376  0.950198  4.938340            0           0           0  
      3.291584  3.800794  4.938340            0           0           0  
      0.002719  1.901967  8.077687     0.016352   -0.028733   -0.011615  
     -1.645793  4.750992  8.092460    -0.004651    0.019388   -0.000010  
      3.288864  1.901967  8.077687    -0.012042   -0.021841   -0.028551  
      1.645792  4.747852  8.077687     0.008143   -0.000596    0.040380  
      0.000430  1.900645 11.486028    -0.011051    0.007787    0.010783  
     -1.645793  4.750992 11.474550     0.006713   -0.027431   -0.000031  
      3.291154  1.900645 11.486028     0.016663    0.001073    0.026569  
      1.645792  4.750496 11.486028    -0.002990   -0.019563   -0.037547  
      1.645793  2.850595 13.171966    -0.000958    0.004462   -0.000034  
 
  10 f  =    7.101205 THz    44.618184 2PiTHz  236.870688 cm-1    29.368209 meV
             X         Y         Z           dx          dy          dz
     -0.000000  1.900397  3.253954            0           0           0  
     -1.645793  4.750992  3.253954            0           0           0  
      3.291584  1.900397  3.253954            0           0           0  
      1.645792  4.750992  3.253954            0           0           0  
      1.645792  0.956365  9.779493     0.000015   -0.002530    0.006488  
      0.005340  3.797710  9.779493    -0.002219    0.001287    0.006351  
      4.937376  0.950198  9.750908    -0.000032    0.000033   -0.013930  
      3.286243  3.797710  9.779493     0.002219    0.001268    0.006475  
      1.645792  0.950198  1.569568            0           0           0  
     -0.000001  3.800794  1.569568            0           0           0  
      4.937376  0.950198  1.569568            0           0           0  
      3.291584  3.800794  1.569568            0           0           0  
      1.645792  0.950198  4.938340            0           0           0  
     -0.000001  3.800794  4.938340            0           0           0  
      4.937376  0.950198  4.938340            0           0           0  
      3.291584  3.800794  4.938340            0           0           0  
      0.002719  1.901967  8.077687    -0.019607   -0.011232    0.036630  
     -1.645793  4.750992  8.092460     0.000073   -0.000072    0.028690  
      3.288864  1.901967  8.077687     0.019632   -0.011333    0.036673  
      1.645792  4.747852  8.077687    -0.000079    0.022571    0.036613  
      0.000430  1.900645 11.486028    -0.000216   -0.000188   -0.033248  
     -1.645793  4.750992 11.474550    -0.000050    0.000017   -0.046303  
      3.291154  1.900645 11.486028     0.000255   -0.000165   -0.033384  
      1.645792  4.750496 11.486028     0.000044    0.000265   -0.033225  
      1.645793  2.850595 13.171966    -0.000163    0.000121   -0.016983  
 
  11 f  =    6.929798 THz    43.541207 2PiTHz  231.153189 cm-1    28.659330 meV
             X         Y         Z           dx          dy          dz
     -0.000000  1.900397  3.253954            0           0           0  
     -1.645793  4.750992  3.253954            0           0           0  
      3.291584  1.900397  3.253954            0           0           0  
      1.645792  4.750992  3.253954            0           0           0  
      1.645792  0.956365  9.779493     0.010287   -0.010330   -0.000850  
      0.005340  3.797710  9.779493     0.031016   -0.015114    0.002810  
      4.937376  0.950198  9.750908     0.011852   -0.003633    0.000013  
      3.286243  3.797710  9.779493     0.024783    0.005222   -0.001959  
      1.645792  0.950198  1.569568            0           0           0  
     -0.000001  3.800794  1.569568            0           0           0  
      4.937376  0.950198  1.569568            0           0           0  
      3.291584  3.800794  1.569568            0           0           0  
      1.645792  0.950198  4.938340            0           0           0  
     -0.000001  3.800794  4.938340            0           0           0  
      4.937376  0.950198  4.938340            0           0           0  
      3.291584  3.800794  4.938340            0           0           0  
      0.002719  1.901967  8.077687    -0.015376    0.004053    0.011631  
     -1.645793  4.750992  8.092460    -0.050643    0.015499    0.000013  
      3.288864  1.901967  8.077687    -0.015768    0.005128   -0.016554  
      1.645792  4.747852  8.077687    -0.014653    0.004838    0.005016  
      0.000430  1.900645 11.486028    -0.009150    0.017566    0.001531  
     -1.645793  4.750992 11.474550    -0.041765    0.012770   -0.000018  
      3.291154  1.900645 11.486028    -0.001977   -0.005865   -0.002273  
      1.645792  4.750496 11.486028    -0.025860   -0.000369    0.000627  
      1.645793  2.850595 13.171966    -0.071581    0.021888   -0.000036  
 
  12 f  =    6.929743 THz    43.540858 2PiTHz  231.151338 cm-1    28.659100 meV
             X         Y         Z           dx          dy          dz
     -0.000000  1.900397  3.253954            0           0           0  
     -1.645793  4.750992  3.253954            0           0           0  
      3.291584  1.900397  3.253954            0           0           0  
      1.645792  4.750992  3.253954            0           0           0  
      1.645792  0.956365  9.779493     0.003135    0.033765    0.002712  
      0.005340  3.797710  9.779493    -0.001624    0.013054   -0.000616  
      4.937376  0.950198  9.750908     0.003626    0.011831   -0.000047  
      3.286243  3.797710  9.779493     0.018690    0.019315   -0.002083  
      1.645792  0.950198  1.569568            0           0           0  
     -0.000001  3.800794  1.569568            0           0           0  
      4.937376  0.950198  1.569568            0           0           0  
      3.291584  3.800794  1.569568            0           0           0  
      1.645792  0.950198  4.938340            0           0           0  
     -0.000001  3.800794  4.938340            0           0           0  
      4.937376  0.950198  4.938340            0           0           0  
      3.291584  3.800794  4.938340            0           0           0  
      0.002719  1.901967  8.077687    -0.005346   -0.015183    0.012412  
     -1.645793  4.750992  8.092460    -0.015505   -0.050609   -0.000047  
      3.288864  1.901967  8.077687    -0.004170   -0.014871    0.003733  
      1.645792  4.747852  8.077687    -0.004466   -0.015804   -0.016260  
      0.000430  1.900645 11.486028     0.010001   -0.015474    0.001749  
     -1.645793  4.750992 11.474550    -0.012780   -0.041821    0.000049  
      3.291154  1.900645 11.486028    -0.013391   -0.022672    0.000645  
      1.645792  4.750496 11.486028    -0.007902    0.001198   -0.002215  
      1.645793  2.850595 13.171966    -0.021880   -0.071702    0.000086  
 
  13 f  =    6.867080 THz    43.147138 2PiTHz  229.061144 cm-1    28.399950 meV
             X         Y         Z           dx          dy          dz
     -0.000000  1.900397  3.253954            0           0           0  
     -1.645793  4.750992  3.253954            0           0           0  
      3.291584  1.900397  3.253954            0           0           0  
      1.645792  4.750992  3.253954            0           0           0  
      1.645792  0.956365  9.779493     0.000016    0.009549   -0.003959  
      0.005340  3.797710  9.779493     0.008181   -0.004712   -0.003966  
      4.937376  0.950198  9.750908     0.000001    0.000022    0.028532  
      3.286243  3.797710  9.779493    -0.008201   -0.004719   -0.003962  
      1.645792  0.950198  1.569568            0           0           0  
     -0.000001  3.800794  1.569568            0           0           0  
      4.937376  0.950198  1.569568            0           0           0  
      3.291584  3.800794  1.569568            0           0           0  
      1.645792  0.950198  4.938340            0           0           0  
     -0.000001  3.800794  4.938340            0           0           0  
      4.937376  0.950198  4.938340            0           0           0  
      3.291584  3.800794  4.938340            0           0           0  
      0.002719  1.901967  8.077687     0.041235    0.023790    0.016753  
     -1.645793  4.750992  8.092460     0.000011   -0.000100   -0.002763  
      3.288864  1.901967  8.077687    -0.041248    0.023782    0.016797  
      1.645792  4.747852  8.077687     0.000015   -0.047664    0.016697  
      0.000430  1.900645 11.486028     0.000531    0.000263   -0.026922  
     -1.645793  4.750992 11.474550     0.000008   -0.000083    0.000409  
      3.291154  1.900645 11.486028    -0.000561    0.000276   -0.026949  
      1.645792  4.750496 11.486028     0.000019   -0.000578   -0.026937  
      1.645793  2.850595 13.171966     0.000036   -0.000185   -0.047336  
 
  14 f  =    6.815025 THz    42.820062 2PiTHz  227.324751 cm-1    28.184664 meV
             X         Y         Z           dx          dy          dz
     -0.000000  1.900397  3.253954            0           0           0  
     -1.645793  4.750992  3.253954            0           0           0  
      3.291584  1.900397  3.253954            0           0           0  
      1.645792  4.750992  3.253954            0           0           0  
      1.645792  0.956365  9.779493    -0.028387    0.000007    0.000001  
      0.005340  3.797710  9.779493     0.014185    0.024589   -0.000002  
      4.937376  0.950198  9.750908     0.000028    0.000010    0.000008  
      3.286243  3.797710  9.779493     0.014181   -0.024575   -0.000002  
      1.645792  0.950198  1.569568            0           0           0  
     -0.000001  3.800794  1.569568            0           0           0  
      4.937376  0.950198  1.569568            0           0           0  
      3.291584  3.800794  1.569568            0           0           0  
      1.645792  0.950198  4.938340            0           0           0  
     -0.000001  3.800794  4.938340            0           0           0  
      4.937376  0.950198  4.938340            0           0           0  
      3.291584  3.800794  4.938340            0           0           0  
      0.002719  1.901967  8.077687     0.017508   -0.030363    0.000047  
     -1.645793  4.750992  8.092460     0.000014   -0.000004    0.000005  
      3.288864  1.901967  8.077687     0.017490    0.030351   -0.000042  
      1.645792  4.747852  8.077687    -0.035029   -0.000026    0.000001  
      0.000430  1.900645 11.486028     0.016727   -0.028968   -0.000018  
     -1.645793  4.750992 11.474550     0.000028   -0.000002   -0.000001  
      3.291154  1.900645 11.486028     0.016714    0.028944    0.000007  
      1.645792  4.750496 11.486028    -0.033453   -0.000001   -0.000009  
      1.645793  2.850595 13.171966    -0.000099   -0.000052   -0.000018  
 
  15 f  =    6.583634 THz    41.366192 2PiTHz  219.606392 cm-1    27.227710 meV
             X         Y         Z           dx          dy          dz
     -0.000000  1.900397  3.253954            0           0           0  
     -1.645793  4.750992  3.253954            0           0           0  
      3.291584  1.900397  3.253954            0           0           0  
      1.645792  4.750992  3.253954            0           0           0  
      1.645792  0.956365  9.779493     0.000134    0.017231    0.005723  
      0.005340  3.797710  9.779493    -0.012548   -0.004152   -0.002918  
      4.937376  0.950198  9.750908     0.000329   -0.028616    0.000005  
      3.286243  3.797710  9.779493     0.012321   -0.004454   -0.002806  
      1.645792  0.950198  1.569568            0           0           0  
     -0.000001  3.800794  1.569568            0           0           0  
      4.937376  0.950198  1.569568            0           0           0  
      3.291584  3.800794  1.569568            0           0           0  
      1.645792  0.950198  4.938340            0           0           0  
     -0.000001  3.800794  4.938340            0           0           0  
      4.937376  0.950198  4.938340            0           0           0  
      3.291584  3.800794  4.938340            0           0           0  
      0.002719  1.901967  8.077687     0.025766    0.002534   -0.015253  
     -1.645793  4.750992  8.092460     0.000223   -0.019022    0.000015  
      3.288864  1.901967  8.077687    -0.026530    0.003139   -0.015852  
      1.645792  4.747852  8.077687     0.000126    0.048114    0.031099  
      0.000430  1.900645 11.486028     0.001597    0.006552   -0.013787  
     -1.645793  4.750992 11.474550     0.000274   -0.023183   -0.000002  
      3.291154  1.900645 11.486028    -0.001795    0.006600   -0.014365  
      1.645792  4.750496 11.486028    -0.000076    0.009506    0.028135  
      1.645793  2.850595 13.171966    -0.001607    0.139405   -0.000013  
 
  16 f  =    6.583236 THz    41.363694 2PiTHz  219.593130 cm-1    27.226066 meV
             X         Y         Z           dx          dy          dz
     -0.000000  1.900397  3.253954            0           0           0  
     -1.645793  4.750992  3.253954            0           0           0  
      3.291584  1.900397  3.253954            0           0           0  
      1.645792  4.750992  3.253954            0           0           0  
      1.645792  0.956365  9.779493    -0.011500    0.000191    0.000068  
      0.005340  3.797710  9.779493     0.009920   -0.012467    0.004924  
      4.937376  0.950198  9.750908    -0.028607   -0.000334    0.000007  
      3.286243  3.797710  9.779493     0.010202    0.012363   -0.004996  
      1.645792  0.950198  1.569568            0           0           0  
     -0.000001  3.800794  1.569568            0           0           0  
      4.937376  0.950198  1.569568            0           0           0  
      3.291584  3.800794  1.569568            0           0           0  
      1.645792  0.950198  4.938340            0           0           0  
     -0.000001  3.800794  4.938340            0           0           0  
      4.937376  0.950198  4.938340            0           0           0  
      3.291584  3.800794  4.938340            0           0           0  
      0.002719  1.901967  8.077687     0.033335    0.026187   -0.027125  
     -1.645793  4.750992  8.092460    -0.018974   -0.000212    0.000010  
      3.288864  1.901967  8.077687     0.032727   -0.026105    0.026751  
      1.645792  4.747852  8.077687    -0.012325    0.000552    0.000365  
      0.000430  1.900645 11.486028     0.008549    0.001770   -0.024565  
     -1.645793  4.750992 11.474550    -0.023129   -0.000258   -0.000005  
      3.291154  1.900645 11.486028     0.008521   -0.001613    0.024239  
      1.645792  4.750496 11.486028     0.005541    0.000111    0.000324  
      1.645793  2.850595 13.171966     0.139406    0.001628   -0.000016  
 
  17 f  =    6.312996 THz    39.665725 2PiTHz  210.578887 cm-1    26.108443 meV
             X         Y         Z           dx          dy          dz
     -0.000000  1.900397  3.253954            0           0           0  
     -1.645793  4.750992  3.253954            0           0           0  
      3.291584  1.900397  3.253954            0           0           0  
      1.645792  4.750992  3.253954            0           0           0  
      1.645792  0.956365  9.779493     0.001966    0.004034    0.006400  
      0.005340  3.797710  9.779493     0.002587    0.006510   -0.001621  
      4.937376  0.950198  9.750908     0.001505    0.005250    0.000003  
      3.286243  3.797710  9.779493     0.000113    0.005815   -0.004780  
      1.645792  0.950198  1.569568            0           0           0  
     -0.000001  3.800794  1.569568            0           0           0  
      4.937376  0.950198  1.569568            0           0           0  
      3.291584  3.800794  1.569568            0           0           0  
      1.645792  0.950198  4.938340            0           0           0  
     -0.000001  3.800794  4.938340            0           0           0  
      4.937376  0.950198  4.938340            0           0           0  
      3.291584  3.800794  4.938340            0           0           0  
      0.002719  1.901967  8.077687     0.021284   -0.029588   -0.002789  
     -1.645793  4.750992  8.092460     0.010559    0.037024   -0.000007  
      3.288864  1.901967  8.077687    -0.026374   -0.043187   -0.000967  
      1.645792  4.747852  8.077687    -0.014296    0.004882    0.003760  
      0.000430  1.900645 11.486028     0.021923   -0.027655   -0.015675  
     -1.645793  4.750992 11.474550     0.012287    0.043037    0.000010  
      3.291154  1.900645 11.486028    -0.025860   -0.041308   -0.005310  
      1.645792  4.750496 11.486028    -0.013768    0.006908    0.020977  
      1.645793  2.850595 13.171966    -0.001678   -0.005830   -0.000011  
 
  18 f  =    6.312773 THz    39.664320 2PiTHz  210.571427 cm-1    26.107518 meV
             X         Y         Z           dx          dy          dz
     -0.000000  1.900397  3.253954            0           0           0  
     -1.645793  4.750992  3.253954            0           0           0  
      3.291584  1.900397  3.253954            0           0           0  
      1.645792  4.750992  3.253954            0           0           0  
      1.645792  0.956365  9.779493     0.006898   -0.001153   -0.001828  
      0.005340  3.797710  9.779493     0.004374   -0.000512    0.006457  
      4.937376  0.950198  9.750908     0.005274   -0.001499    0.000001  
      3.286243  3.797710  9.779493     0.005081   -0.003007   -0.004627  
      1.645792  0.950198  1.569568            0           0           0  
     -0.000001  3.800794  1.569568            0           0           0  
      4.937376  0.950198  1.569568            0           0           0  
      3.291584  3.800794  1.569568            0           0           0  
      1.645792  0.950198  4.938340            0           0           0  
     -0.000001  3.800794  4.938340            0           0           0  
      4.937376  0.950198  4.938340            0           0           0  
      3.291584  3.800794  4.938340            0           0           0  
      0.002719  1.901967  8.077687    -0.015698    0.034193   -0.002718  
     -1.645793  4.750992  8.092460     0.037062   -0.010564    0.000003  
      3.288864  1.901967  8.077687    -0.002108   -0.013422    0.003814  
      1.645792  4.747852  8.077687    -0.050126   -0.001398   -0.001094  
      0.000430  1.900645 11.486028    -0.013730    0.033717   -0.015141  
     -1.645793  4.750992 11.474550     0.043062   -0.012273   -0.000005  
      3.291154  1.900645 11.486028    -0.000107   -0.014048    0.021131  
      1.645792  4.750496 11.486028    -0.048270   -0.001969   -0.005997  
      1.645793  2.850595 13.171966    -0.005914    0.001655   -0.000001  
 
  19 f  =    6.050424 THz    38.015933 2PiTHz  201.820410 cm-1    25.022531 meV
             X         Y         Z           dx          dy          dz
     -0.000000  1.900397  3.253954            0           0           0  
     -1.645793  4.750992  3.253954            0           0           0  
      3.291584  1.900397  3.253954            0           0           0  
      1.645792  4.750992  3.253954            0           0           0  
      1.645792  0.956365  9.779493    -0.000001   -0.004368    0.002650  
      0.005340  3.797710  9.779493    -0.003783    0.002187    0.002656  
      4.937376  0.950198  9.750908     0.000002   -0.000006   -0.015211  
      3.286243  3.797710  9.779493     0.003786    0.002187    0.002654  
      1.645792  0.950198  1.569568            0           0           0  
     -0.000001  3.800794  1.569568            0           0           0  
      4.937376  0.950198  1.569568            0           0           0  
      3.291584  3.800794  1.569568            0           0           0  
      1.645792  0.950198  4.938340            0           0           0  
     -0.000001  3.800794  4.938340            0           0           0  
      4.937376  0.950198  4.938340            0           0           0  
      3.291584  3.800794  4.938340            0           0           0  
      0.002719  1.901967  8.077687     0.016497    0.009520    0.017372  
     -1.645793  4.750992  8.092460    -0.000004   -0.000011   -0.054862  
      3.288864  1.901967  8.077687    -0.016488    0.009512    0.017368  
      1.645792  4.747852  8.077687     0.000010   -0.019029    0.017371  
      0.000430  1.900645 11.486028    -0.007915   -0.004579    0.027675  
     -1.645793  4.750992 11.474550     0.000004    0.000010   -0.065961  
      3.291154  1.900645 11.486028     0.007911   -0.004566    0.027680  
      1.645792  4.750496 11.486028    -0.000010    0.009141    0.027674  
      1.645793  2.850595 13.171966     0.000005    0.000021    0.021683  
 
  20 f  =    5.696626 THz    35.792959 2PiTHz  190.019001 cm-1    23.559343 meV
             X         Y         Z           dx          dy          dz
     -0.000000  1.900397  3.253954            0           0           0  
     -1.645793  4.750992  3.253954            0           0           0  
      3.291584  1.900397  3.253954            0           0           0  
      1.645792  4.750992  3.253954            0           0           0  
      1.645792  0.956365  9.779493     0.000877   -0.000765    0.005805  
      0.005340  3.797710  9.779493    -0.000949   -0.002711   -0.004073  
      4.937376  0.950198  9.750908    -0.001976    0.008492    0.000003  
      3.286243  3.797710  9.779493     0.001653   -0.003315   -0.001733  
      1.645792  0.950198  1.569568            0           0           0  
     -0.000001  3.800794  1.569568            0           0           0  
      4.937376  0.950198  1.569568            0           0           0  
      3.291584  3.800794  1.569568            0           0           0  
      1.645792  0.950198  4.938340            0           0           0  
     -0.000001  3.800794  4.938340            0           0           0  
      4.937376  0.950198  4.938340            0           0           0  
      3.291584  3.800794  4.938340            0           0           0  
      0.002719  1.901967  8.077687    -0.009841   -0.006628   -0.007793  
     -1.645793  4.750992  8.092460    -0.009425    0.040537   -0.000011  
      3.288864  1.901967  8.077687     0.023771   -0.014468   -0.018316  
      1.645792  4.747852  8.077687     0.000199   -0.039647    0.026106  
      0.000430  1.900645 11.486028     0.000548    0.017333   -0.011895  
     -1.645793  4.750992 11.474550     0.011170   -0.047990   -0.000005  
      3.291154  1.900645 11.486028    -0.012985    0.020488   -0.027951  
      1.645792  4.750496 11.486028    -0.003501    0.030666    0.039870  
      1.645793  2.850595 13.171966     0.011539   -0.049623   -0.000026  
 
  21 f  =    5.696584 THz    35.792695 2PiTHz  190.017602 cm-1    23.559169 meV
             X         Y         Z           dx          dy          dz
     -0.000000  1.900397  3.253954            0           0           0  
     -1.645793  4.750992  3.253954            0           0           0  
      3.291584  1.900397  3.253954            0           0           0  
      1.645792  4.750992  3.253954            0           0           0  
      1.645792  0.956365  9.779493     0.003763    0.000178   -0.001350  
      0.005340  3.797710  9.779493     0.001817    0.002004   -0.004352  
      4.937376  0.950198  9.750908    -0.008496   -0.001973    0.000005  
      3.286243  3.797710  9.779493     0.001213   -0.000598    0.005701  
      1.645792  0.950198  1.569568            0           0           0  
     -0.000001  3.800794  1.569568            0           0           0  
      4.937376  0.950198  1.569568            0           0           0  
      3.291584  3.800794  1.569568            0           0           0  
      1.645792  0.950198  4.938340            0           0           0  
     -0.000001  3.800794  4.938340            0           0           0  
      4.937376  0.950198  4.938340            0           0           0  
      3.291584  3.800794  4.938340            0           0           0  
      0.002719  1.901967  8.077687     0.033856    0.019259    0.025640  
     -1.645793  4.750992  8.092460    -0.040538   -0.009436    0.000005  
      3.288864  1.901967  8.077687     0.026049   -0.014351   -0.019575  
      1.645792  4.747852  8.077687     0.000854    0.009227   -0.006079  
      0.000430  1.900645 11.486028    -0.028324   -0.011193    0.039157  
     -1.645793  4.750992 11.474550     0.047984    0.011161    0.000010  
      3.291154  1.900645 11.486028    -0.025151    0.002378   -0.029885  
      1.645792  4.750496 11.486028    -0.015007   -0.007125   -0.009275  
      1.645793  2.850595 13.171966     0.049628    0.011530   -0.000038  
 
  22 f  =    5.524434 THz    34.711040 2PiTHz  184.275269 cm-1    22.847211 meV
             X         Y         Z           dx          dy          dz
     -0.000000  1.900397  3.253954            0           0           0  
     -1.645793  4.750992  3.253954            0           0           0  
      3.291584  1.900397  3.253954            0           0           0  
      1.645792  4.750992  3.253954            0           0           0  
      1.645792  0.956365  9.779493    -0.000002    0.000962    0.001104  
      0.005340  3.797710  9.779493     0.000830   -0.000479    0.001105  
      4.937376  0.950198  9.750908     0.000000    0.000002   -0.019388  
      3.286243  3.797710  9.779493    -0.000831   -0.000480    0.001099  
      1.645792  0.950198  1.569568            0           0           0  
     -0.000001  3.800794  1.569568            0           0           0  
      4.937376  0.950198  1.569568            0           0           0  
      3.291584  3.800794  1.569568            0           0           0  
      1.645792  0.950198  4.938340            0           0           0  
     -0.000001  3.800794  4.938340            0           0           0  
      4.937376  0.950198  4.938340            0           0           0  
      3.291584  3.800794  4.938340            0           0           0  
      0.002719  1.901967  8.077687     0.010050    0.005818    0.004633  
     -1.645793  4.750992  8.092460    -0.000014    0.000014    0.003117  
      3.288864  1.901967  8.077687    -0.010035    0.005781    0.004633  
      1.645792  4.747852  8.077687     0.000011   -0.011601    0.004636  
      0.000430  1.900645 11.486028     0.046001    0.026531   -0.000310  
     -1.645793  4.750992 11.474550     0.000017   -0.000015    0.004115  
      3.291154  1.900645 11.486028    -0.046006    0.026571   -0.000315  
      1.645792  4.750496 11.486028    -0.000006   -0.053113   -0.000303  
      1.645793  2.850595 13.171966    -0.000013   -0.000024    0.178102  
 
  23 f  =    5.447080 THz    34.225016 2PiTHz  181.695045 cm-1    22.527304 meV
             X         Y         Z           dx          dy          dz
     -0.000000  1.900397  3.253954            0           0           0  
     -1.645793  4.750992  3.253954            0           0           0  
      3.291584  1.900397  3.253954            0           0           0  
      1.645792  4.750992  3.253954            0           0           0  
      1.645792  0.956365  9.779493    -0.001115   -0.000001   -0.000001  
      0.005340  3.797710  9.779493     0.000559    0.000969   -0.000002  
      4.937376  0.950198  9.750908    -0.000003   -0.000003    0.000005  
      3.286243  3.797710  9.779493     0.000558   -0.000966    0.000003  
      1.645792  0.950198  1.569568            0           0           0  
     -0.000001  3.800794  1.569568            0           0           0  
      4.937376  0.950198  1.569568            0           0           0  
      3.291584  3.800794  1.569568            0           0           0  
      1.645792  0.950198  4.938340            0           0           0  
     -0.000001  3.800794  4.938340            0           0           0  
      4.937376  0.950198  4.938340            0           0           0  
      3.291584  3.800794  4.938340            0           0           0  
      0.002719  1.901967  8.077687    -0.022975    0.039776    0.000002  
     -1.645793  4.750992  8.092460     0.000010   -0.000007    0.000006  
      3.288864  1.901967  8.077687    -0.022966   -0.039781   -0.000002  
      1.645792  4.747852  8.077687     0.045941    0.000009   -0.000007  
      0.000430  1.900645 11.486028     0.022954   -0.039767   -0.000006  
     -1.645793  4.750992 11.474550    -0.000016    0.000006    0.000007  
      3.291154  1.900645 11.486028     0.022976    0.039750    0.000003  
      1.645792  4.750496 11.486028    -0.045926    0.000013   -0.000008  
      1.645793  2.850595 13.171966     0.000014    0.000005   -0.000050  
 
  24 f  =    5.097086 THz    32.025938 2PiTHz  170.020499 cm-1    21.079846 meV
             X         Y         Z           dx          dy          dz
     -0.000000  1.900397  3.253954            0           0           0  
     -1.645793  4.750992  3.253954            0           0           0  
      3.291584  1.900397  3.253954            0           0           0  
      1.645792  4.750992  3.253954            0           0           0  
      1.645792  0.956365  9.779493    -0.001769   -0.000155    0.000102  
      0.005340  3.797710  9.779493    -0.002499    0.000319    0.001514  
      4.937376  0.950198  9.750908     0.009111    0.000504    0.000002  
      3.286243  3.797710  9.779493    -0.002551   -0.000543   -0.001616  
      1.645792  0.950198  1.569568            0           0           0  
     -0.000001  3.800794  1.569568            0           0           0  
      4.937376  0.950198  1.569568            0           0           0  
      3.291584  3.800794  1.569568            0           0           0  
      1.645792  0.950198  4.938340            0           0           0  
     -0.000001  3.800794  4.938340            0           0           0  
      4.937376  0.950198  4.938340            0           0           0  
      3.291584  3.800794  4.938340            0           0           0  
      0.002719  1.901967  8.077687    -0.015429    0.012068   -0.010425  
     -1.645793  4.750992  8.092460    -0.049879   -0.002765   -0.000004  
      3.288864  1.901967  8.077687    -0.016957   -0.015629    0.009777  
      1.645792  4.747852  8.077687    -0.040156   -0.000452    0.000644  
      0.000430  1.900645 11.486028     0.013973   -0.018835   -0.016189  
     -1.645793  4.750992 11.474550     0.042507    0.002353   -0.000001  
      3.291154  1.900645 11.486028     0.016317    0.023195    0.015188  
      1.645792  4.750496 11.486028     0.051523    0.000172    0.001006  
      1.645793  2.850595 13.171966    -0.099290   -0.005505   -0.000021  
 
  25 f  =    5.097018 THz    32.025506 2PiTHz  170.018207 cm-1    21.079562 meV
             X         Y         Z           dx          dy          dz
     -0.000000  1.900397  3.253954            0           0           0  
     -1.645793  4.750992  3.253954            0           0           0  
      3.291584  1.900397  3.253954            0           0           0  
      1.645792  4.750992  3.253954            0           0           0  
      1.645792  0.956365  9.779493    -0.000099    0.002772   -0.001815  
      0.005340  3.797710  9.779493    -0.000574    0.002044    0.000993  
      4.937376  0.950198  9.750908     0.000505   -0.009109    0.000005  
      3.286243  3.797710  9.779493     0.000294    0.001996    0.000820  
      1.645792  0.950198  1.569568            0           0           0  
     -0.000001  3.800794  1.569568            0           0           0  
      4.937376  0.950198  1.569568            0           0           0  
      3.291584  3.800794  1.569568            0           0           0  
      1.645792  0.950198  4.938340            0           0           0  
     -0.000001  3.800794  4.938340            0           0           0  
      4.937376  0.950198  4.938340            0           0           0  
      3.291584  3.800794  4.938340            0           0           0  
      0.002719  1.901967  8.077687    -0.014740    0.032933    0.005273  
     -1.645793  4.750992  8.092460    -0.002767    0.049882   -0.000004  
      3.288864  1.901967  8.077687     0.012947    0.031402    0.006392  
      1.645792  4.747852  8.077687    -0.002222    0.008189   -0.011668  
      0.000430  1.900645 11.486028     0.021850   -0.040572    0.008192  
     -1.645793  4.750992 11.474550     0.002351   -0.042493   -0.000006  
      3.291154  1.900645 11.486028    -0.020167   -0.038240    0.009927  
      1.645792  4.750496 11.486028     0.002857   -0.002998   -0.018117  
      1.645793  2.850595 13.171966    -0.005496    0.099320   -0.000029  
 
  26 f  =    4.579392 THz    28.773169 2PiTHz  152.752076 cm-1    18.938835 meV
             X         Y         Z           dx          dy          dz
     -0.000000  1.900397  3.253954            0           0           0  
     -1.645793  4.750992  3.253954            0           0           0  
      3.291584  1.900397  3.253954            0           0           0  
      1.645792  4.750992  3.253954            0           0           0  
      1.645792  0.956365  9.779493     0.001743   -0.002223    0.006859  
      0.005340  3.797710  9.779493     0.001609   -0.002284   -0.007823  
      4.937376  0.950198  9.750908    -0.011770    0.015944    0.000015  
      3.286243  3.797710  9.779493     0.001730   -0.002372    0.000948  
      1.645792  0.950198  1.569568            0           0           0  
     -0.000001  3.800794  1.569568            0           0           0  
      4.937376  0.950198  1.569568            0           0           0  
      3.291584  3.800794  1.569568            0           0           0  
      1.645792  0.950198  4.938340            0           0           0  
     -0.000001  3.800794  4.938340            0           0           0  
      4.937376  0.950198  4.938340            0           0           0  
      3.291584  3.800794  4.938340            0           0           0  
      0.002719  1.901967  8.077687    -0.008694    0.005875    0.001232  
     -1.645793  4.750992  8.092460    -0.008948    0.012139   -0.000011  
      3.288864  1.901967  8.077687    -0.030684    0.022097   -0.010051  
      1.645792  4.747852  8.077687    -0.005641    0.033028    0.008827  
      0.000430  1.900645 11.486028     0.005563    0.001572    0.002376  
     -1.645793  4.750992 11.474550     0.012239   -0.016597   -0.000014  
      3.291154  1.900645 11.486028     0.039407   -0.023417   -0.019426  
      1.645792  4.750496 11.486028     0.000845   -0.040250    0.017060  
      1.645793  2.850595 13.171966     0.118137   -0.160079    0.000005  
 
  27 f  =    4.579192 THz    28.771910 2PiTHz  152.745392 cm-1    18.938006 meV
             X         Y         Z           dx          dy          dz
     -0.000000  1.900397  3.253954            0           0           0  
     -1.645793  4.750992  3.253954            0           0           0  
      3.291584  1.900397  3.253954            0           0           0  
      1.645792  4.750992  3.253954            0           0           0  
      1.645792  0.956365  9.779493    -0.002360   -0.001637    0.005060  
      0.005340  3.797710  9.779493    -0.002309   -0.001780    0.003416  
      4.937376  0.950198  9.750908     0.015948    0.011767    0.000008  
      3.286243  3.797710  9.779493    -0.002216   -0.001659   -0.008481  
      1.645792  0.950198  1.569568            0           0           0  
     -0.000001  3.800794  1.569568            0           0           0  
      4.937376  0.950198  1.569568            0           0           0  
      3.291584  3.800794  1.569568            0           0           0  
      1.645792  0.950198  4.938340            0           0           0  
     -0.000001  3.800794  4.938340            0           0           0  
      4.937376  0.950198  4.938340            0           0           0  
      3.291584  3.800794  4.938340            0           0           0  
      0.002719  1.901967  8.077687     0.034788    0.021311   -0.010896  
     -1.645793  4.750992  8.092460     0.012139    0.008966   -0.000004  
      3.288864  1.901967  8.077687     0.018560   -0.000685    0.004383  
      1.645792  4.747852  8.077687     0.007637    0.024380    0.006515  
      0.000430  1.900645 11.486028    -0.042960   -0.025005   -0.021070  
     -1.645793  4.750992 11.474550    -0.016591   -0.012242   -0.000001  
      3.291154  1.900645 11.486028    -0.017975    0.008861    0.008479  
      1.645792  4.750496 11.486028    -0.001150   -0.029690    0.012588  
      1.645793  2.850595 13.171966    -0.160085   -0.118133   -0.000029  
 
  28 f  =    3.590257 THz    22.558250 2PiTHz  119.758082 cm-1    14.848103 meV
             X         Y         Z           dx          dy          dz
     -0.000000  1.900397  3.253954            0           0           0  
     -1.645793  4.750992  3.253954            0           0           0  
      3.291584  1.900397  3.253954            0           0           0  
      1.645792  4.750992  3.253954            0           0           0  
      1.645792  0.956365  9.779493    -0.000001    0.001379   -0.015838  
      0.005340  3.797710  9.779493     0.001189   -0.000695   -0.015751  
      4.937376  0.950198  9.750908     0.000007    0.000006    0.051117  
      3.286243  3.797710  9.779493    -0.001192   -0.000691   -0.015684  
      1.645792  0.950198  1.569568            0           0           0  
     -0.000001  3.800794  1.569568            0           0           0  
      4.937376  0.950198  1.569568            0           0           0  
      3.291584  3.800794  1.569568            0           0           0  
      1.645792  0.950198  4.938340            0           0           0  
     -0.000001  3.800794  4.938340            0           0           0  
      4.937376  0.950198  4.938340            0           0           0  
      3.291584  3.800794  4.938340            0           0           0  
      0.002719  1.901967  8.077687    -0.022412   -0.012906    0.006859  
     -1.645793  4.750992  8.092460    -0.000025   -0.000050   -0.023447  
      3.288864  1.901967  8.077687     0.022420   -0.012884    0.006901  
      1.645792  4.747852  8.077687     0.000022    0.025834    0.006953  
      0.000430  1.900645 11.486028     0.016886    0.009718    0.007137  
     -1.645793  4.750992 11.474550     0.000014    0.000051   -0.028408  
      3.291154  1.900645 11.486028    -0.016903    0.009701    0.007185  
      1.645792  4.750496 11.486028    -0.000030   -0.019455    0.007227  
      1.645793  2.850595 13.171966    -0.000045   -0.000000    0.020014  
 
  29 f  =    3.571818 THz    22.442397 2PiTHz  119.143036 cm-1    14.771847 meV
             X         Y         Z           dx          dy          dz
     -0.000000  1.900397  3.253954            0           0           0  
     -1.645793  4.750992  3.253954            0           0           0  
      3.291584  1.900397  3.253954            0           0           0  
      1.645792  4.750992  3.253954            0           0           0  
      1.645792  0.956365  9.779493     0.001572   -0.000152    0.037777  
      0.005340  3.797710  9.779493     0.001591    0.002743   -0.000223  
      4.937376  0.950198  9.750908    -0.003519   -0.006159    0.000101  
      3.286243  3.797710  9.779493    -0.000933    0.001307   -0.037648  
      1.645792  0.950198  1.569568            0           0           0  
     -0.000001  3.800794  1.569568            0           0           0  
      4.937376  0.950198  1.569568            0           0           0  
      3.291584  3.800794  1.569568            0           0           0  
      1.645792  0.950198  4.938340            0           0           0  
     -0.000001  3.800794  4.938340            0           0           0  
      4.937376  0.950198  4.938340            0           0           0  
      3.291584  3.800794  4.938340            0           0           0  
      0.002719  1.901967  8.077687     0.009984   -0.010121    0.024412  
     -1.645793  4.750992  8.092460     0.012654    0.022146   -0.000048  
      3.288864  1.901967  8.077687    -0.013622   -0.023663    0.000143  
      1.645792  4.747852  8.077687    -0.013547    0.003705   -0.024514  
      0.000430  1.900645 11.486028    -0.009708    0.009822    0.025164  
     -1.645793  4.750992 11.474550    -0.010790   -0.018880   -0.000064  
      3.291154  1.900645 11.486028     0.013245    0.022988    0.000142  
      1.645792  4.750496 11.486028     0.013164   -0.003587   -0.025259  
      1.645793  2.850595 13.171966     0.014114    0.024707    0.000039  
 
  30 f  =    3.571657 THz    22.441381 2PiTHz  119.137645 cm-1    14.771179 meV
             X         Y         Z           dx          dy          dz
     -0.000000  1.900397  3.253954            0           0           0  
     -1.645793  4.750992  3.253954            0           0           0  
      3.291584  1.900397  3.253954            0           0           0  
      1.645792  4.750992  3.253954            0           0           0  
      1.645792  0.956365  9.779493    -0.002752   -0.000091    0.021606  
      0.005340  3.797710  9.779493     0.000144   -0.000100   -0.043549  
      4.937376  0.950198  9.750908     0.006157   -0.003519    0.000005  
      3.286243  3.797710  9.779493    -0.001293    0.002416    0.021938  
      1.645792  0.950198  1.569568            0           0           0  
     -0.000001  3.800794  1.569568            0           0           0  
      4.937376  0.950198  1.569568            0           0           0  
      3.291584  3.800794  1.569568            0           0           0  
      1.645792  0.950198  4.938340            0           0           0  
     -0.000001  3.800794  4.938340            0           0           0  
      4.937376  0.950198  4.938340            0           0           0  
      3.291584  3.800794  4.938340            0           0           0  
      0.002719  1.901967  8.077687     0.009954   -0.021486   -0.014226  
     -1.645793  4.750992  8.092460    -0.022144    0.012659   -0.000006  
      3.288864  1.901967  8.077687    -0.003585    0.002212    0.028245  
      1.645792  4.747852  8.077687     0.023707    0.002098   -0.014015  
      0.000430  1.900645 11.486028    -0.009679    0.020880   -0.014666  
     -1.645793  4.750992 11.474550     0.018874   -0.010791    0.000000  
      3.291154  1.900645 11.486028     0.003475   -0.002149    0.029109  
      1.645792  4.750496 11.486028    -0.023038   -0.002037   -0.014442  
      1.645793  2.850595 13.171966    -0.024724    0.014103    0.000005  
 
  31 f  =    2.555018 THz    16.053652 2PiTHz   85.226231 cm-1    10.566701 meV
             X         Y         Z           dx          dy          dz
     -0.000000  1.900397  3.253954            0           0           0  
     -1.645793  4.750992  3.253954            0           0           0  
      3.291584  1.900397  3.253954            0           0           0  
      1.645792  4.750992  3.253954            0           0           0  
      1.645792  0.956365  9.779493     0.018065    0.003597   -0.000090  
      0.005340  3.797710  9.779493    -0.024202    0.022706    0.000813  
      4.937376  0.950198  9.750908     0.024964   -0.002550   -0.000000  
      3.286243  3.797710  9.779493    -0.019473   -0.023686   -0.000723  
      1.645792  0.950198  1.569568            0           0           0  
     -0.000001  3.800794  1.569568            0           0           0  
      4.937376  0.950198  1.569568            0           0           0  
      3.291584  3.800794  1.569568            0           0           0  
      1.645792  0.950198  4.938340            0           0           0  
     -0.000001  3.800794  4.938340            0           0           0  
      4.937376  0.950198  4.938340            0           0           0  
      3.291584  3.800794  4.938340            0           0           0  
      0.002719  1.901967  8.077687     0.017824    0.017292    0.005912  
     -1.645793  4.750992  8.092460    -0.030691    0.003134   -0.000004  
      3.288864  1.901967  8.077687     0.021334   -0.017244   -0.006651  
      1.645792  4.747852  8.077687    -0.010075   -0.003021    0.000740  
      0.000430  1.900645 11.486028     0.019568    0.019400   -0.004297  
     -1.645793  4.750992 11.474550    -0.032510    0.003322    0.000005  
      3.291154  1.900645 11.486028     0.023503   -0.019265    0.004835  
      1.645792  4.750496 11.486028    -0.011664   -0.003341   -0.000541  
      1.645793  2.850595 13.171966     0.047296   -0.004829   -0.000002  
 
  32 f  =    2.554725 THz    16.051809 2PiTHz   85.216444 cm-1    10.565488 meV
             X         Y         Z           dx          dy          dz
     -0.000000  1.900397  3.253954            0           0           0  
     -1.645793  4.750992  3.253954            0           0           0  
      3.291584  1.900397  3.253954            0           0           0  
      1.645792  4.750992  3.253954            0           0           0  
      1.645792  0.956365  9.779493    -0.001840    0.035235   -0.000886  
      0.005340  3.797710  9.779493    -0.020874   -0.007177    0.000364  
      4.937376  0.950198  9.750908    -0.002552   -0.024981   -0.000003  
      3.286243  3.797710  9.779493     0.025337   -0.002435    0.000521  
      1.645792  0.950198  1.569568            0           0           0  
     -0.000001  3.800794  1.569568            0           0           0  
      4.937376  0.950198  1.569568            0           0           0  
      3.291584  3.800794  1.569568            0           0           0  
      1.645792  0.950198  4.938340            0           0           0  
     -0.000001  3.800794  4.938340            0           0           0  
      4.937376  0.950198  4.938340            0           0           0  
      3.291584  3.800794  4.938340            0           0           0  
      0.002719  1.901967  8.077687    -0.019191   -0.001536   -0.004267  
     -1.645793  4.750992  8.092460     0.003135    0.030696    0.000002  
      3.288864  1.901967  8.077687     0.015191    0.001996   -0.002986  
      1.645792  4.747852  8.077687     0.001026   -0.029551    0.007244  
      0.000430  1.900645 11.486028    -0.021446   -0.001334    0.003100  
     -1.645793  4.750992 11.474550     0.003325    0.032517   -0.000005  
      3.291154  1.900645 11.486028     0.017052    0.002623    0.002169  
      1.645792  4.750496 11.486028     0.001189   -0.032691   -0.005264  
      1.645793  2.850595 13.171966    -0.004830   -0.047315   -0.000001  
 
  33 f  =    2.485691 THz    15.618060 2PiTHz   82.913742 cm-1    10.279989 meV
             X         Y         Z           dx          dy          dz
     -0.000000  1.900397  3.253954            0           0           0  
     -1.645793  4.750992  3.253954            0           0           0  
      3.291584  1.900397  3.253954            0           0           0  
      1.645792  4.750992  3.253954            0           0           0  
      1.645792  0.956365  9.779493    -0.031767    0.000015   -0.000000  
      0.005340  3.797710  9.779493     0.015939    0.027398   -0.000002  
      4.937376  0.950198  9.750908    -0.000067    0.000001    0.000001  
      3.286243  3.797710  9.779493     0.015925   -0.027411    0.000002  
      1.645792  0.950198  1.569568            0           0           0  
     -0.000001  3.800794  1.569568            0           0           0  
      4.937376  0.950198  1.569568            0           0           0  
      3.291584  3.800794  1.569568            0           0           0  
      1.645792  0.950198  4.938340            0           0           0  
     -0.000001  3.800794  4.938340            0           0           0  
      4.937376  0.950198  4.938340            0           0           0  
      3.291584  3.800794  4.938340            0           0           0  
      0.002719  1.901967  8.077687    -0.014923    0.025697   -0.000022  
     -1.645793  4.750992  8.092460     0.000092    0.000001    0.000010  
      3.288864  1.901967  8.077687    -0.014915   -0.025697    0.000015  
      1.645792  4.747852  8.077687     0.029764    0.000001   -0.000002  
      0.000430  1.900645 11.486028    -0.015833    0.027254    0.000019  
     -1.645793  4.750992 11.474550     0.000100    0.000001   -0.000012  
      3.291154  1.900645 11.486028    -0.015827   -0.027251   -0.000006  
      1.645792  4.750496 11.486028     0.031582   -0.000004    0.000002  
      1.645793  2.850595 13.171966    -0.000151    0.000000    0.000007  
 
  34 f  =    1.937637 THz    12.174531 2PiTHz   64.632606 cm-1     8.013418 meV
             X         Y         Z           dx          dy          dz
     -0.000000  1.900397  3.253954            0           0           0  
     -1.645793  4.750992  3.253954            0           0           0  
      3.291584  1.900397  3.253954            0           0           0  
      1.645792  4.750992  3.253954            0           0           0  
      1.645792  0.956365  9.779493    -0.000002   -0.036835   -0.000714  
      0.005340  3.797710  9.779493    -0.031893    0.018419   -0.000715  
      4.937376  0.950198  9.750908    -0.000004   -0.000008    0.005269  
      3.286243  3.797710  9.779493     0.031919    0.018402   -0.000716  
      1.645792  0.950198  1.569568            0           0           0  
     -0.000001  3.800794  1.569568            0           0           0  
      4.937376  0.950198  1.569568            0           0           0  
      3.291584  3.800794  1.569568            0           0           0  
      1.645792  0.950198  4.938340            0           0           0  
     -0.000001  3.800794  4.938340            0           0           0  
      4.937376  0.950198  4.938340            0           0           0  
      3.291584  3.800794  4.938340            0           0           0  
      0.002719  1.901967  8.077687     0.002551    0.001471    0.010226  
     -1.645793  4.750992  8.092460     0.000013   -0.000004   -0.032634  
      3.288864  1.901967  8.077687    -0.002550    0.001458    0.010216  
      1.645792  4.747852  8.077687     0.000015   -0.002959    0.010228  
      0.000430  1.900645 11.486028     0.002778    0.001599   -0.011641  
     -1.645793  4.750992 11.474550     0.000007   -0.000001    0.035216  
      3.291154  1.900645 11.486028    -0.002777    0.001590   -0.011630  
      1.645792  4.750496 11.486028     0.000025   -0.003221   -0.011643  
      1.645793  2.850595 13.171966    -0.000005   -0.000006   -0.020211  
 
  35 f  =    0.593443 THz     3.728713 2PiTHz   19.795130 cm-1     2.454282 meV
             X         Y         Z           dx          dy          dz
     -0.000000  1.900397  3.253954            0           0           0  
     -1.645793  4.750992  3.253954            0           0           0  
      3.291584  1.900397  3.253954            0           0           0  
      1.645792  4.750992  3.253954            0           0           0  
      1.645792  0.956365  9.779493     0.000003    0.000281    0.027053  
      0.005340  3.797710  9.779493     0.000254   -0.000153    0.027053  
      4.937376  0.950198  9.750908     0.000006   -0.000011    0.026770  
      3.286243  3.797710  9.779493    -0.000246   -0.000151    0.027052  
      1.645792  0.950198  1.569568            0           0           0  
     -0.000001  3.800794  1.569568            0           0           0  
      4.937376  0.950198  1.569568            0           0           0  
      3.291584  3.800794  1.569568            0           0           0  
      1.645792  0.950198  4.938340            0           0           0  
     -0.000001  3.800794  4.938340            0           0           0  
      4.937376  0.950198  4.938340            0           0           0  
      3.291584  3.800794  4.938340            0           0           0  
      0.002719  1.901967  8.077687     0.000076    0.000034    0.026531  
     -1.645793  4.750992  8.092460     0.000004   -0.000007    0.026914  
      3.288864  1.901967  8.077687    -0.000068    0.000035    0.026533  
      1.645792  4.747852  8.077687     0.000003   -0.000091    0.026530  
      0.000430  1.900645 11.486028     0.000057    0.000022    0.027372  
     -1.645793  4.750992 11.474550     0.000004   -0.000009    0.026995  
      3.291154  1.900645 11.486028    -0.000046    0.000021    0.027370  
      1.645792  4.750496 11.486028     0.000004   -0.000072    0.027371  
      1.645793  2.850595 13.171966     0.000008   -0.000014    0.028280  
 
  36 f  =    0.332834 THz     2.091256 2PiTHz   11.102139 cm-1     1.376489 meV
             X         Y         Z           dx          dy          dz
     -0.000000  1.900397  3.253954            0           0           0  
     -1.645793  4.750992  3.253954            0           0           0  
      3.291584  1.900397  3.253954            0           0           0  
      1.645792  4.750992  3.253954            0           0           0  
      1.645792  0.956365  9.779493     0.000408    0.026957    0.000047  
      0.005340  3.797710  9.779493     0.000438    0.027042   -0.000010  
      4.937376  0.950198  9.750908     0.000398    0.026847    0.000009  
      3.286243  3.797710  9.779493     0.000369    0.027040   -0.000012  
      1.645792  0.950198  1.569568            0           0           0  
     -0.000001  3.800794  1.569568            0           0           0  
      4.937376  0.950198  1.569568            0           0           0  
      3.291584  3.800794  1.569568            0           0           0  
      1.645792  0.950198  4.938340            0           0           0  
     -0.000001  3.800794  4.938340            0           0           0  
      4.937376  0.950198  4.938340            0           0           0  
      3.291584  3.800794  4.938340            0           0           0  
      0.002719  1.901967  8.077687     0.000409    0.026768    0.000069  
     -1.645793  4.750992  8.092460     0.000401    0.026812   -0.000001  
      3.288864  1.901967  8.077687     0.000391    0.026768    0.000061  
      1.645792  4.747852  8.077687     0.000399    0.026777   -0.000098  
      0.000430  1.900645 11.486028     0.000382    0.027187   -0.000015  
     -1.645793  4.750992 11.474550     0.000407    0.027139    0.000019  
      3.291154  1.900645 11.486028     0.000429    0.027190   -0.000005  
      1.645792  4.750496 11.486028     0.000405    0.027145    0.000039  
      1.645793  2.850595 13.171966     0.000401    0.027231    0.000005  
 
  37 f  =    0.332116 THz     2.086750 2PiTHz   11.078214 cm-1     1.373523 meV
             X         Y         Z           dx          dy          dz
     -0.000000  1.900397  3.253954            0           0           0  
     -1.645793  4.750992  3.253954            0           0           0  
      3.291584  1.900397  3.253954            0           0           0  
      1.645792  4.750992  3.253954            0           0           0  
      1.645792  0.956365  9.779493    -0.027074    0.000394    0.000005  
      0.005340  3.797710  9.779493    -0.026992    0.000371   -0.000026  
      4.937376  0.950198  9.750908    -0.026841    0.000397    0.000003  
      3.286243  3.797710  9.779493    -0.026980    0.000451    0.000037  
      1.645792  0.950198  1.569568            0           0           0  
     -0.000001  3.800794  1.569568            0           0           0  
      4.937376  0.950198  1.569568            0           0           0  
      3.291584  3.800794  1.569568            0           0           0  
      1.645792  0.950198  4.938340            0           0           0  
     -0.000001  3.800794  4.938340            0           0           0  
      4.937376  0.950198  4.938340            0           0           0  
      3.291584  3.800794  4.938340            0           0           0  
      0.002719  1.901967  8.077687    -0.026775    0.000406   -0.000089  
     -1.645793  4.750992  8.092460    -0.026808    0.000401   -0.000002  
      3.288864  1.901967  8.077687    -0.026776    0.000401    0.000106  
      1.645792  4.747852  8.077687    -0.026764    0.000392    0.000003  
      0.000430  1.900645 11.486028    -0.027162    0.000436    0.000038  
     -1.645793  4.750992 11.474550    -0.027142    0.000407    0.000012  
      3.291154  1.900645 11.486028    -0.027161    0.000376   -0.000038  
      1.645792  4.750496 11.486028    -0.027194    0.000402    0.000007  
      1.645793  2.850595 13.171966    -0.027212    0.000403    0.000002  
 
  38 fi =    2.348006 THz    14.752956 2PiTHz   78.321045 cm-1     9.710568 meV
             X         Y         Z           dx          dy          dz
     -0.000000  1.900397  3.253954            0           0           0  
     -1.645793  4.750992  3.253954            0           0           0  
      3.291584  1.900397  3.253954            0           0           0  
      1.645792  4.750992  3.253954            0           0           0  
      1.645792  0.956365  9.779493    -0.032281   -0.002786   -0.000929  
      0.005340  3.797710  9.779493     0.004302   -0.004914    0.002059  
      4.937376  0.950198  9.750908     0.037954   -0.019037    0.000000  
      3.286243  3.797710  9.779493    -0.012127    0.027835   -0.001136  
      1.645792  0.950198  1.569568            0           0           0  
     -0.000001  3.800794  1.569568            0           0           0  
      4.937376  0.950198  1.569568            0           0           0  
      3.291584  3.800794  1.569568            0           0           0  
      1.645792  0.950198  4.938340            0           0           0  
     -0.000001  3.800794  4.938340            0           0           0  
      4.937376  0.950198  4.938340            0           0           0  
      3.291584  3.800794  4.938340            0           0           0  
      0.002719  1.901967  8.077687    -0.001360    0.007694   -0.014414  
     -1.645793  4.750992  8.092460     0.001146   -0.000571   -0.000007  
      3.288864  1.901967  8.077687     0.003937   -0.002860    0.026173  
      1.645792  4.747852  8.077687    -0.007846   -0.002165   -0.011760  
      0.000430  1.900645 11.486028     0.002337    0.007010    0.020415  
     -1.645793  4.750992 11.474550    -0.000146    0.000076    0.000005  
      3.291154  1.900645 11.486028     0.008513   -0.005309   -0.037080  
      1.645792  4.750496 11.486028    -0.005245   -0.004500    0.016657  
      1.645793  2.850595 13.171966     0.052458   -0.026320   -0.000002  
 
  39 fi =    2.348555 THz    14.756407 2PiTHz   78.339366 cm-1     9.712839 meV
             X         Y         Z           dx          dy          dz
     -0.000000  1.900397  3.253954            0           0           0  
     -1.645793  4.750992  3.253954            0           0           0  
      3.291584  1.900397  3.253954            0           0           0  
      1.645792  4.750992  3.253954            0           0           0  
      1.645792  0.956365  9.779493     0.016199   -0.005548   -0.001848  
      0.005340  3.797710  9.779493     0.018348    0.031047    0.000121  
      4.937376  0.950198  9.750908    -0.019041   -0.037943   -0.000001  
      3.286243  3.797710  9.779493    -0.014419    0.014609    0.001724  
      1.645792  0.950198  1.569568            0           0           0  
     -0.000001  3.800794  1.569568            0           0           0  
      4.937376  0.950198  1.569568            0           0           0  
      3.291584  3.800794  1.569568            0           0           0  
      1.645792  0.950198  4.938340            0           0           0  
     -0.000001  3.800794  4.938340            0           0           0  
      4.937376  0.950198  4.938340            0           0           0  
      3.291584  3.800794  4.938340            0           0           0  
      0.002719  1.901967  8.077687    -0.005913    0.002166    0.021902  
     -1.645793  4.750992  8.092460    -0.000569   -0.001148   -0.000001  
      3.288864  1.901967  8.077687     0.004635    0.007463    0.001532  
      1.645792  4.747852  8.077687     0.003944   -0.004316   -0.023437  
      0.000430  1.900645 11.486028    -0.008876   -0.001397   -0.031026  
     -1.645793  4.750992 11.474550     0.000073    0.000140    0.000003  
      3.291154  1.900645 11.486028     0.003434    0.004780   -0.002172  
      1.645792  4.750496 11.486028     0.002638   -0.008969    0.033197  
      1.645793  2.850595 13.171966    -0.026320   -0.052429    0.000003  
 
