 Eigenvectors and eigenvalues of the dynamical matrix
 ----------------------------------------------------
 
 
   1 f  =   12.278396 THz    77.147434 2PiTHz  409.563189 cm-1    50.779341 meV
             X         Y         Z           dx          dy          dz
      0.000000  1.831155  3.109023            0           0           0  
     -1.585827  4.577888  3.109023            0           0           0  
      3.171654  1.831155  3.109023            0           0           0  
      1.585827  4.577888  3.109023            0           0           0  
      1.585827  0.916700  9.347574    -0.000001    0.000905    0.001346  
      0.000972  3.661749  9.347574     0.000782   -0.000452    0.001349  
      4.757481  0.915578  9.331420    -0.000001   -0.000001    0.005569  
      3.170681  3.661749  9.347574    -0.000783   -0.000452    0.001346  
      1.585827  0.915578  1.536945            0           0           0  
     -0.000000  3.662310  1.536945            0           0           0  
      4.757481  0.915578  1.536945            0           0           0  
      3.171654  3.662310  1.536945            0           0           0  
      1.585827  0.915578  4.681101            0           0           0  
     -0.000000  3.662310  4.681101            0           0           0  
      4.757481  0.915578  4.681101            0           0           0  
      3.171654  3.662310  4.681101            0           0           0  
      0.000274  1.831313  7.762677    -0.008837   -0.005107    0.032069  
     -1.585827  4.577888  7.771950    -0.000002    0.000000    0.007254  
      3.171380  1.831313  7.762677     0.008847   -0.005107    0.032082  
      1.585827  4.577572  7.762677     0.000003    0.010217    0.032083  
      0.002782  1.832761 10.951143    -0.049452   -0.028555   -0.057243  
     -1.585827  4.577888 10.935097     0.000003   -0.000005   -0.024788  
      3.168872  1.832761 10.951143     0.049457   -0.028555   -0.057238  
      1.585827  4.574676 10.951143    -0.000001    0.057108   -0.057250  
      1.585827  2.746733 12.495177    -0.000001   -0.000006    0.182506  
 
   2 f  =   11.893542 THz    74.729328 2PiTHz  396.725857 cm-1    49.187715 meV
             X         Y         Z           dx          dy          dz
      0.000000  1.831155  3.109023            0           0           0  
     -1.585827  4.577888  3.109023            0           0           0  
      3.171654  1.831155  3.109023            0           0           0  
      1.585827  4.577888  3.109023            0           0           0  
      1.585827  0.916700  9.347574    -0.000000   -0.000793   -0.014252  
      0.000972  3.661749  9.347574    -0.000689    0.000398   -0.014252  
      4.757481  0.915578  9.331420     0.000003   -0.000002   -0.012035  
      3.170681  3.661749  9.347574     0.000688    0.000399   -0.014250  
      1.585827  0.915578  1.536945            0           0           0  
     -0.000000  3.662310  1.536945            0           0           0  
      4.757481  0.915578  1.536945            0           0           0  
      3.171654  3.662310  1.536945            0           0           0  
      1.585827  0.915578  4.681101            0           0           0  
     -0.000000  3.662310  4.681101            0           0           0  
      4.757481  0.915578  4.681101            0           0           0  
      3.171654  3.662310  4.681101            0           0           0  
      0.000274  1.831313  7.762677     0.004828    0.002785    0.074005  
     -1.585827  4.577888  7.771950     0.000006    0.000001    0.090380  
      3.171380  1.831313  7.762677    -0.004838    0.002784    0.073981  
      1.585827  4.577572  7.762677     0.000000   -0.005571    0.073999  
      0.002782  1.832761 10.951143     0.011558    0.006668    0.007623  
     -1.585827  4.577888 10.935097    -0.000005   -0.000005    0.001211  
      3.168872  1.832761 10.951143    -0.011561    0.006676    0.007633  
      1.585827  4.574676 10.951143     0.000008   -0.013342    0.007618  
      1.585827  2.746733 12.495177     0.000008   -0.000009   -0.081536  
 
   3 f  =   11.417685 THz    71.739431 2PiTHz  380.852979 cm-1    47.219730 meV
             X         Y         Z           dx          dy          dz
      0.000000  1.831155  3.109023            0           0           0  
     -1.585827  4.577888  3.109023            0           0           0  
      3.171654  1.831155  3.109023            0           0           0  
      1.585827  4.577888  3.109023            0           0           0  
      1.585827  0.916700  9.347574     0.000003    0.007709   -0.010160  
      0.000972  3.661749  9.347574     0.006676   -0.003859   -0.010153  
      4.757481  0.915578  9.331420    -0.000010    0.000006   -0.008288  
      3.170681  3.661749  9.347574    -0.006671   -0.003861   -0.010159  
      1.585827  0.915578  1.536945            0           0           0  
     -0.000000  3.662310  1.536945            0           0           0  
      4.757481  0.915578  1.536945            0           0           0  
      3.171654  3.662310  1.536945            0           0           0  
      1.585827  0.915578  4.681101            0           0           0  
     -0.000000  3.662310  4.681101            0           0           0  
      4.757481  0.915578  4.681101            0           0           0  
      3.171654  3.662310  4.681101            0           0           0  
      0.000274  1.831313  7.762677    -0.012994   -0.007515    0.023093  
     -1.585827  4.577888  7.771950    -0.000032   -0.000003   -0.074540  
      3.171380  1.831313  7.762677     0.013017   -0.007494    0.023171  
      1.585827  4.577572  7.762677     0.000021    0.015021    0.023057  
      0.002782  1.832761 10.951143    -0.024606   -0.014199    0.032571  
     -1.585827  4.577888 10.935097    -0.000014   -0.000000    0.118586  
      3.168872  1.832761 10.951143     0.024631   -0.014208    0.032511  
      1.585827  4.574676 10.951143    -0.000005    0.028420    0.032582  
      1.585827  2.746733 12.495177    -0.000033    0.000021    0.047578  
 
   4 f  =   11.030091 THz    69.304103 2PiTHz  367.924217 cm-1    45.616769 meV
             X         Y         Z           dx          dy          dz
      0.000000  1.831155  3.109023            0           0           0  
     -1.585827  4.577888  3.109023            0           0           0  
      3.171654  1.831155  3.109023            0           0           0  
      1.585827  4.577888  3.109023            0           0           0  
      1.585827  0.916700  9.347574     0.000010   -0.008824   -0.010667  
      0.000972  3.661749  9.347574    -0.007624    0.004432   -0.010688  
      4.757481  0.915578  9.331420    -0.000006   -0.000027    0.006226  
      3.170681  3.661749  9.347574     0.007620    0.004423   -0.010693  
      1.585827  0.915578  1.536945            0           0           0  
     -0.000000  3.662310  1.536945            0           0           0  
      4.757481  0.915578  1.536945            0           0           0  
      3.171654  3.662310  1.536945            0           0           0  
      1.585827  0.915578  4.681101            0           0           0  
     -0.000000  3.662310  4.681101            0           0           0  
      4.757481  0.915578  4.681101            0           0           0  
      3.171654  3.662310  4.681101            0           0           0  
      0.000274  1.831313  7.762677     0.014820    0.008602   -0.038079  
     -1.585827  4.577888  7.771950     0.000040   -0.000037    0.093646  
      3.171380  1.831313  7.762677    -0.014826    0.008559   -0.037952  
      1.585827  4.577572  7.762677    -0.000027   -0.017131   -0.037668  
      0.002782  1.832761 10.951143    -0.034737   -0.020076    0.044308  
     -1.585827  4.577888 10.935097     0.000022    0.000021    0.008709  
      3.168872  1.832761 10.951143     0.034722   -0.020093    0.044283  
      1.585827  4.574676 10.951143    -0.000011    0.040142    0.044120  
      1.585827  2.746733 12.495177    -0.000002   -0.000084    0.115714  
 
   5 f  =   11.010942 THz    69.183791 2PiTHz  367.285504 cm-1    45.537578 meV
             X         Y         Z           dx          dy          dz
      0.000000  1.831155  3.109023            0           0           0  
     -1.585827  4.577888  3.109023            0           0           0  
      3.171654  1.831155  3.109023            0           0           0  
      1.585827  4.577888  3.109023            0           0           0  
      1.585827  0.916700  9.347574    -0.007649   -0.002232    0.007245  
      0.000972  3.661749  9.347574     0.004929    0.003511   -0.008053  
      4.757481  0.915578  9.331420     0.007623   -0.010739   -0.000013  
      3.170681  3.661749  9.347574    -0.006379    0.011518    0.000839  
      1.585827  0.915578  1.536945            0           0           0  
     -0.000000  3.662310  1.536945            0           0           0  
      4.757481  0.915578  1.536945            0           0           0  
      3.171654  3.662310  1.536945            0           0           0  
      1.585827  0.915578  4.681101            0           0           0  
     -0.000000  3.662310  4.681101            0           0           0  
      4.757481  0.915578  4.681101            0           0           0  
      3.171654  3.662310  4.681101            0           0           0  
      0.000274  1.831313  7.762677    -0.007726    0.014270    0.011270  
     -1.585827  4.577888  7.771950     0.012129   -0.017041   -0.000190  
      3.171380  1.831313  7.762677     0.007250    0.003653   -0.108857  
      1.585827  4.577572  7.762677    -0.009406   -0.003965    0.097764  
      0.002782  1.832761 10.951143     0.006349   -0.013106   -0.005206  
     -1.585827  4.577888 10.935097    -0.002054    0.002936    0.000054  
      3.168872  1.832761 10.951143    -0.012220    0.000009    0.050148  
      1.585827  4.574676 10.951143     0.008462    0.009433   -0.045053  
      1.585827  2.746733 12.495177     0.025819   -0.036346   -0.000113  
 
   6 f  =   11.010606 THz    69.181675 2PiTHz  367.274268 cm-1    45.536185 meV
             X         Y         Z           dx          dy          dz
      0.000000  1.831155  3.109023            0           0           0  
     -1.585827  4.577888  3.109023            0           0           0  
      3.171654  1.831155  3.109023            0           0           0  
      1.585827  4.577888  3.109023            0           0           0  
      1.585827  0.916700  9.347574    -0.010778    0.001580   -0.005151  
      0.000972  3.661749  9.347574    -0.005026   -0.010983   -0.003716  
      4.757481  0.915578  9.331420     0.010739    0.007615    0.000010  
      3.170681  3.661749  9.347574     0.003004    0.000297    0.008817  
      1.585827  0.915578  1.536945            0           0           0  
     -0.000000  3.662310  1.536945            0           0           0  
      4.757481  0.915578  1.536945            0           0           0  
      3.171654  3.662310  1.536945            0           0           0  
      1.585827  0.915578  4.681101            0           0           0  
     -0.000000  3.662310  4.681101            0           0           0  
      4.757481  0.915578  4.681101            0           0           0  
      3.171654  3.662310  4.681101            0           0           0  
      0.000274  1.831313  7.762677     0.005010    0.001168    0.119250  
     -1.585827  4.577888  7.771950     0.017033    0.012090    0.000115  
      3.171380  1.831313  7.762677    -0.005684   -0.013769   -0.049991  
      1.585827  4.577572  7.762677    -0.013261    0.002790   -0.069423  
      0.002782  1.832761 10.951143    -0.010764   -0.004603   -0.054877  
     -1.585827  4.577888 10.935097    -0.002946   -0.002074    0.000029  
      3.168872  1.832761 10.951143     0.002499    0.013917    0.023068  
      1.585827  4.574676 10.951143     0.011930   -0.006625    0.032004  
      1.585827  2.746733 12.495177     0.036369    0.025785    0.000215  
 
   7 f  =   10.424119 THz    65.496671 2PiTHz  347.711180 cm-1    43.110673 meV
             X         Y         Z           dx          dy          dz
      0.000000  1.831155  3.109023            0           0           0  
     -1.585827  4.577888  3.109023            0           0           0  
      3.171654  1.831155  3.109023            0           0           0  
      1.585827  4.577888  3.109023            0           0           0  
      1.585827  0.916700  9.347574     0.003731   -0.000555    0.011684  
      0.000972  3.661749  9.347574    -0.002574   -0.005457   -0.009990  
      4.757481  0.915578  9.331420     0.001489   -0.003623    0.000025  
      3.170681  3.661749  9.347574     0.004807   -0.008492   -0.001713  
      1.585827  0.915578  1.536945            0           0           0  
     -0.000000  3.662310  1.536945            0           0           0  
      4.757481  0.915578  1.536945            0           0           0  
      3.171654  3.662310  1.536945            0           0           0  
      1.585827  0.915578  4.681101            0           0           0  
     -0.000000  3.662310  4.681101            0           0           0  
      4.757481  0.915578  4.681101            0           0           0  
      3.171654  3.662310  4.681101            0           0           0  
      0.000274  1.831313  7.762677    -0.043857    0.073291    0.005955  
     -1.585827  4.577888  7.771950     0.024889   -0.061013   -0.000114  
      3.171380  1.831313  7.762677     0.033852    0.041431    0.034928  
      1.585827  4.577572  7.762677    -0.032656   -0.010549   -0.040771  
      0.002782  1.832761 10.951143     0.020030   -0.017989    0.002488  
     -1.585827  4.577888 10.935097    -0.012165    0.029608   -0.000036  
      3.168872  1.832761 10.951143    -0.050487    0.010906    0.014512  
      1.585827  4.574676 10.951143     0.009763    0.057544   -0.017002  
      1.585827  2.746733 12.495177     0.035919   -0.087743    0.000035  
 
   8 f  =   10.423987 THz    65.495844 2PiTHz  347.706790 cm-1    43.110128 meV
             X         Y         Z           dx          dy          dz
      0.000000  1.831155  3.109023            0           0           0  
     -1.585827  4.577888  3.109023            0           0           0  
      3.171654  1.831155  3.109023            0           0           0  
      1.585827  4.577888  3.109023            0           0           0  
      1.585827  0.916700  9.347574     0.009097    0.000230   -0.004778  
      0.000972  3.661749  9.347574     0.004205    0.006553   -0.007734  
      4.757481  0.915578  9.331420     0.003609    0.001484   -0.000021  
      3.170681  3.661749  9.347574     0.001182   -0.000843    0.012534  
      1.585827  0.915578  1.536945            0           0           0  
     -0.000000  3.662310  1.536945            0           0           0  
      4.757481  0.915578  1.536945            0           0           0  
      3.171654  3.662310  1.536945            0           0           0  
      1.585827  0.915578  4.681101            0           0           0  
     -0.000000  3.662310  4.681101            0           0           0  
      4.757481  0.915578  4.681101            0           0           0  
      3.171654  3.662310  4.681101            0           0           0  
      0.000274  1.831313  7.762677     0.003670    0.015569   -0.043685  
     -1.585827  4.577888  7.771950     0.061107    0.024951    0.000016  
      3.171380  1.831313  7.762677    -0.027993   -0.062557    0.026987  
      1.585827  4.577572  7.762677    -0.079844    0.004367    0.016685  
      0.002782  1.832761 10.951143    -0.051539   -0.033767   -0.018175  
     -1.585827  4.577888 10.935097    -0.029608   -0.012147    0.000025  
      3.168872  1.832761 10.951143    -0.022680    0.036686    0.011218  
      1.585827  4.574676 10.951143     0.023877   -0.023561    0.006939  
      1.585827  2.746733 12.495177     0.087621    0.035903   -0.000053  
 
   9 f  =   10.374570 THz    65.185343 2PiTHz  346.058389 cm-1    42.905753 meV
             X         Y         Z           dx          dy          dz
      0.000000  1.831155  3.109023            0           0           0  
     -1.585827  4.577888  3.109023            0           0           0  
      3.171654  1.831155  3.109023            0           0           0  
      1.585827  4.577888  3.109023            0           0           0  
      1.585827  0.916700  9.347574    -0.000991   -0.005008    0.003392  
      0.000972  3.661749  9.347574    -0.004901    0.001747    0.003287  
      4.757481  0.915578  9.331420    -0.001931   -0.000967   -0.013084  
      3.170681  3.661749  9.347574     0.003163    0.001889    0.004229  
      1.585827  0.915578  1.536945            0           0           0  
     -0.000000  3.662310  1.536945            0           0           0  
      4.757481  0.915578  1.536945            0           0           0  
      3.171654  3.662310  1.536945            0           0           0  
      1.585827  0.915578  4.681101            0           0           0  
     -0.000000  3.662310  4.681101            0           0           0  
      4.757481  0.915578  4.681101            0           0           0  
      3.171654  3.662310  4.681101            0           0           0  
      0.000274  1.831313  7.762677    -0.075234   -0.042870   -0.012826  
     -1.585827  4.577888  7.771950     0.010396    0.004970    0.043869  
      3.171380  1.831313  7.762677     0.082904   -0.052695   -0.013217  
      1.585827  4.577572  7.762677    -0.004671    0.097269   -0.013343  
      0.002782  1.832761 10.951143     0.009930    0.005863    0.003148  
     -1.585827  4.577888 10.935097     0.006033    0.003031    0.005895  
      3.168872  1.832761 10.951143     0.001966   -0.003725    0.001607  
      1.585827  4.574676 10.951143    -0.002354    0.002731    0.001602  
      1.585827  2.746733 12.495177    -0.010166   -0.005294   -0.018066  
 
  10 f  =   10.372119 THz    65.169948 2PiTHz  345.976662 cm-1    42.895620 meV
             X         Y         Z           dx          dy          dz
      0.000000  1.831155  3.109023            0           0           0  
     -1.585827  4.577888  3.109023            0           0           0  
      3.171654  1.831155  3.109023            0           0           0  
      1.585827  4.577888  3.109023            0           0           0  
      1.585827  0.916700  9.347574    -0.006308   -0.003860   -0.003501  
      0.000972  3.661749  9.347574    -0.005408   -0.005821   -0.002074  
      4.757481  0.915578  9.331420    -0.012541   -0.010538    0.001677  
      3.170681  3.661749  9.347574    -0.005700   -0.004952    0.004182  
      1.585827  0.915578  1.536945            0           0           0  
     -0.000000  3.662310  1.536945            0           0           0  
      4.757481  0.915578  1.536945            0           0           0  
      3.171654  3.662310  1.536945            0           0           0  
      1.585827  0.915578  4.681101            0           0           0  
     -0.000000  3.662310  4.681101            0           0           0  
      4.757481  0.915578  4.681101            0           0           0  
      3.171654  3.662310  4.681101            0           0           0  
      0.000274  1.831313  7.762677     0.062025    0.027708    0.003220  
     -1.585827  4.577888  7.771950     0.067358    0.056611   -0.005657  
      3.171380  1.831313  7.762677    -0.012679   -0.036332    0.001181  
      1.585827  4.577572  7.762677    -0.030765    0.024250    0.000682  
      0.002782  1.832761 10.951143     0.064380    0.033140    0.007646  
     -1.585827  4.577888 10.935097     0.038664    0.032495   -0.000764  
      3.168872  1.832761 10.951143     0.012591   -0.028907   -0.003019  
      1.585827  4.574676 10.951143    -0.015233    0.047625   -0.005444  
      1.585827  2.746733 12.495177    -0.066095   -0.055572    0.002276  
 
  11 f  =   10.371786 THz    65.167854 2PiTHz  345.965545 cm-1    42.894241 meV
             X         Y         Z           dx          dy          dz
      0.000000  1.831155  3.109023            0           0           0  
     -1.585827  4.577888  3.109023            0           0           0  
      3.171654  1.831155  3.109023            0           0           0  
      1.585827  4.577888  3.109023            0           0           0  
      1.585827  0.916700  9.347574     0.005332   -0.005500   -0.003550  
      0.000972  3.661749  9.347574     0.004115   -0.005669    0.004580  
      4.757481  0.915578  9.331420     0.010577   -0.012672   -0.000406  
      3.170681  3.661749  9.347574     0.005242   -0.006403   -0.000693  
      1.585827  0.915578  1.536945            0           0           0  
     -0.000000  3.662310  1.536945            0           0           0  
      4.757481  0.915578  1.536945            0           0           0  
      3.171654  3.662310  1.536945            0           0           0  
      1.585827  0.915578  4.681101            0           0           0  
     -0.000000  3.662310  4.681101            0           0           0  
      4.757481  0.915578  4.681101            0           0           0  
      3.171654  3.662310  4.681101            0           0           0  
      0.000274  1.831313  7.762677     0.009066   -0.040937   -0.000719  
     -1.585827  4.577888  7.771950    -0.056755    0.068132    0.001365  
      3.171380  1.831313  7.762677    -0.050719    0.013013    0.001029  
      1.585827  4.577572  7.762677     0.025940    0.046555   -0.001556  
      0.002782  1.832761 10.951143    -0.001087   -0.023454   -0.001295  
     -1.585827  4.577888 10.935097    -0.032590    0.039050    0.000188  
      3.168872  1.832761 10.951143    -0.063869    0.028863    0.007643  
      1.585827  4.574676 10.951143     0.012861    0.056921   -0.006139  
      1.585827  2.746733 12.495177     0.055733   -0.066780   -0.000538  
 
  12 f  =    9.944049 THz    62.480301 2PiTHz  331.697763 cm-1    41.125263 meV
             X         Y         Z           dx          dy          dz
      0.000000  1.831155  3.109023            0           0           0  
     -1.585827  4.577888  3.109023            0           0           0  
      3.171654  1.831155  3.109023            0           0           0  
      1.585827  4.577888  3.109023            0           0           0  
      1.585827  0.916700  9.347574    -0.004175    0.005913   -0.004315  
      0.000972  3.661749  9.347574    -0.015782    0.008116    0.012948  
      4.757481  0.915578  9.331420     0.004668   -0.001612    0.000003  
      3.170681  3.661749  9.347574    -0.011932   -0.003000   -0.008636  
      1.585827  0.915578  1.536945            0           0           0  
     -0.000000  3.662310  1.536945            0           0           0  
      4.757481  0.915578  1.536945            0           0           0  
      3.171654  3.662310  1.536945            0           0           0  
      1.585827  0.915578  4.681101            0           0           0  
     -0.000000  3.662310  4.681101            0           0           0  
      4.757481  0.915578  4.681101            0           0           0  
      3.171654  3.662310  4.681101            0           0           0  
      0.000274  1.831313  7.762677     0.013272   -0.026810   -0.016296  
     -1.585827  4.577888  7.771950     0.031779   -0.011007   -0.000062  
      3.171380  1.831313  7.762677     0.001125    0.007923    0.024497  
      1.585827  4.577572  7.762677     0.037508    0.000926   -0.008151  
      0.002782  1.832761 10.951143    -0.023130   -0.011417   -0.033232  
     -1.585827  4.577888 10.935097     0.112107   -0.038800   -0.000017  
      3.168872  1.832761 10.951143    -0.033606    0.018894    0.049853  
      1.585827  4.574676 10.951143    -0.001978    0.012834   -0.016582  
      1.585827  2.746733 12.495177     0.087840   -0.030360   -0.000023  
 
  13 f  =    9.943706 THz    62.478150 2PiTHz  331.686341 cm-1    41.123847 meV
             X         Y         Z           dx          dy          dz
      0.000000  1.831155  3.109023            0           0           0  
     -1.585827  4.577888  3.109023            0           0           0  
      3.171654  1.831155  3.109023            0           0           0  
      1.585827  4.577888  3.109023            0           0           0  
      1.585827  0.916700  9.347574     0.001432    0.017063   -0.012463  
      0.000972  3.661749  9.347574    -0.000775    0.005494    0.002498  
      4.757481  0.915578  9.331420    -0.001616   -0.004672    0.000000  
      3.170681  3.661749  9.347574     0.010367    0.009330    0.009967  
      1.585827  0.915578  1.536945            0           0           0  
     -0.000000  3.662310  1.536945            0           0           0  
      4.757481  0.915578  1.536945            0           0           0  
      3.171654  3.662310  1.536945            0           0           0  
      1.585827  0.915578  4.681101            0           0           0  
     -0.000000  3.662310  4.681101            0           0           0  
      4.757481  0.915578  4.681101            0           0           0  
      3.171654  3.662310  4.681101            0           0           0  
      0.000274  1.831313  7.762677     0.014939   -0.021405    0.018800  
     -1.585827  4.577888  7.771950    -0.010994   -0.031774    0.000011  
      3.171380  1.831313  7.762677    -0.019895   -0.033359    0.004687  
      1.585827  4.577572  7.762677    -0.012989    0.002823   -0.023520  
      0.002782  1.832761 10.951143     0.025022    0.016046    0.038345  
     -1.585827  4.577888 10.935097    -0.038799   -0.112142    0.000001  
      3.168872  1.832761 10.951143    -0.005325    0.005583    0.009623  
      1.585827  4.574676 10.951143     0.000670    0.037101   -0.047957  
      1.585827  2.746733 12.495177    -0.030422   -0.087790   -0.000003  
 
  14 f  =    9.665827 THz    60.732184 2PiTHz  322.417295 cm-1    39.974632 meV
             X         Y         Z           dx          dy          dz
      0.000000  1.831155  3.109023            0           0           0  
     -1.585827  4.577888  3.109023            0           0           0  
      3.171654  1.831155  3.109023            0           0           0  
      1.585827  4.577888  3.109023            0           0           0  
      1.585827  0.916700  9.347574     0.018886   -0.000010   -0.000012  
      0.000972  3.661749  9.347574    -0.009431   -0.016352   -0.000013  
      4.757481  0.915578  9.331420    -0.000039    0.000038   -0.000005  
      3.170681  3.661749  9.347574    -0.009468    0.016396    0.000029  
      1.585827  0.915578  1.536945            0           0           0  
     -0.000000  3.662310  1.536945            0           0           0  
      4.757481  0.915578  1.536945            0           0           0  
      3.171654  3.662310  1.536945            0           0           0  
      1.585827  0.915578  4.681101            0           0           0  
     -0.000000  3.662310  4.681101            0           0           0  
      4.757481  0.915578  4.681101            0           0           0  
      3.171654  3.662310  4.681101            0           0           0  
      0.000274  1.831313  7.762677    -0.038352    0.066391    0.000042  
     -1.585827  4.577888  7.771950    -0.000019    0.000100   -0.000030  
      3.171380  1.831313  7.762677    -0.038172   -0.066532    0.000078  
      1.585827  4.577572  7.762677     0.076721   -0.000214   -0.000092  
      0.002782  1.832761 10.951143    -0.024732    0.042887    0.000139  
     -1.585827  4.577888 10.935097    -0.000219    0.000028   -0.000032  
      3.168872  1.832761 10.951143    -0.024772   -0.043024    0.000050  
      1.585827  4.574676 10.951143     0.049779   -0.000015   -0.000146  
      1.585827  2.746733 12.495177    -0.000002   -0.000155    0.000005  
 
  15 f  =    9.598114 THz    60.306731 2PiTHz  320.158630 cm-1    39.694593 meV
             X         Y         Z           dx          dy          dz
      0.000000  1.831155  3.109023            0           0           0  
     -1.585827  4.577888  3.109023            0           0           0  
      3.171654  1.831155  3.109023            0           0           0  
      1.585827  4.577888  3.109023            0           0           0  
      1.585827  0.916700  9.347574    -0.003136   -0.004308   -0.002860  
      0.000972  3.661749  9.347574     0.008313    0.008518    0.001932  
      4.757481  0.915578  9.331420    -0.003271    0.015956    0.000021  
      3.170681  3.661749  9.347574    -0.008478    0.011884    0.000921  
      1.585827  0.915578  1.536945            0           0           0  
     -0.000000  3.662310  1.536945            0           0           0  
      4.757481  0.915578  1.536945            0           0           0  
      3.171654  3.662310  1.536945            0           0           0  
      1.585827  0.915578  4.681101            0           0           0  
     -0.000000  3.662310  4.681101            0           0           0  
      4.757481  0.915578  4.681101            0           0           0  
      3.171654  3.662310  4.681101            0           0           0  
      0.000274  1.831313  7.762677    -0.013440   -0.034214    0.009407  
     -1.585827  4.577888  7.771950    -0.010052    0.048989    0.000091  
      3.171380  1.831313  7.762677     0.043507   -0.045581    0.019763  
      1.585827  4.577572  7.762677     0.004616   -0.089264   -0.029271  
      0.002782  1.832761 10.951143     0.021433   -0.043454    0.016296  
     -1.585827  4.577888 10.935097    -0.007721    0.037615    0.000179  
      3.168872  1.832761 10.951143    -0.013144   -0.036169    0.034424  
      1.585827  4.574676 10.951143     0.010101   -0.009966   -0.050957  
      1.585827  2.746733 12.495177     0.011333   -0.055230   -0.000032  
 
  16 f  =    9.597806 THz    60.304794 2PiTHz  320.148347 cm-1    39.693318 meV
             X         Y         Z           dx          dy          dz
      0.000000  1.831155  3.109023            0           0           0  
     -1.585827  4.577888  3.109023            0           0           0  
      3.171654  1.831155  3.109023            0           0           0  
      1.585827  4.577888  3.109023            0           0           0  
      1.585827  0.916700  9.347574     0.015040   -0.000860   -0.000581  
      0.000972  3.661749  9.347574     0.002196    0.010487   -0.002213  
      4.757481  0.915578  9.331420     0.015941    0.003280    0.000020  
      3.170681  3.661749  9.347574    -0.001258   -0.006291    0.002789  
      1.585827  0.915578  1.536945            0           0           0  
     -0.000000  3.662310  1.536945            0           0           0  
      4.757481  0.915578  1.536945            0           0           0  
      3.171654  3.662310  1.536945            0           0           0  
      1.585827  0.915578  4.681101            0           0           0  
     -0.000000  3.662310  4.681101            0           0           0  
      4.757481  0.915578  4.681101            0           0           0  
      3.171654  3.662310  4.681101            0           0           0  
      0.000274  1.831313  7.762677    -0.078648   -0.036727    0.028286  
     -1.585827  4.577888  7.771950     0.049190    0.009986    0.000118  
      3.171380  1.831313  7.762677    -0.066985    0.020290   -0.022368  
      1.585827  4.577572  7.762677    -0.023239   -0.018310   -0.006051  
      0.002782  1.832761 10.951143    -0.016241    0.008996    0.049285  
     -1.585827  4.577888 10.935097     0.037561    0.007722    0.000245  
      3.168872  1.832761 10.951143    -0.023449   -0.025385   -0.039087  
      1.585827  4.574676 10.951143    -0.049556   -0.002099   -0.010518  
      1.585827  2.746733 12.495177    -0.055244   -0.011314    0.000006  
 
  17 f  =    9.571400 THz    60.138882 2PiTHz  319.267548 cm-1    39.584113 meV
             X         Y         Z           dx          dy          dz
      0.000000  1.831155  3.109023            0           0           0  
     -1.585827  4.577888  3.109023            0           0           0  
      3.171654  1.831155  3.109023            0           0           0  
      1.585827  4.577888  3.109023            0           0           0  
      1.585827  0.916700  9.347574     0.000012   -0.005777    0.001580  
      0.000972  3.661749  9.347574    -0.004997    0.002935    0.001571  
      4.757481  0.915578  9.331420     0.000024    0.000033   -0.013714  
      3.170681  3.661749  9.347574     0.004977    0.002887    0.001604  
      1.585827  0.915578  1.536945            0           0           0  
     -0.000000  3.662310  1.536945            0           0           0  
      4.757481  0.915578  1.536945            0           0           0  
      3.171654  3.662310  1.536945            0           0           0  
      1.585827  0.915578  4.681101            0           0           0  
     -0.000000  3.662310  4.681101            0           0           0  
      4.757481  0.915578  4.681101            0           0           0  
      3.171654  3.662310  4.681101            0           0           0  
      0.000274  1.831313  7.762677    -0.008323   -0.004920    0.024066  
     -1.585827  4.577888  7.771950     0.000159    0.000077   -0.063659  
      3.171380  1.831313  7.762677     0.008085   -0.004703    0.023964  
      1.585827  4.577572  7.762677     0.000023    0.009261    0.023935  
      0.002782  1.832761 10.951143    -0.021183   -0.012386    0.052559  
     -1.585827  4.577888 10.935097    -0.000016    0.000084   -0.115730  
      3.168872  1.832761 10.951143     0.021209   -0.012323    0.052315  
      1.585827  4.574676 10.951143    -0.000014    0.024479    0.052326  
      1.585827  2.746733 12.495177    -0.000129   -0.000067    0.007153  
 
  18 f  =    9.485781 THz    59.600920 2PiTHz  316.411594 cm-1    39.230020 meV
             X         Y         Z           dx          dy          dz
      0.000000  1.831155  3.109023            0           0           0  
     -1.585827  4.577888  3.109023            0           0           0  
      3.171654  1.831155  3.109023            0           0           0  
      1.585827  4.577888  3.109023            0           0           0  
      1.585827  0.916700  9.347574     0.002210   -0.017267   -0.010761  
      0.000972  3.661749  9.347574     0.011205   -0.010389    0.009306  
      4.757481  0.915578  9.331420     0.001342   -0.003122   -0.000014  
      3.170681  3.661749  9.347574     0.000776   -0.006030    0.001459  
      1.585827  0.915578  1.536945            0           0           0  
     -0.000000  3.662310  1.536945            0           0           0  
      4.757481  0.915578  1.536945            0           0           0  
      3.171654  3.662310  1.536945            0           0           0  
      1.585827  0.915578  4.681101            0           0           0  
     -0.000000  3.662310  4.681101            0           0           0  
      4.757481  0.915578  4.681101            0           0           0  
      3.171654  3.662310  4.681101            0           0           0  
      0.000274  1.831313  7.762677    -0.032856    0.052266    0.000748  
     -1.585827  4.577888  7.771950    -0.029139    0.069546   -0.000048  
      3.171380  1.831313  7.762677     0.030447    0.025772    0.004584  
      1.585827  4.577572  7.762677    -0.024117   -0.015778   -0.005270  
      0.002782  1.832761 10.951143    -0.041670    0.071706    0.005705  
     -1.585827  4.577888 10.935097     0.013330   -0.031576   -0.000083  
      3.168872  1.832761 10.951143     0.026595    0.042944    0.035713  
      1.585827  4.574676 10.951143    -0.032503   -0.001746   -0.041300  
      1.585827  2.746733 12.495177     0.002865   -0.007120    0.000011  
 
  19 f  =    9.485514 THz    59.599243 2PiTHz  316.402693 cm-1    39.228917 meV
             X         Y         Z           dx          dy          dz
      0.000000  1.831155  3.109023            0           0           0  
     -1.585827  4.577888  3.109023            0           0           0  
      3.171654  1.831155  3.109023            0           0           0  
      1.585827  4.577888  3.109023            0           0           0  
      1.585827  0.916700  9.347574    -0.005249   -0.007250   -0.004523  
      0.000972  3.661749  9.347574    -0.012039    0.001752   -0.007055  
      4.757481  0.915578  9.331420    -0.003164   -0.001316    0.000021  
      3.170681  3.661749  9.347574    -0.016428   -0.008683    0.011569  
      1.585827  0.915578  1.536945            0           0           0  
     -0.000000  3.662310  1.536945            0           0           0  
      4.757481  0.915578  1.536945            0           0           0  
      3.171654  3.662310  1.536945            0           0           0  
      1.585827  0.915578  4.681101            0           0           0  
     -0.000000  3.662310  4.681101            0           0           0  
      4.757481  0.915578  4.681101            0           0           0  
      3.171654  3.662310  4.681101            0           0           0  
      0.000274  1.831313  7.762677    -0.010570   -0.015216    0.005608  
     -1.585827  4.577888  7.771950     0.069362    0.029196    0.000065  
      3.171380  1.831313  7.762677     0.016018    0.048117   -0.003451  
      1.585827  4.577572  7.762677     0.057278   -0.006614   -0.002242  
      0.002782  1.832761 10.951143     0.003629   -0.010052    0.044364  
     -1.585827  4.577888 10.935097    -0.031673   -0.013280    0.000104  
      3.168872  1.832761 10.951143     0.032305    0.058340   -0.027100  
      1.585827  4.574676 10.951143     0.077134   -0.000758   -0.017409  
      1.585827  2.746733 12.495177    -0.006970   -0.002984    0.000010  
 
  20 f  =    9.231028 THz    58.000258 2PiTHz  307.913941 cm-1    38.176446 meV
             X         Y         Z           dx          dy          dz
      0.000000  1.831155  3.109023            0           0           0  
     -1.585827  4.577888  3.109023            0           0           0  
      3.171654  1.831155  3.109023            0           0           0  
      1.585827  4.577888  3.109023            0           0           0  
      1.585827  0.916700  9.347574    -0.003936   -0.000431   -0.001295  
      0.000972  3.661749  9.347574     0.001657   -0.002652    0.008292  
      4.757481  0.915578  9.331420     0.005144   -0.000758   -0.000000  
      3.170681  3.661749  9.347574     0.000780    0.003303   -0.006996  
      1.585827  0.915578  1.536945            0           0           0  
     -0.000000  3.662310  1.536945            0           0           0  
      4.757481  0.915578  1.536945            0           0           0  
      3.171654  3.662310  1.536945            0           0           0  
      1.585827  0.915578  4.681101            0           0           0  
     -0.000000  3.662310  4.681101            0           0           0  
      4.757481  0.915578  4.681101            0           0           0  
      3.171654  3.662310  4.681101            0           0           0  
      0.000274  1.831313  7.762677    -0.041154   -0.031398   -0.027272  
     -1.585827  4.577888  7.771950     0.046735   -0.006896   -0.000006  
      3.171380  1.831313  7.762677    -0.050805    0.033830    0.032339  
      1.585827  4.577572  7.762677     0.010536    0.009538   -0.005070  
      0.002782  1.832761 10.951143     0.037913    0.027847   -0.064716  
     -1.585827  4.577888 10.935097    -0.061109    0.009038    0.000021  
      3.168872  1.832761 10.951143     0.046469   -0.030381    0.076707  
      1.585827  4.574676 10.951143    -0.008235   -0.008689   -0.012012  
      1.585827  2.746733 12.495177    -0.006491    0.000974    0.000003  
 
  21 f  =    9.230763 THz    57.998593 2PiTHz  307.905105 cm-1    38.175350 meV
             X         Y         Z           dx          dy          dz
      0.000000  1.831155  3.109023            0           0           0  
     -1.585827  4.577888  3.109023            0           0           0  
      3.171654  1.831155  3.109023            0           0           0  
      1.585827  4.577888  3.109023            0           0           0  
      1.585827  0.916700  9.347574    -0.000580    0.002951    0.008831  
      0.000972  3.661749  9.347574    -0.002805   -0.002653   -0.003294  
      4.757481  0.915578  9.331420     0.000758    0.005140    0.000003  
      3.170681  3.661749  9.347574     0.003158   -0.001775   -0.005543  
      1.585827  0.915578  1.536945            0           0           0  
     -0.000000  3.662310  1.536945            0           0           0  
      4.757481  0.915578  1.536945            0           0           0  
      3.171654  3.662310  1.536945            0           0           0  
      1.585827  0.915578  4.681101            0           0           0  
     -0.000000  3.662310  4.681101            0           0           0  
      4.757481  0.915578  4.681101            0           0           0  
      3.171654  3.662310  4.681101            0           0           0  
      0.000274  1.831313  7.762677    -0.039365   -0.013103   -0.021602  
     -1.585827  4.577888  7.771950     0.006899    0.046712    0.000011  
      3.171380  1.831313  7.762677     0.025807   -0.003533   -0.012833  
      1.585827  4.577572  7.762677     0.001576   -0.064773    0.034427  
      0.002782  1.832761 10.951143     0.035351    0.012806   -0.051265  
     -1.585827  4.577888 10.935097    -0.008985   -0.061085   -0.000001  
      3.168872  1.832761 10.951143    -0.022909    0.004254   -0.030421  
      1.585827  4.574676 10.951143    -0.001228    0.059001    0.081698  
      1.585827  2.746733 12.495177    -0.000946   -0.006469    0.000015  
 
  22 f  =    8.997421 THz    56.532462 2PiTHz  300.121654 cm-1    37.210326 meV
             X         Y         Z           dx          dy          dz
      0.000000  1.831155  3.109023            0           0           0  
     -1.585827  4.577888  3.109023            0           0           0  
      3.171654  1.831155  3.109023            0           0           0  
      1.585827  4.577888  3.109023            0           0           0  
      1.585827  0.916700  9.347574    -0.004057    0.000001   -0.000001  
      0.000972  3.661749  9.347574     0.002021    0.003508   -0.000006  
      4.757481  0.915578  9.331420    -0.000004   -0.000001    0.000003  
      3.170681  3.661749  9.347574     0.002018   -0.003508    0.000006  
      1.585827  0.915578  1.536945            0           0           0  
     -0.000000  3.662310  1.536945            0           0           0  
      4.757481  0.915578  1.536945            0           0           0  
      3.171654  3.662310  1.536945            0           0           0  
      1.585827  0.915578  4.681101            0           0           0  
     -0.000000  3.662310  4.681101            0           0           0  
      4.757481  0.915578  4.681101            0           0           0  
      3.171654  3.662310  4.681101            0           0           0  
      0.000274  1.831313  7.762677    -0.029527    0.051197    0.000006  
     -1.585827  4.577888  7.771950     0.000027   -0.000013    0.000010  
      3.171380  1.831313  7.762677    -0.029542   -0.051186   -0.000010  
      1.585827  4.577572  7.762677     0.059159    0.000015   -0.000010  
      0.002782  1.832761 10.951143     0.041249   -0.071472    0.000013  
     -1.585827  4.577888 10.935097    -0.000027    0.000021    0.000015  
      3.168872  1.832761 10.951143     0.041250    0.071453   -0.000010  
      1.585827  4.574676 10.951143    -0.082468   -0.000017   -0.000024  
      1.585827  2.746733 12.495177     0.000019    0.000004   -0.000009  
 
  23 f  =    8.373500 THz    52.612251 2PiTHz  279.309890 cm-1    34.629997 meV
             X         Y         Z           dx          dy          dz
      0.000000  1.831155  3.109023            0           0           0  
     -1.585827  4.577888  3.109023            0           0           0  
      3.171654  1.831155  3.109023            0           0           0  
      1.585827  4.577888  3.109023            0           0           0  
      1.585827  0.916700  9.347574     0.000734    0.002684    0.001330  
      0.000972  3.661749  9.347574     0.001312    0.000421    0.000464  
      4.757481  0.915578  9.331420    -0.001288   -0.001319    0.000001  
      3.170681  3.661749  9.347574     0.002982    0.002050   -0.001796  
      1.585827  0.915578  1.536945            0           0           0  
     -0.000000  3.662310  1.536945            0           0           0  
      4.757481  0.915578  1.536945            0           0           0  
      3.171654  3.662310  1.536945            0           0           0  
      1.585827  0.915578  4.681101            0           0           0  
     -0.000000  3.662310  4.681101            0           0           0  
      4.757481  0.915578  4.681101            0           0           0  
      3.171654  3.662310  4.681101            0           0           0  
      0.000274  1.831313  7.762677     0.029268    0.034986    0.006559  
     -1.585827  4.577888  7.771950     0.044938    0.046097   -0.000003  
      3.171380  1.831313  7.762677     0.037509    0.043056   -0.001670  
      1.585827  4.577572  7.762677     0.040339    0.031877   -0.004887  
      0.002782  1.832761 10.951143    -0.020811   -0.039714    0.006980  
     -1.585827  4.577888 10.935097    -0.045159   -0.046333    0.000001  
      3.168872  1.832761 10.951143    -0.051289   -0.069445   -0.001777  
      1.585827  4.574676 10.951143    -0.061771   -0.028194   -0.005204  
      1.585827  2.746733 12.495177     0.032304    0.033132    0.000001  
 
  24 f  =    8.373333 THz    52.611203 2PiTHz  279.304327 cm-1    34.629308 meV
             X         Y         Z           dx          dy          dz
      0.000000  1.831155  3.109023            0           0           0  
     -1.585827  4.577888  3.109023            0           0           0  
      3.171654  1.831155  3.109023            0           0           0  
      1.585827  4.577888  3.109023            0           0           0  
      1.585827  0.916700  9.347574     0.000755   -0.002616   -0.001300  
      0.000972  3.661749  9.347574     0.003018   -0.002039    0.001807  
      4.757481  0.915578  9.331420    -0.001322    0.001287    0.000003  
      3.170681  3.661749  9.347574     0.001388   -0.000369   -0.000506  
      1.585827  0.915578  1.536945            0           0           0  
     -0.000000  3.662310  1.536945            0           0           0  
      4.757481  0.915578  1.536945            0           0           0  
      3.171654  3.662310  1.536945            0           0           0  
      1.585827  0.915578  4.681101            0           0           0  
     -0.000000  3.662310  4.681101            0           0           0  
      4.757481  0.915578  4.681101            0           0           0  
      3.171654  3.662310  4.681101            0           0           0  
      0.000274  1.831313  7.762677     0.038281   -0.042148    0.001842  
     -1.585827  4.577888  7.771950     0.046105   -0.044929   -0.000000  
      3.171380  1.831313  7.762677     0.030236   -0.033903   -0.006591  
      1.585827  4.577572  7.762677     0.041380   -0.031086    0.004754  
      0.002782  1.832761 10.951143    -0.051849    0.068453    0.001966  
     -1.585827  4.577888 10.935097    -0.046313    0.045151   -0.000001  
      3.168872  1.832761 10.951143    -0.022131    0.037945   -0.007037  
      1.585827  4.574676 10.951143    -0.063392    0.027483    0.005060  
      1.585827  2.746733 12.495177     0.033121   -0.032304   -0.000034  
 
  25 f  =    7.360501 THz    46.247394 2PiTHz  245.519898 cm-1    30.440574 meV
             X         Y         Z           dx          dy          dz
      0.000000  1.831155  3.109023            0           0           0  
     -1.585827  4.577888  3.109023            0           0           0  
      3.171654  1.831155  3.109023            0           0           0  
      1.585827  4.577888  3.109023            0           0           0  
      1.585827  0.916700  9.347574    -0.000001   -0.001585   -0.000322  
      0.000972  3.661749  9.347574    -0.001374    0.000797   -0.000322  
      4.757481  0.915578  9.331420    -0.000004    0.000002   -0.018035  
      3.170681  3.661749  9.347574     0.001372    0.000794   -0.000324  
      1.585827  0.915578  1.536945            0           0           0  
     -0.000000  3.662310  1.536945            0           0           0  
      4.757481  0.915578  1.536945            0           0           0  
      3.171654  3.662310  1.536945            0           0           0  
      1.585827  0.915578  4.681101            0           0           0  
     -0.000000  3.662310  4.681101            0           0           0  
      4.757481  0.915578  4.681101            0           0           0  
      3.171654  3.662310  4.681101            0           0           0  
      0.000274  1.831313  7.762677     0.000774    0.000433    0.006957  
     -1.585827  4.577888  7.771950     0.000007   -0.000006   -0.003280  
      3.171380  1.831313  7.762677    -0.000751    0.000425    0.006967  
      1.585827  4.577572  7.762677     0.000008   -0.000885    0.006963  
      0.002782  1.832761 10.951143     0.051131    0.029524    0.008893  
     -1.585827  4.577888 10.935097     0.000003    0.000003   -0.002059  
      3.168872  1.832761 10.951143    -0.051132    0.029527    0.008897  
      1.585827  4.574676 10.951143    -0.000006   -0.059040    0.008895  
      1.585827  2.746733 12.495177     0.000011   -0.000036    0.290254  
 
  26 f  =    5.883632 THz    36.967951 2PiTHz  196.256844 cm-1    24.332737 meV
             X         Y         Z           dx          dy          dz
      0.000000  1.831155  3.109023            0           0           0  
     -1.585827  4.577888  3.109023            0           0           0  
      3.171654  1.831155  3.109023            0           0           0  
      1.585827  4.577888  3.109023            0           0           0  
      1.585827  0.916700  9.347574     0.000682   -0.003004    0.003994  
      0.000972  3.661749  9.347574     0.002701   -0.002099   -0.004506  
      4.757481  0.915578  9.331420    -0.013439    0.018529   -0.000001  
      3.170681  3.661749  9.347574     0.000906   -0.000797    0.000512  
      1.585827  0.915578  1.536945            0           0           0  
     -0.000000  3.662310  1.536945            0           0           0  
      4.757481  0.915578  1.536945            0           0           0  
      3.171654  3.662310  1.536945            0           0           0  
      1.585827  0.915578  4.681101            0           0           0  
     -0.000000  3.662310  4.681101            0           0           0  
      4.757481  0.915578  4.681101            0           0           0  
      3.171654  3.662310  4.681101            0           0           0  
      0.000274  1.831313  7.762677    -0.003499    0.001512    0.001116  
     -1.585827  4.577888  7.771950    -0.003230    0.004434    0.000002  
      3.171380  1.831313  7.762677    -0.016720    0.011111   -0.009821  
      1.585827  4.577572  7.762677    -0.001822    0.017767    0.008702  
      0.002782  1.832761 10.951143    -0.000886    0.011056    0.003002  
     -1.585827  4.577888 10.935097     0.004428   -0.006113   -0.000004  
      3.168872  1.832761 10.951143     0.038375   -0.017406   -0.026473  
      1.585827  4.574676 10.951143    -0.005922   -0.037157    0.023473  
      1.585827  2.746733 12.495177     0.187407   -0.258362   -0.000020  
 
  27 f  =    5.883407 THz    36.966538 2PiTHz  196.249339 cm-1    24.331806 meV
             X         Y         Z           dx          dy          dz
      0.000000  1.831155  3.109023            0           0           0  
     -1.585827  4.577888  3.109023            0           0           0  
      3.171654  1.831155  3.109023            0           0           0  
      1.585827  4.577888  3.109023            0           0           0  
      1.585827  0.916700  9.347574     0.000938    0.002178   -0.002899  
      0.000972  3.661749  9.347574     0.001837    0.000154   -0.002012  
      4.757481  0.915578  9.331420    -0.018528   -0.013440   -0.000001  
      3.170681  3.661749  9.347574     0.003134    0.001947    0.004912  
      1.585827  0.915578  1.536945            0           0           0  
     -0.000000  3.662310  1.536945            0           0           0  
      4.757481  0.915578  1.536945            0           0           0  
      3.171654  3.662310  1.536945            0           0           0  
      1.585827  0.915578  4.681101            0           0           0  
     -0.000000  3.662310  4.681101            0           0           0  
      4.757481  0.915578  4.681101            0           0           0  
      3.171654  3.662310  4.681101            0           0           0  
      0.000274  1.831313  7.762677    -0.018728   -0.011200    0.010691  
     -1.585827  4.577888  7.771950    -0.004453   -0.003218    0.000002  
      3.171380  1.831313  7.762677    -0.009139    0.002038   -0.004378  
      1.585827  4.577572  7.762677    -0.002504   -0.012885   -0.006313  
      0.002782  1.832761 10.951143     0.040077    0.021921    0.028841  
     -1.585827  4.577888 10.935097     0.006102    0.004433   -0.000003  
      3.168872  1.832761 10.951143     0.011603   -0.017313   -0.011812  
      1.585827  4.574676 10.951143    -0.008160    0.026959   -0.017029  
      1.585827  2.746733 12.495177     0.258364    0.187397    0.000010  
 
  28 f  =    4.227179 THz    26.560148 2PiTHz  141.003508 cm-1    17.482199 meV
             X         Y         Z           dx          dy          dz
      0.000000  1.831155  3.109023            0           0           0  
     -1.585827  4.577888  3.109023            0           0           0  
      3.171654  1.831155  3.109023            0           0           0  
      1.585827  4.577888  3.109023            0           0           0  
      1.585827  0.916700  9.347574    -0.001164    0.000038   -0.043968  
      0.000972  3.661749  9.347574    -0.000997   -0.001722   -0.005446  
      4.757481  0.915578  9.331420     0.002479    0.003436    0.000020  
      3.170681  3.661749  9.347574     0.000454   -0.000684    0.049394  
      1.585827  0.915578  1.536945            0           0           0  
     -0.000000  3.662310  1.536945            0           0           0  
      4.757481  0.915578  1.536945            0           0           0  
      3.171654  3.662310  1.536945            0           0           0  
      1.585827  0.915578  4.681101            0           0           0  
     -0.000000  3.662310  4.681101            0           0           0  
      4.757481  0.915578  4.681101            0           0           0  
      3.171654  3.662310  4.681101            0           0           0  
      0.000274  1.831313  7.762677    -0.011403    0.006410   -0.023552  
     -1.585827  4.577888  7.771950    -0.015819   -0.021964   -0.000008  
      3.171380  1.831313  7.762677     0.013009    0.023986    0.002596  
      1.585827  4.577572  7.762677     0.016022   -0.005917    0.020967  
      0.002782  1.832761 10.951143     0.010373   -0.006483   -0.024476  
     -1.585827  4.577888 10.935097     0.014258    0.019804   -0.000004  
      3.168872  1.832761 10.951143    -0.012553   -0.022990    0.002697  
      1.585827  4.574676 10.951143    -0.015382    0.005092    0.021779  
      1.585827  2.746733 12.495177    -0.011893   -0.016502    0.000010  
 
  29 f  =    4.226907 THz    26.558439 2PiTHz  140.994437 cm-1    17.481074 meV
             X         Y         Z           dx          dy          dz
      0.000000  1.831155  3.109023            0           0           0  
     -1.585827  4.577888  3.109023            0           0           0  
      3.171654  1.831155  3.109023            0           0           0  
      1.585827  4.577888  3.109023            0           0           0  
      1.585827  0.916700  9.347574     0.001615    0.000049   -0.031660  
      0.000972  3.661749  9.347574    -0.000132   -0.000160    0.053904  
      4.757481  0.915578  9.331420    -0.003437    0.002476   -0.000006  
      3.170681  3.661749  9.347574     0.000882   -0.001589   -0.022239  
      1.585827  0.915578  1.536945            0           0           0  
     -0.000000  3.662310  1.536945            0           0           0  
      4.757481  0.915578  1.536945            0           0           0  
      3.171654  3.662310  1.536945            0           0           0  
      1.585827  0.915578  4.681101            0           0           0  
     -0.000000  3.662310  4.681101            0           0           0  
      4.757481  0.915578  4.681101            0           0           0  
      3.171654  3.662310  4.681101            0           0           0  
      0.000274  1.831313  7.762677    -0.009903    0.023142    0.010598  
     -1.585827  4.577888  7.771950     0.021968   -0.015829    0.000012  
      3.171380  1.831313  7.762677     0.007671   -0.001260   -0.025706  
      1.585827  4.577572  7.762677    -0.022249   -0.004279    0.015094  
      0.002782  1.832761 10.951143     0.009766   -0.022079    0.011024  
     -1.585827  4.577888 10.935097    -0.019795    0.014259   -0.000009  
      3.168872  1.832761 10.951143    -0.006736    0.000840   -0.026704  
      1.585827  4.574676 10.951143     0.021357    0.003676    0.015689  
      1.585827  2.746733 12.495177     0.016502   -0.011874    0.000004  
 
  30 f  =    4.179076 THz    26.257911 2PiTHz  139.398982 cm-1    17.283263 meV
             X         Y         Z           dx          dy          dz
      0.000000  1.831155  3.109023            0           0           0  
     -1.585827  4.577888  3.109023            0           0           0  
      3.171654  1.831155  3.109023            0           0           0  
      1.585827  4.577888  3.109023            0           0           0  
      1.585827  0.916700  9.347574     0.000012   -0.001634    0.019205  
      0.000972  3.661749  9.347574    -0.001414    0.000827    0.019211  
      4.757481  0.915578  9.331420    -0.000008    0.000000   -0.058793  
      3.170681  3.661749  9.347574     0.001406    0.000805    0.019238  
      1.585827  0.915578  1.536945            0           0           0  
     -0.000000  3.662310  1.536945            0           0           0  
      4.757481  0.915578  1.536945            0           0           0  
      3.171654  3.662310  1.536945            0           0           0  
      1.585827  0.915578  4.681101            0           0           0  
     -0.000000  3.662310  4.681101            0           0           0  
      4.757481  0.915578  4.681101            0           0           0  
      3.171654  3.662310  4.681101            0           0           0  
      0.000274  1.831313  7.762677     0.021972    0.012684   -0.006701  
     -1.585827  4.577888  7.771950    -0.000007   -0.000005    0.023067  
      3.171380  1.831313  7.762677    -0.021954    0.012688   -0.006690  
      1.585827  4.577572  7.762677     0.000015   -0.025362   -0.006687  
      0.002782  1.832761 10.951143    -0.018046   -0.010427   -0.006115  
     -1.585827  4.577888 10.935097    -0.000000   -0.000003    0.027365  
      3.168872  1.832761 10.951143     0.018054   -0.010430   -0.006101  
      1.585827  4.574676 10.951143     0.000002    0.020853   -0.006092  
      1.585827  2.746733 12.495177    -0.000024    0.000005   -0.030837  
 
  31 f  =    3.174504 THz    19.946000 2PiTHz  105.890070 cm-1    13.128690 meV
             X         Y         Z           dx          dy          dz
      0.000000  1.831155  3.109023            0           0           0  
     -1.585827  4.577888  3.109023            0           0           0  
      3.171654  1.831155  3.109023            0           0           0  
      1.585827  4.577888  3.109023            0           0           0  
      1.585827  0.916700  9.347574     0.021243    0.008776   -0.000093  
      0.000972  3.661749  9.347574    -0.031582    0.025852    0.000422  
      4.757481  0.915578  9.331420     0.028987   -0.006080    0.000003  
      3.170681  3.661749  9.347574    -0.020284   -0.028213   -0.000334  
      1.585827  0.915578  1.536945            0           0           0  
     -0.000000  3.662310  1.536945            0           0           0  
      4.757481  0.915578  1.536945            0           0           0  
      3.171654  3.662310  1.536945            0           0           0  
      1.585827  0.915578  4.681101            0           0           0  
     -0.000000  3.662310  4.681101            0           0           0  
      4.757481  0.915578  4.681101            0           0           0  
      3.171654  3.662310  4.681101            0           0           0  
      0.000274  1.831313  7.762677     0.016828    0.017273    0.005125  
     -1.585827  4.577888  7.771950    -0.032249    0.006770    0.000040  
      3.171380  1.831313  7.762677     0.024162   -0.017416   -0.006568  
      1.585827  4.577572  7.762677    -0.009856   -0.006393    0.001405  
      0.002782  1.832761 10.951143     0.018289    0.020256   -0.004359  
     -1.585827  4.577888 10.935097    -0.033478    0.007027   -0.000050  
      3.168872  1.832761 10.951143     0.026764   -0.019916    0.005611  
      1.585827  4.574676 10.951143    -0.012590   -0.007162   -0.001193  
      1.585827  2.746733 12.495177     0.051229   -0.010753    0.000030  
 
  32 f  =    3.174207 THz    19.944133 2PiTHz  105.880159 cm-1    13.127461 meV
             X         Y         Z           dx          dy          dz
      0.000000  1.831155  3.109023            0           0           0  
     -1.585827  4.577888  3.109023            0           0           0  
      3.171654  1.831155  3.109023            0           0           0  
      1.585827  4.577888  3.109023            0           0           0  
      1.585827  0.916700  9.347574     0.004447   -0.041701    0.000424  
      0.000972  3.661749  9.347574     0.021544    0.011231   -0.000138  
      4.757481  0.915578  9.331420     0.006085    0.029001    0.000024  
      3.170681  3.661749  9.347574    -0.032424   -0.000137   -0.000298  
      1.585827  0.915578  1.536945            0           0           0  
     -0.000000  3.662310  1.536945            0           0           0  
      4.757481  0.915578  1.536945            0           0           0  
      3.171654  3.662310  1.536945            0           0           0  
      1.585827  0.915578  4.681101            0           0           0  
     -0.000000  3.662310  4.681101            0           0           0  
      4.757481  0.915578  4.681101            0           0           0  
      3.171654  3.662310  4.681101            0           0           0  
      0.000274  1.831313  7.762677     0.021742    0.003972    0.004645  
     -1.585827  4.577888  7.771950    -0.006769   -0.032247   -0.000141  
      3.171380  1.831313  7.762677    -0.013144   -0.003325    0.002189  
      1.585827  4.577572  7.762677    -0.002059    0.030492   -0.006701  
      0.002782  1.832761 10.951143     0.024922    0.003409   -0.003982  
     -1.585827  4.577888 10.935097    -0.007027   -0.033471    0.000143  
      3.168872  1.832761 10.951143    -0.015473   -0.005035   -0.001884  
      1.585827  4.574676 10.951143    -0.002631    0.034118    0.005707  
      1.585827  2.746733 12.495177     0.010745    0.051279   -0.000081  
 
  33 f  =    3.112063 THz    19.553668 2PiTHz  103.807246 cm-1    12.870452 meV
             X         Y         Z           dx          dy          dz
      0.000000  1.831155  3.109023            0           0           0  
     -1.585827  4.577888  3.109023            0           0           0  
      3.171654  1.831155  3.109023            0           0           0  
      1.585827  4.577888  3.109023            0           0           0  
      1.585827  0.916700  9.347574    -0.000034   -0.039989   -0.000571  
      0.000972  3.661749  9.347574    -0.034905    0.020125   -0.000542  
      4.757481  0.915578  9.331420     0.000011   -0.000133    0.004148  
      3.170681  3.661749  9.347574     0.034933    0.020003   -0.000578  
      1.585827  0.915578  1.536945            0           0           0  
     -0.000000  3.662310  1.536945            0           0           0  
      4.757481  0.915578  1.536945            0           0           0  
      3.171654  3.662310  1.536945            0           0           0  
      1.585827  0.915578  4.681101            0           0           0  
     -0.000000  3.662310  4.681101            0           0           0  
      4.757481  0.915578  4.681101            0           0           0  
      3.171654  3.662310  4.681101            0           0           0  
      0.000274  1.831313  7.762677     0.003612    0.002180    0.010231  
     -1.585827  4.577888  7.771950     0.000007    0.000134   -0.033103  
      3.171380  1.831313  7.762677    -0.003621    0.002071    0.010208  
      1.585827  4.577572  7.762677     0.000037   -0.004414    0.010262  
      0.002782  1.832761 10.951143     0.003063    0.001858   -0.012620  
     -1.585827  4.577888 10.935097    -0.000013    0.000142    0.035325  
      3.168872  1.832761 10.951143    -0.003069    0.001770   -0.012629  
      1.585827  4.574676 10.951143     0.000058   -0.003797   -0.012655  
      1.585827  2.746733 12.495177     0.000045   -0.000230   -0.019527  
 
  34 f  =    3.023227 THz    18.995497 2PiTHz  100.844006 cm-1    12.503058 meV
             X         Y         Z           dx          dy          dz
      0.000000  1.831155  3.109023            0           0           0  
     -1.585827  4.577888  3.109023            0           0           0  
      3.171654  1.831155  3.109023            0           0           0  
      1.585827  4.577888  3.109023            0           0           0  
      1.585827  0.916700  9.347574    -0.037875    0.000067   -0.000003  
      0.000972  3.661749  9.347574     0.018938    0.032912    0.000002  
      4.757481  0.915578  9.331420     0.000119   -0.000009   -0.000004  
      3.170681  3.661749  9.347574     0.018855   -0.032964    0.000001  
      1.585827  0.915578  1.536945            0           0           0  
     -0.000000  3.662310  1.536945            0           0           0  
      4.757481  0.915578  1.536945            0           0           0  
      3.171654  3.662310  1.536945            0           0           0  
      1.585827  0.915578  4.681101            0           0           0  
     -0.000000  3.662310  4.681101            0           0           0  
      4.757481  0.915578  4.681101            0           0           0  
      3.171654  3.662310  4.681101            0           0           0  
      0.000274  1.831313  7.762677    -0.015888    0.027674   -0.000008  
     -1.585827  4.577888  7.771950    -0.000098    0.000009    0.000045  
      3.171380  1.831313  7.762677    -0.015864   -0.027678   -0.000024  
      1.585827  4.577572  7.762677     0.031866    0.000000   -0.000009  
      0.002782  1.832761 10.951143    -0.016695    0.029108    0.000017  
     -1.585827  4.577888 10.935097    -0.000100    0.000011   -0.000047  
      3.168872  1.832761 10.951143    -0.016674   -0.029113    0.000017  
      1.585827  4.574676 10.951143     0.033505   -0.000004    0.000020  
      1.585827  2.746733 12.495177     0.000244   -0.000018    0.000026  
 
  35 f  =    0.645762 THz     4.057444 2PiTHz   21.540311 cm-1     2.670657 meV
             X         Y         Z           dx          dy          dz
      0.000000  1.831155  3.109023            0           0           0  
     -1.585827  4.577888  3.109023            0           0           0  
      3.171654  1.831155  3.109023            0           0           0  
      1.585827  4.577888  3.109023            0           0           0  
      1.585827  0.916700  9.347574    -0.000008    0.000191    0.031704  
      0.000972  3.661749  9.347574     0.000158   -0.000094    0.031704  
      4.757481  0.915578  9.331420     0.000002    0.000007    0.031537  
      3.170681  3.661749  9.347574    -0.000164   -0.000088    0.031704  
      1.585827  0.915578  1.536945            0           0           0  
     -0.000000  3.662310  1.536945            0           0           0  
      4.757481  0.915578  1.536945            0           0           0  
      3.171654  3.662310  1.536945            0           0           0  
      1.585827  0.915578  4.681101            0           0           0  
     -0.000000  3.662310  4.681101            0           0           0  
      4.757481  0.915578  4.681101            0           0           0  
      3.171654  3.662310  4.681101            0           0           0  
      0.000274  1.831313  7.762677     0.000040    0.000030    0.031171  
     -1.585827  4.577888  7.771950    -0.000003    0.000005    0.031450  
      3.171380  1.831313  7.762677    -0.000047    0.000029    0.031176  
      1.585827  4.577572  7.762677    -0.000004   -0.000045    0.031175  
      0.002782  1.832761 10.951143     0.000105    0.000066    0.031898  
     -1.585827  4.577888 10.935097    -0.000003    0.000003    0.031642  
      3.168872  1.832761 10.951143    -0.000110    0.000064    0.031890  
      1.585827  4.574676 10.951143    -0.000005   -0.000121    0.031891  
      1.585827  2.746733 12.495177     0.000006    0.000005    0.032877  
 
  36 f  =    0.353009 THz     2.218020 2PiTHz   11.775110 cm-1     1.459927 meV
             X         Y         Z           dx          dy          dz
      0.000000  1.831155  3.109023            0           0           0  
     -1.585827  4.577888  3.109023            0           0           0  
      3.171654  1.831155  3.109023            0           0           0  
      1.585827  4.577888  3.109023            0           0           0  
      1.585827  0.916700  9.347574     0.031598   -0.002826    0.000001  
      0.000972  3.661749  9.347574     0.031519   -0.002812    0.000022  
      4.757481  0.915578  9.331420     0.031443   -0.002825    0.000003  
      3.170681  3.661749  9.347574     0.031513   -0.002860   -0.000013  
      1.585827  0.915578  1.536945            0           0           0  
     -0.000000  3.662310  1.536945            0           0           0  
      4.757481  0.915578  1.536945            0           0           0  
      3.171654  3.662310  1.536945            0           0           0  
      1.585827  0.915578  4.681101            0           0           0  
     -0.000000  3.662310  4.681101            0           0           0  
      4.757481  0.915578  4.681101            0           0           0  
      3.171654  3.662310  4.681101            0           0           0  
      0.000274  1.831313  7.762677     0.031337   -0.002807    0.000058  
     -1.585827  4.577888  7.771950     0.031341   -0.002816    0.000007  
      3.171380  1.831313  7.762677     0.031338   -0.002817   -0.000059  
      1.585827  4.577572  7.762677     0.031315   -0.002815    0.000006  
      0.002782  1.832761 10.951143     0.031652   -0.002851   -0.000019  
     -1.585827  4.577888 10.935097     0.031627   -0.002842   -0.000001  
      3.168872  1.832761 10.951143     0.031652   -0.002832    0.000030  
      1.585827  4.574676 10.951143     0.031647   -0.002843    0.000004  
      1.585827  2.746733 12.495177     0.031765   -0.002854    0.000008  
 
  37 f  =    0.351817 THz     2.210530 2PiTHz   11.735345 cm-1     1.454997 meV
             X         Y         Z           dx          dy          dz
      0.000000  1.831155  3.109023            0           0           0  
     -1.585827  4.577888  3.109023            0           0           0  
      3.171654  1.831155  3.109023            0           0           0  
      1.585827  4.577888  3.109023            0           0           0  
      1.585827  0.916700  9.347574     0.002844    0.031513    0.000016  
      0.000972  3.661749  9.347574     0.002855    0.031566   -0.000011  
      4.757481  0.915578  9.331420     0.002818    0.031437   -0.000004  
      3.170681  3.661749  9.347574     0.002806    0.031559   -0.000014  
      1.585827  0.915578  1.536945            0           0           0  
     -0.000000  3.662310  1.536945            0           0           0  
      4.757481  0.915578  1.536945            0           0           0  
      3.171654  3.662310  1.536945            0           0           0  
      1.585827  0.915578  4.681101            0           0           0  
     -0.000000  3.662310  4.681101            0           0           0  
      4.757481  0.915578  4.681101            0           0           0  
      3.171654  3.662310  4.681101            0           0           0  
      0.000274  1.831313  7.762677     0.002825    0.031323    0.000036  
     -1.585827  4.577888  7.771950     0.002814    0.031337   -0.000004  
      3.171380  1.831313  7.762677     0.002805    0.031326    0.000020  
      1.585827  4.577572  7.762677     0.002812    0.031341   -0.000066  
      0.002782  1.832761 10.951143     0.002836    0.031650   -0.000022  
     -1.585827  4.577888 10.935097     0.002840    0.031627   -0.000000  
      3.168872  1.832761 10.951143     0.002850    0.031656   -0.000009  
      1.585827  4.574676 10.951143     0.002842    0.031645    0.000016  
      1.585827  2.746733 12.495177     0.002844    0.031781   -0.000008  
 
  38 fi =    2.346677 THz    14.744606 2PiTHz   78.276714 cm-1     9.705071 meV
             X         Y         Z           dx          dy          dz
      0.000000  1.831155  3.109023            0           0           0  
     -1.585827  4.577888  3.109023            0           0           0  
      3.171654  1.831155  3.109023            0           0           0  
      1.585827  4.577888  3.109023            0           0           0  
      1.585827  0.916700  9.347574    -0.038723    0.000300    0.000101  
      0.000972  3.661749  9.347574    -0.006258   -0.020732    0.001601  
      4.757481  0.915578  9.331420     0.047166    0.002399   -0.000019  
      3.170681  3.661749  9.347574    -0.004289    0.017943   -0.001699  
      1.585827  0.915578  1.536945            0           0           0  
     -0.000000  3.662310  1.536945            0           0           0  
      4.757481  0.915578  1.536945            0           0           0  
      3.171654  3.662310  1.536945            0           0           0  
      1.585827  0.915578  4.681101            0           0           0  
     -0.000000  3.662310  4.681101            0           0           0  
      4.757481  0.915578  4.681101            0           0           0  
      3.171654  3.662310  4.681101            0           0           0  
      0.000274  1.831313  7.762677     0.002377    0.007444   -0.026030  
     -1.585827  4.577888  7.771950     0.001103    0.000061   -0.000002  
      3.171380  1.831313  7.762677     0.001567   -0.008143    0.024540  
      1.585827  4.577572  7.762677    -0.011545    0.000322    0.001478  
      0.002782  1.832761 10.951143     0.007712    0.008540    0.035507  
     -1.585827  4.577888 10.935097    -0.000697   -0.000032    0.000007  
      3.168872  1.832761 10.951143     0.006835   -0.008816   -0.033497  
      1.585827  4.574676 10.951143    -0.007779    0.000628   -0.002030  
      1.585827  2.746733 12.495177     0.063262    0.003211   -0.000006  
 
  39 fi =    2.349182 THz    14.760345 2PiTHz   78.360274 cm-1     9.715431 meV
             X         Y         Z           dx          dy          dz
      0.000000  1.831155  3.109023            0           0           0  
     -1.585827  4.577888  3.109023            0           0           0  
      3.171654  1.831155  3.109023            0           0           0  
      1.585827  4.577888  3.109023            0           0           0  
      1.585827  0.916700  9.347574    -0.001963   -0.005891   -0.001909  
      0.000972  3.661749  9.347574     0.019051    0.026603    0.001041  
      4.757481  0.915578  9.331420     0.002398   -0.047164    0.000003  
      3.170681  3.661749  9.347574    -0.019603    0.028561    0.000872  
      1.585827  0.915578  1.536945            0           0           0  
     -0.000000  3.662310  1.536945            0           0           0  
      4.757481  0.915578  1.536945            0           0           0  
      3.171654  3.662310  1.536945            0           0           0  
      1.585827  0.915578  4.681101            0           0           0  
     -0.000000  3.662310  4.681101            0           0           0  
      4.757481  0.915578  4.681101            0           0           0  
      3.171654  3.662310  4.681101            0           0           0  
      0.000274  1.831313  7.762677    -0.007695    0.007445    0.013319  
     -1.585827  4.577888  7.771950     0.000056   -0.001107    0.000001  
      3.171380  1.831313  7.762677     0.007908    0.006653    0.015882  
      1.585827  4.577572  7.762677    -0.000583   -0.006453   -0.029196  
      0.002782  1.832761 10.951143    -0.008308    0.003202   -0.018169  
     -1.585827  4.577888 10.935097    -0.000038    0.000698    0.000002  
      3.168872  1.832761 10.951143     0.009054    0.002324   -0.021670  
      1.585827  4.574676 10.951143    -0.000392   -0.012270    0.039842  
      1.585827  2.746733 12.495177     0.003216   -0.063226   -0.000000  
 
