 Eigenvectors and eigenvalues of the dynamical matrix
 ----------------------------------------------------
 
 
   1 f  =    9.987564 THz    62.753718 2PiTHz  333.149291 cm-1    41.305229 meV
             X         Y         Z           dx          dy          dz
      0.000000  2.028618  3.503152            0           0           0  
     -1.756835  5.071546  3.503152            0           0           0  
      3.513670  2.028618  3.503152            0           0           0  
      1.756835  5.071546  3.503152            0           0           0  
      1.756835  1.000331 10.518484    -0.000000   -0.003245   -0.001311  
     -0.012105  4.064225 10.518484    -0.002809    0.001631   -0.001313  
      5.270505  1.014309 10.513107    -0.000001    0.000001    0.010053  
      3.525775  4.064225 10.518484     0.002825    0.001631   -0.001312  
      1.756835  1.014309  1.693104            0           0           0  
     -0.000000  4.057236  1.693104            0           0           0  
      5.270505  1.014309  1.693104            0           0           0  
      3.513670  4.057236  1.693104            0           0           0  
      1.756835  1.014309  5.313199            0           0           0  
     -0.000000  4.057236  5.313199            0           0           0  
      5.270505  1.014309  5.313199            0           0           0  
      3.513670  4.057236  5.313199            0           0           0  
     -0.001935  2.027501  8.697558     0.000372    0.000214   -0.001177  
     -1.756835  5.071546  8.683004    -0.000001   -0.000001    0.000840  
      3.515605  2.027501  8.697558    -0.000373    0.000215   -0.001177  
      1.756835  5.073780  8.697558    -0.000001   -0.000429   -0.001176  
      0.005515  2.031803 12.331033    -0.008787   -0.005078   -0.006423  
     -1.756835  5.071546 12.346520    -0.000002   -0.000001   -0.001273  
      3.508155  2.031803 12.331033     0.008792   -0.005081   -0.006424  
      1.756835  5.065178 12.331033    -0.000001    0.010150   -0.006423  
      1.756835  3.042927 14.173079    -0.000009    0.000002    0.393342  
 
   2 f  =    7.895998 THz    49.612021 2PiTHz  263.382157 cm-1    32.655211 meV
             X         Y         Z           dx          dy          dz
      0.000000  2.028618  3.503152            0           0           0  
     -1.756835  5.071546  3.503152            0           0           0  
      3.513670  2.028618  3.503152            0           0           0  
      1.756835  5.071546  3.503152            0           0           0  
      1.756835  1.000331 10.518484     0.000001   -0.001070   -0.050477  
     -0.012105  4.064225 10.518484    -0.000927    0.000536   -0.050478  
      5.270505  1.014309 10.513107     0.000000    0.000001   -0.010062  
      3.525775  4.064225 10.518484     0.000928    0.000536   -0.050478  
      1.756835  1.014309  1.693104            0           0           0  
     -0.000000  4.057236  1.693104            0           0           0  
      5.270505  1.014309  1.693104            0           0           0  
      3.513670  4.057236  1.693104            0           0           0  
      1.756835  1.014309  5.313199            0           0           0  
     -0.000000  4.057236  5.313199            0           0           0  
      5.270505  1.014309  5.313199            0           0           0  
      3.513670  4.057236  5.313199            0           0           0  
     -0.001935  2.027501  8.697558     0.003996    0.002307    0.014188  
     -1.756835  5.071546  8.683004    -0.000001    0.000001    0.020777  
      3.515605  2.027501  8.697558    -0.003997    0.002308    0.014189  
      1.756835  5.073780  8.697558     0.000001   -0.004614    0.014189  
      0.005515  2.031803 12.331033    -0.004115   -0.002376    0.013040  
     -1.756835  5.071546 12.346520    -0.000001   -0.000000    0.018245  
      3.508155  2.031803 12.331033     0.004114   -0.002377    0.013037  
      1.756835  5.065178 12.331033     0.000001    0.004749    0.013040  
      1.756835  3.042927 14.173079    -0.000008    0.000008    0.004063  
 
   3 f  =    7.415024 THz    46.589967 2PiTHz  247.338564 cm-1    30.666060 meV
             X         Y         Z           dx          dy          dz
      0.000000  2.028618  3.503152            0           0           0  
     -1.756835  5.071546  3.503152            0           0           0  
      3.513670  2.028618  3.503152            0           0           0  
      1.756835  5.071546  3.503152            0           0           0  
      1.756835  1.000331 10.518484     0.000406   -0.002339   -0.072573  
     -0.012105  4.064225 10.518484     0.000733   -0.001977    0.050428  
      5.270505  1.014309 10.513107    -0.000994    0.004421    0.000001  
      3.525775  4.064225 10.518484     0.000254   -0.001872    0.022144  
      1.756835  1.014309  1.693104            0           0           0  
     -0.000000  4.057236  1.693104            0           0           0  
      5.270505  1.014309  1.693104            0           0           0  
      3.513670  4.057236  1.693104            0           0           0  
      1.756835  1.014309  5.313199            0           0           0  
     -0.000000  4.057236  5.313199            0           0           0  
      5.270505  1.014309  5.313199            0           0           0  
      3.513670  4.057236  5.313199            0           0           0  
     -0.001935  2.027501  8.697558     0.007682   -0.010678    0.003241  
     -1.756835  5.071546  8.683004    -0.003347    0.014878   -0.000002  
      3.515605  2.027501  8.697558    -0.007631   -0.007232    0.007381  
      1.756835  5.073780  8.697558     0.003010    0.004303   -0.010623  
      0.005515  2.031803 12.331033    -0.009809    0.012164    0.001491  
     -1.756835  5.071546 12.346520     0.003158   -0.014032    0.000001  
      3.508155  2.031803 12.331033     0.010694    0.007550    0.003396  
      1.756835  5.065178 12.331033    -0.003550   -0.007897   -0.004886  
      1.756835  3.042927 14.173079    -0.010750    0.047981    0.000009  
 
   4 f  =    7.415002 THz    46.589829 2PiTHz  247.337828 cm-1    30.665969 meV
             X         Y         Z           dx          dy          dz
      0.000000  2.028618  3.503152            0           0           0  
     -1.756835  5.071546  3.503152            0           0           0  
      3.513670  2.028618  3.503152            0           0           0  
      1.756835  5.071546  3.503152            0           0           0  
      1.756835  1.000331 10.518484    -0.001785   -0.000529   -0.016329  
     -0.012105  4.064225 10.518484    -0.002140   -0.000190   -0.054685  
      5.270505  1.014309 10.513107     0.004425    0.000996    0.000004  
      3.525775  4.064225 10.518484    -0.002250   -0.000672    0.071012  
      1.756835  1.014309  1.693104            0           0           0  
     -0.000000  4.057236  1.693104            0           0           0  
      5.270505  1.014309  1.693104            0           0           0  
      3.513670  4.057236  1.693104            0           0           0  
      1.756835  1.014309  5.313199            0           0           0  
     -0.000000  4.057236  5.313199            0           0           0  
      5.270505  1.014309  5.313199            0           0           0  
      3.513670  4.057236  5.313199            0           0           0  
     -0.001935  2.027501  8.697558     0.001605    0.005642    0.010390  
     -1.756835  5.071546  8.683004     0.014878    0.003347    0.000000  
      3.515605  2.027501  8.697558    -0.001839   -0.009670   -0.008003  
      1.756835  5.073780  8.697558    -0.013378    0.000966   -0.002390  
      0.005515  2.031803 12.331033    -0.004291   -0.008036    0.004778  
     -1.756835  5.071546 12.346520    -0.014033   -0.003157   -0.000001  
      3.508155  2.031803 12.331033     0.000327    0.012469   -0.003677  
      1.756835  5.065178 12.331033     0.015773   -0.001777   -0.001098  
      1.756835  3.042927 14.173079     0.048051    0.010835    0.000001  
 
   5 f  =    7.146878 THz    44.905160 2PiTHz  238.394195 cm-1    29.557100 meV
             X         Y         Z           dx          dy          dz
      0.000000  2.028618  3.503152            0           0           0  
     -1.756835  5.071546  3.503152            0           0           0  
      3.513670  2.028618  3.503152            0           0           0  
      1.756835  5.071546  3.503152            0           0           0  
      1.756835  1.000331 10.518484    -0.016190    0.000846   -0.004946  
     -0.012105  4.064225 10.518484    -0.006961   -0.013903   -0.005615  
      5.270505  1.014309 10.513107    -0.023728   -0.012540   -0.000012  
      3.525775  4.064225 10.518484     0.001184    0.001495    0.010565  
      1.756835  1.014309  1.693104            0           0           0  
     -0.000000  4.057236  1.693104            0           0           0  
      5.270505  1.014309  1.693104            0           0           0  
      3.513670  4.057236  1.693104            0           0           0  
      1.756835  1.014309  5.313199            0           0           0  
     -0.000000  4.057236  5.313199            0           0           0  
      5.270505  1.014309  5.313199            0           0           0  
      3.513670  4.057236  5.313199            0           0           0  
     -0.001935  2.027501  8.697558     0.007871    0.004481    0.001894  
     -1.756835  5.071546  8.683004     0.001790    0.000942    0.000000  
      3.515605  2.027501  8.697558     0.004749   -0.001422   -0.001004  
      1.756835  5.073780  8.697558     0.001205    0.004237   -0.000886  
      0.005515  2.031803 12.331033     0.021628    0.012470    0.017595  
     -1.756835  5.071546 12.346520    -0.001021   -0.000549   -0.000002  
      3.508155  2.031803 12.331033     0.011635   -0.006422   -0.009358  
      1.756835  5.065178 12.331033     0.000290    0.011675   -0.008235  
      1.756835  3.042927 14.173079    -0.294950   -0.156076    0.000001  
 
   6 f  =    7.146801 THz    44.904676 2PiTHz  238.391628 cm-1    29.556782 meV
             X         Y         Z           dx          dy          dz
      0.000000  2.028618  3.503152            0           0           0  
     -1.756835  5.071546  3.503152            0           0           0  
      3.513670  2.028618  3.503152            0           0           0  
      1.756835  5.071546  3.503152            0           0           0  
      1.756835  1.000331 10.518484     0.008566    0.001575   -0.009325  
     -0.012105  4.064225 10.518484    -0.006183   -0.007680    0.008931  
      5.270505  1.014309 10.513107     0.012549   -0.023723    0.000008  
      3.525775  4.064225 10.518484     0.009213   -0.015814    0.000387  
      1.756835  1.014309  1.693104            0           0           0  
     -0.000000  4.057236  1.693104            0           0           0  
      5.270505  1.014309  1.693104            0           0           0  
      3.513670  4.057236  1.693104            0           0           0  
      1.756835  1.014309  5.313199            0           0           0  
     -0.000000  4.057236  5.313199            0           0           0  
      5.270505  1.014309  5.313199            0           0           0  
      3.513670  4.057236  5.313199            0           0           0  
     -0.001935  2.027501  8.697558    -0.000388    0.001345    0.000069  
     -1.756835  5.071546  8.683004    -0.000942    0.001780    0.000005  
      3.515605  2.027501  8.697558    -0.006287    0.004464    0.001600  
      1.756835  5.073780  8.697558    -0.000634    0.008010   -0.001673  
      0.005515  2.031803 12.331033     0.000640    0.000734    0.000651  
     -1.756835  5.071546 12.346520     0.000541   -0.001023   -0.000003  
      3.508155  2.031803 12.331033    -0.018235    0.010721    0.014913  
      1.756835  5.065178 12.331033    -0.000146    0.022082   -0.015562  
      1.756835  3.042927 14.173079     0.156056   -0.294997    0.000007  
 
   7 f  =    6.885567 THz    43.263292 2PiTHz  229.677784 cm-1    28.476403 meV
             X         Y         Z           dx          dy          dz
      0.000000  2.028618  3.503152            0           0           0  
     -1.756835  5.071546  3.503152            0           0           0  
      3.513670  2.028618  3.503152            0           0           0  
      1.756835  5.071546  3.503152            0           0           0  
      1.756835  1.000331 10.518484    -0.000029    0.003249   -0.008324  
     -0.012105  4.064225 10.518484     0.002828   -0.001698   -0.008331  
      5.270505  1.014309 10.513107    -0.000025   -0.000036    0.089369  
      3.525775  4.064225 10.518484    -0.002906   -0.001702   -0.008339  
      1.756835  1.014309  1.693104            0           0           0  
     -0.000000  4.057236  1.693104            0           0           0  
      5.270505  1.014309  1.693104            0           0           0  
      3.513670  4.057236  1.693104            0           0           0  
      1.756835  1.014309  5.313199            0           0           0  
     -0.000000  4.057236  5.313199            0           0           0  
      5.270505  1.014309  5.313199            0           0           0  
      3.513670  4.057236  5.313199            0           0           0  
     -0.001935  2.027501  8.697558     0.013545    0.007831   -0.011414  
     -1.756835  5.071546  8.683004     0.000012    0.000019    0.001009  
      3.515605  2.027501  8.697558    -0.013524    0.007833   -0.011413  
      1.756835  5.073780  8.697558     0.000014   -0.015618   -0.011412  
      0.005515  2.031803 12.331033    -0.007998   -0.004605   -0.005302  
     -1.756835  5.071546 12.346520     0.000016    0.000021    0.003880  
      3.508155  2.031803 12.331033     0.008016   -0.004599   -0.005295  
      1.756835  5.065178 12.331033     0.000013    0.009250   -0.005282  
      1.756835  3.042927 14.173079     0.000009    0.000120   -0.060170  
 
   8 f  =    6.807126 THz    42.770431 2PiTHz  227.061267 cm-1    28.151996 meV
             X         Y         Z           dx          dy          dz
      0.000000  2.028618  3.503152            0           0           0  
     -1.756835  5.071546  3.503152            0           0           0  
      3.513670  2.028618  3.503152            0           0           0  
      1.756835  5.071546  3.503152            0           0           0  
      1.756835  1.000331 10.518484    -0.038333    0.012321   -0.000934  
     -0.012105  4.064225 10.518484    -0.046070    0.014510    0.003599  
      5.270505  1.014309 10.513107    -0.032294    0.008407   -0.000038  
      3.525775  4.064225 10.518484    -0.044022    0.006601   -0.002658  
      1.756835  1.014309  1.693104            0           0           0  
     -0.000000  4.057236  1.693104            0           0           0  
      5.270505  1.014309  1.693104            0           0           0  
      3.513670  4.057236  1.693104            0           0           0  
      1.756835  1.014309  5.313199            0           0           0  
     -0.000000  4.057236  5.313199            0           0           0  
      5.270505  1.014309  5.313199            0           0           0  
      3.513670  4.057236  5.313199            0           0           0  
     -0.001935  2.027501  8.697558     0.014064   -0.005723   -0.000671  
     -1.756835  5.071546  8.683004     0.016373   -0.004265   -0.000001  
      3.515605  2.027501  8.697558     0.013212   -0.002374    0.000924  
      1.756835  5.073780  8.697558     0.016484   -0.003291   -0.000234  
      0.005515  2.031803 12.331033     0.011061   -0.007586   -0.005290  
     -1.756835  5.071546 12.346520     0.018645   -0.004856   -0.000002  
      3.508155  2.031803 12.331033     0.009080    0.000065    0.007156  
      1.756835  5.065178 12.331033     0.016639   -0.002054   -0.001861  
      1.756835  3.042927 14.173079     0.103883   -0.026934    0.000045  
 
   9 f  =    6.807070 THz    42.770079 2PiTHz  227.059399 cm-1    28.151765 meV
             X         Y         Z           dx          dy          dz
      0.000000  2.028618  3.503152            0           0           0  
     -1.756835  5.071546  3.503152            0           0           0  
      3.513670  2.028618  3.503152            0           0           0  
      1.756835  5.071546  3.503152            0           0           0  
      1.756835  1.000331 10.518484     0.009988    0.047370   -0.003622  
     -0.012105  4.064225 10.518484     0.007787    0.039514    0.000982  
      5.270505  1.014309 10.513107     0.008414    0.032279    0.000114  
      3.525775  4.064225 10.518484     0.015650    0.041571    0.002608  
      1.756835  1.014309  1.693104            0           0           0  
     -0.000000  4.057236  1.693104            0           0           0  
      5.270505  1.014309  1.693104            0           0           0  
      3.513670  4.057236  1.693104            0           0           0  
      1.756835  1.014309  5.313199            0           0           0  
     -0.000000  4.057236  5.313199            0           0           0  
      5.270505  1.014309  5.313199            0           0           0  
      3.513670  4.057236  5.313199            0           0           0  
     -0.001935  2.027501  8.697558    -0.001867   -0.015098    0.000652  
     -1.756835  5.071546  8.683004    -0.004259   -0.016387    0.000000  
      3.515605  2.027501  8.697558    -0.005237   -0.015971    0.000243  
      1.756835  5.073780  8.697558    -0.004289   -0.012679   -0.000939  
      0.005515  2.031803 12.331033     0.001175   -0.013470    0.005192  
     -1.756835  5.071546 12.346520    -0.004852   -0.018662    0.000005  
      3.508155  2.031803 12.331033    -0.006430   -0.015458    0.001960  
      1.756835  5.065178 12.331033    -0.004327   -0.007855   -0.007170  
      1.756835  3.042927 14.173079    -0.026957   -0.103659   -0.000118  
 
  10 f  =    6.617564 THz    41.579382 2PiTHz  220.738180 cm-1    27.368034 meV
             X         Y         Z           dx          dy          dz
      0.000000  2.028618  3.503152            0           0           0  
     -1.756835  5.071546  3.503152            0           0           0  
      3.513670  2.028618  3.503152            0           0           0  
      1.756835  5.071546  3.503152            0           0           0  
      1.756835  1.000331 10.518484    -0.050738    0.000009   -0.000004  
     -0.012105  4.064225 10.518484     0.025425    0.043974   -0.000002  
      5.270505  1.014309 10.513107     0.000035   -0.000002    0.000002  
      3.525775  4.064225 10.518484     0.025433   -0.043972    0.000003  
      1.756835  1.014309  1.693104            0           0           0  
     -0.000000  4.057236  1.693104            0           0           0  
      5.270505  1.014309  1.693104            0           0           0  
      3.513670  4.057236  1.693104            0           0           0  
      1.756835  1.014309  5.313199            0           0           0  
     -0.000000  4.057236  5.313199            0           0           0  
      5.270505  1.014309  5.313199            0           0           0  
      3.513670  4.057236  5.313199            0           0           0  
     -0.001935  2.027501  8.697558     0.008803   -0.015269    0.000004  
     -1.756835  5.071546  8.683004    -0.000016   -0.000002    0.000001  
      3.515605  2.027501  8.697558     0.008797    0.015267   -0.000002  
      1.756835  5.073780  8.697558    -0.017644    0.000000   -0.000001  
      0.005515  2.031803 12.331033     0.009521   -0.016496    0.000010  
     -1.756835  5.071546 12.346520    -0.000015   -0.000002   -0.000001  
      3.508155  2.031803 12.331033     0.009513    0.016492   -0.000009  
      1.756835  5.065178 12.331033    -0.019070    0.000004   -0.000003  
      1.756835  3.042927 14.173079    -0.000186   -0.000049   -0.000020  
 
  11 f  =    6.429668 THz    40.398796 2PiTHz  214.470640 cm-1    26.590958 meV
             X         Y         Z           dx          dy          dz
      0.000000  2.028618  3.503152            0           0           0  
     -1.756835  5.071546  3.503152            0           0           0  
      3.513670  2.028618  3.503152            0           0           0  
      1.756835  5.071546  3.503152            0           0           0  
      1.756835  1.000331 10.518484     0.029988   -0.019765   -0.000418  
     -0.012105  4.064225 10.518484    -0.014286    0.038005   -0.000665  
      5.270505  1.014309 10.513107     0.034489    0.014323   -0.000006  
      3.525775  4.064225 10.518484    -0.042182   -0.029205    0.001087  
      1.756835  1.014309  1.693104            0           0           0  
     -0.000000  4.057236  1.693104            0           0           0  
      5.270505  1.014309  1.693104            0           0           0  
      3.513670  4.057236  1.693104            0           0           0  
      1.756835  1.014309  5.313199            0           0           0  
     -0.000000  4.057236  5.313199            0           0           0  
      5.270505  1.014309  5.313199            0           0           0  
      3.513670  4.057236  5.313199            0           0           0  
     -0.001935  2.027501  8.697558    -0.016081   -0.009851   -0.007606  
     -1.756835  5.071546  8.683004     0.015837    0.006570   -0.000001  
      3.515605  2.027501  8.697558    -0.008523    0.008357    0.004666  
      1.756835  5.073780  8.697558     0.003469   -0.007288    0.002939  
      0.005515  2.031803 12.331033    -0.010218   -0.006187    0.017009  
     -1.756835  5.071546 12.346520     0.018243    0.007570    0.000000  
      3.508155  2.031803 12.331033    -0.005592    0.004954   -0.010430  
      1.756835  5.065178 12.331033     0.001751   -0.004617   -0.006577  
      1.756835  3.042927 14.173079    -0.104068   -0.043232    0.000025  
 
  12 f  =    6.429555 THz    40.398088 2PiTHz  214.466881 cm-1    26.590492 meV
             X         Y         Z           dx          dy          dz
      0.000000  2.028618  3.503152            0           0           0  
     -1.756835  5.071546  3.503152            0           0           0  
      3.513670  2.028618  3.503152            0           0           0  
      1.756835  5.071546  3.503152            0           0           0  
      1.756835  1.000331 10.518484     0.012448    0.047611    0.001011  
     -0.012105  4.064225 10.518484    -0.045323    0.003335   -0.000868  
      5.270505  1.014309 10.513107     0.014317   -0.034512   -0.000002  
      3.525775  4.064225 10.518484     0.021874   -0.024556   -0.000140  
      1.756835  1.014309  1.693104            0           0           0  
     -0.000000  4.057236  1.693104            0           0           0  
      5.270505  1.014309  1.693104            0           0           0  
      3.513670  4.057236  1.693104            0           0           0  
      1.756835  1.014309  5.313199            0           0           0  
     -0.000000  4.057236  5.313199            0           0           0  
      5.270505  1.014309  5.313199            0           0           0  
      3.513670  4.057236  5.313199            0           0           0  
     -0.001935  2.027501  8.697558     0.003996   -0.001977    0.000999  
     -1.756835  5.071546  8.683004     0.006575   -0.015823   -0.000007  
      3.515605  2.027501  8.697558    -0.014209    0.005579    0.006092  
      1.756835  5.073780  8.697558     0.001442    0.017565   -0.007078  
      0.005515  2.031803 12.331033     0.002288   -0.000832   -0.002233  
     -1.756835  5.071546 12.346520     0.007574   -0.018231    0.000006  
      3.508155  2.031803 12.331033    -0.008851    0.003793   -0.013622  
      1.756835  5.065178 12.331033     0.000730    0.011127    0.015844  
      1.756835  3.042927 14.173079    -0.043193    0.104175   -0.000001  
 
  13 f  =    6.226869 THz    39.124570 2PiTHz  207.705981 cm-1    25.752248 meV
             X         Y         Z           dx          dy          dz
      0.000000  2.028618  3.503152            0           0           0  
     -1.756835  5.071546  3.503152            0           0           0  
      3.513670  2.028618  3.503152            0           0           0  
      1.756835  5.071546  3.503152            0           0           0  
      1.756835  1.000331 10.518484     0.000001   -0.041106    0.000469  
     -0.012105  4.064225 10.518484    -0.035617    0.020562    0.000470  
      5.270505  1.014309 10.513107     0.000003   -0.000007    0.002788  
      3.525775  4.064225 10.518484     0.035614    0.020558    0.000469  
      1.756835  1.014309  1.693104            0           0           0  
     -0.000000  4.057236  1.693104            0           0           0  
      5.270505  1.014309  1.693104            0           0           0  
      3.513670  4.057236  1.693104            0           0           0  
      1.756835  1.014309  5.313199            0           0           0  
     -0.000000  4.057236  5.313199            0           0           0  
      5.270505  1.014309  5.313199            0           0           0  
      3.513670  4.057236  5.313199            0           0           0  
     -0.001935  2.027501  8.697558    -0.001497   -0.000870   -0.015032  
     -1.756835  5.071546  8.683004    -0.000002   -0.000004    0.036378  
      3.515605  2.027501  8.697558     0.001497   -0.000864   -0.015032  
      1.756835  5.073780  8.697558     0.000004    0.001736   -0.015028  
      0.005515  2.031803 12.331033    -0.000102   -0.000060    0.014367  
     -1.756835  5.071546 12.346520     0.000000   -0.000003   -0.037195  
      3.508155  2.031803 12.331033     0.000102   -0.000060    0.014361  
      1.756835  5.065178 12.331033     0.000001    0.000118    0.014369  
      1.756835  3.042927 14.173079    -0.000017    0.000058   -0.009535  
 
  14 f  =    5.521065 THz    34.689873 2PiTHz  184.162897 cm-1    22.833279 meV
             X         Y         Z           dx          dy          dz
      0.000000  2.028618  3.503152            0           0           0  
     -1.756835  5.071546  3.503152            0           0           0  
      3.513670  2.028618  3.503152            0           0           0  
      1.756835  5.071546  3.503152            0           0           0  
      1.756835  1.000331 10.518484    -0.015774    0.000579    0.002418  
     -0.012105  4.064225 10.518484    -0.015165   -0.026293    0.000063  
      5.270505  1.014309 10.513107     0.026184    0.043056   -0.000006  
      3.525775  4.064225 10.518484     0.007806   -0.012326   -0.002479  
      1.756835  1.014309  1.693104            0           0           0  
     -0.000000  4.057236  1.693104            0           0           0  
      5.270505  1.014309  1.693104            0           0           0  
      3.513670  4.057236  1.693104            0           0           0  
      1.756835  1.014309  5.313199            0           0           0  
     -0.000000  4.057236  5.313199            0           0           0  
      5.270505  1.014309  5.313199            0           0           0  
      3.513670  4.057236  5.313199            0           0           0  
     -0.001935  2.027501  8.697558    -0.011688   -0.001441    0.040023  
     -1.756835  5.071546  8.683004    -0.000924   -0.001519    0.000001  
      3.515605  2.027501  8.697558     0.004537    0.008430   -0.001041  
      1.756835  5.073780  8.697558     0.004975   -0.010566   -0.038990  
      0.005515  2.031803 12.331033    -0.001447   -0.000433   -0.023279  
     -1.756835  5.071546 12.346520     0.003384    0.005568   -0.000001  
      3.508155  2.031803 12.331033     0.000324    0.000636    0.000609  
      1.756835  5.065178 12.331033     0.000378   -0.001438    0.022680  
      1.756835  3.042927 14.173079    -0.040149   -0.066019    0.000017  
 
  15 f  =    5.520913 THz    34.688917 2PiTHz  184.157822 cm-1    22.832650 meV
             X         Y         Z           dx          dy          dz
      0.000000  2.028618  3.503152            0           0           0  
     -1.756835  5.071546  3.503152            0           0           0  
      3.513670  2.028618  3.503152            0           0           0  
      1.756835  5.071546  3.503152            0           0           0  
      1.756835  1.000331 10.518484     0.025939    0.000355    0.001474  
     -0.012105  4.064225 10.518484    -0.000934   -0.000259   -0.002830  
      5.270505  1.014309 10.513107    -0.043057    0.026182   -0.000000  
      3.525775  4.064225 10.518484     0.013037   -0.023229    0.001357  
      1.756835  1.014309  1.693104            0           0           0  
     -0.000000  4.057236  1.693104            0           0           0  
      5.270505  1.014309  1.693104            0           0           0  
      3.513670  4.057236  1.693104            0           0           0  
      1.756835  1.014309  5.313199            0           0           0  
     -0.000000  4.057236  5.313199            0           0           0  
      5.270505  1.014309  5.313199            0           0           0  
      3.513670  4.057236  5.313199            0           0           0  
     -0.001935  2.027501  8.697558     0.000940    0.010251   -0.021917  
     -1.756835  5.071546  8.683004     0.001519   -0.000934   -0.000005  
      3.515605  2.027501  8.697558     0.010815   -0.005982    0.045610  
      1.756835  5.073780  8.697558    -0.008184   -0.006430   -0.023714  
      0.005515  2.031803 12.331033     0.000378    0.000955    0.012751  
     -1.756835  5.071546 12.346520    -0.005567    0.003379    0.000003  
      3.508155  2.031803 12.331033     0.001465   -0.000813   -0.026523  
      1.756835  5.065178 12.331033    -0.000615   -0.000878    0.013794  
      1.756835  3.042927 14.173079     0.066019   -0.040154    0.000010  
 
  16 f  =    4.977074 THz    31.271877 2PiTHz  166.017312 cm-1    20.583514 meV
             X         Y         Z           dx          dy          dz
      0.000000  2.028618  3.503152            0           0           0  
     -1.756835  5.071546  3.503152            0           0           0  
      3.513670  2.028618  3.503152            0           0           0  
      1.756835  5.071546  3.503152            0           0           0  
      1.756835  1.000331 10.518484     0.000009   -0.000726    0.001353  
     -0.012105  4.064225 10.518484    -0.000628    0.000361    0.001354  
      5.270505  1.014309 10.513107    -0.000004    0.000009    0.006366  
      3.525775  4.064225 10.518484     0.000629    0.000361    0.001355  
      1.756835  1.014309  1.693104            0           0           0  
     -0.000000  4.057236  1.693104            0           0           0  
      5.270505  1.014309  1.693104            0           0           0  
      3.513670  4.057236  1.693104            0           0           0  
      1.756835  1.014309  5.313199            0           0           0  
     -0.000000  4.057236  5.313199            0           0           0  
      5.270505  1.014309  5.313199            0           0           0  
      3.513670  4.057236  5.313199            0           0           0  
     -0.001935  2.027501  8.697558     0.001251    0.000734    0.029857  
     -1.756835  5.071546  8.683004     0.000007   -0.000001    0.033107  
      3.515605  2.027501  8.697558    -0.001249    0.000712    0.029873  
      1.756835  5.073780  8.697558    -0.000013   -0.001452    0.029851  
      0.005515  2.031803 12.331033    -0.002688   -0.001551   -0.029728  
     -1.756835  5.071546 12.346520     0.000009    0.000003   -0.035778  
      3.508155  2.031803 12.331033     0.002692   -0.001549   -0.029719  
      1.756835  5.065178 12.331033    -0.000009    0.003105   -0.029722  
      1.756835  3.042927 14.173079    -0.000005   -0.000002   -0.037027  
 
  17 f  =    4.742147 THz    29.795787 2PiTHz  158.180992 cm-1    19.611935 meV
             X         Y         Z           dx          dy          dz
      0.000000  2.028618  3.503152            0           0           0  
     -1.756835  5.071546  3.503152            0           0           0  
      3.513670  2.028618  3.503152            0           0           0  
      1.756835  5.071546  3.503152            0           0           0  
      1.756835  1.000331 10.518484    -0.000002   -0.002594   -0.000337  
     -0.012105  4.064225 10.518484    -0.002253    0.001293   -0.000337  
      5.270505  1.014309 10.513107    -0.000002    0.000012    0.006466  
      3.525775  4.064225 10.518484     0.002254    0.001298   -0.000345  
      1.756835  1.014309  1.693104            0           0           0  
     -0.000000  4.057236  1.693104            0           0           0  
      5.270505  1.014309  1.693104            0           0           0  
      3.513670  4.057236  1.693104            0           0           0  
      1.756835  1.014309  5.313199            0           0           0  
     -0.000000  4.057236  5.313199            0           0           0  
      5.270505  1.014309  5.313199            0           0           0  
      3.513670  4.057236  5.313199            0           0           0  
     -0.001935  2.027501  8.697558    -0.030170   -0.017373   -0.000006  
     -1.756835  5.071546  8.683004    -0.000058   -0.000083   -0.005040  
      3.515605  2.027501  8.697558     0.030170   -0.017311    0.000007  
      1.756835  5.073780  8.697558     0.000057    0.034748    0.000008  
      0.005515  2.031803 12.331033    -0.031315   -0.018039   -0.000896  
     -1.756835  5.071546 12.346520    -0.000059   -0.000074    0.006763  
      3.508155  2.031803 12.331033     0.031316   -0.017967   -0.000933  
      1.756835  5.065178 12.331033     0.000051    0.036093   -0.000954  
      1.756835  3.042927 14.173079    -0.000030   -0.000028   -0.060882  
 
  18 f  =    4.715984 THz    29.631399 2PiTHz  157.308280 cm-1    19.503732 meV
             X         Y         Z           dx          dy          dz
      0.000000  2.028618  3.503152            0           0           0  
     -1.756835  5.071546  3.503152            0           0           0  
      3.513670  2.028618  3.503152            0           0           0  
      1.756835  5.071546  3.503152            0           0           0  
      1.756835  1.000331 10.518484     0.001268    0.000029   -0.000115  
     -0.012105  4.064225 10.518484    -0.000359   -0.000525    0.000146  
      5.270505  1.014309 10.513107    -0.001428    0.001653   -0.000002  
      3.525775  4.064225 10.518484     0.000946   -0.001649   -0.000036  
      1.756835  1.014309  1.693104            0           0           0  
     -0.000000  4.057236  1.693104            0           0           0  
      5.270505  1.014309  1.693104            0           0           0  
      3.513670  4.057236  1.693104            0           0           0  
      1.756835  1.014309  5.313199            0           0           0  
     -0.000000  4.057236  5.313199            0           0           0  
      5.270505  1.014309  5.313199            0           0           0  
      3.513670  4.057236  5.313199            0           0           0  
     -0.001935  2.027501  8.697558    -0.017325    0.035581    0.000988  
     -1.756835  5.071546  8.683004     0.025063   -0.028937   -0.000002  
      3.515605  2.027501  8.697558     0.018545    0.004482   -0.004931  
      1.756835  5.073780  8.697558    -0.026329   -0.011086    0.003927  
      0.005515  2.031803 12.331033    -0.015406    0.030375   -0.002685  
     -1.756835  5.071546 12.346520     0.023885   -0.027570    0.000007  
      3.508155  2.031803 12.331033     0.013535    0.005275    0.013448  
      1.756835  5.065178 12.331033    -0.022680   -0.007311   -0.010749  
      1.756835  3.042927 14.173079     0.005727   -0.006640    0.000051  
 
  19 f  =    4.715819 THz    29.630366 2PiTHz  157.302798 cm-1    19.503053 meV
             X         Y         Z           dx          dy          dz
      0.000000  2.028618  3.503152            0           0           0  
     -1.756835  5.071546  3.503152            0           0           0  
      3.513670  2.028618  3.503152            0           0           0  
      1.756835  5.071546  3.503152            0           0           0  
      1.756835  1.000331 10.518484     0.001474   -0.000036    0.000103  
     -0.012105  4.064225 10.518484     0.000894    0.001598    0.000052  
      5.270505  1.014309 10.513107    -0.001665   -0.001433    0.000024  
      3.525775  4.064225 10.518484    -0.000215    0.000297   -0.000168  
      1.756835  1.014309  1.693104            0           0           0  
     -0.000000  4.057236  1.693104            0           0           0  
      5.270505  1.014309  1.693104            0           0           0  
      3.513670  4.057236  1.693104            0           0           0  
      1.756835  1.014309  5.313199            0           0           0  
     -0.000000  4.057236  5.313199            0           0           0  
      5.270505  1.014309  5.313199            0           0           0  
      3.513670  4.057236  5.313199            0           0           0  
     -0.001935  2.027501  8.697558     0.016176    0.000558    0.005088  
     -1.756835  5.071546  8.683004     0.028946    0.025072   -0.000007  
      3.515605  2.027501  8.697558    -0.014763   -0.035359   -0.001697  
      1.756835  5.073780  8.697558    -0.030401    0.009685   -0.003417  
      0.005515  2.031803 12.331033     0.011398   -0.000987   -0.013978  
     -1.756835  5.071546 12.346520     0.027559    0.023879    0.000031  
      3.508155  2.031803 12.331033    -0.013563   -0.029942    0.004661  
      1.756835  5.065178 12.331033    -0.026164    0.006390    0.009314  
      1.756835  3.042927 14.173079     0.006629    0.005753   -0.000144  
 
  20 f  =    4.417007 THz    27.752876 2PiTHz  147.335506 cm-1    18.267266 meV
             X         Y         Z           dx          dy          dz
      0.000000  2.028618  3.503152            0           0           0  
     -1.756835  5.071546  3.503152            0           0           0  
      3.513670  2.028618  3.503152            0           0           0  
      1.756835  5.071546  3.503152            0           0           0  
      1.756835  1.000331 10.518484     0.000001   -0.002058    0.001736  
     -0.012105  4.064225 10.518484    -0.001782    0.001030    0.001737  
      5.270505  1.014309 10.513107    -0.000001    0.000000   -0.009532  
      3.525775  4.064225 10.518484     0.001784    0.001035    0.001729  
      1.756835  1.014309  1.693104            0           0           0  
     -0.000000  4.057236  1.693104            0           0           0  
      5.270505  1.014309  1.693104            0           0           0  
      3.513670  4.057236  1.693104            0           0           0  
      1.756835  1.014309  5.313199            0           0           0  
     -0.000000  4.057236  5.313199            0           0           0  
      5.270505  1.014309  5.313199            0           0           0  
      3.513670  4.057236  5.313199            0           0           0  
     -0.001935  2.027501  8.697558     0.018310    0.010576    0.013703  
     -1.756835  5.071546  8.683004     0.000011    0.000003   -0.045621  
      3.515605  2.027501  8.697558    -0.018312    0.010552    0.013698  
      1.756835  5.073780  8.697558    -0.000014   -0.021134    0.013704  
      0.005515  2.031803 12.331033    -0.018299   -0.010568    0.016146  
     -1.756835  5.071546 12.346520     0.000010    0.000009   -0.040446  
      3.508155  2.031803 12.331033     0.018297   -0.010564    0.016156  
      1.756835  5.065178 12.331033    -0.000011    0.021130    0.016155  
      1.756835  3.042927 14.173079    -0.000009   -0.000000   -0.014141  
 
  21 f  =    4.136618 THz    25.991139 2PiTHz  137.982730 cm-1    17.107670 meV
             X         Y         Z           dx          dy          dz
      0.000000  2.028618  3.503152            0           0           0  
     -1.756835  5.071546  3.503152            0           0           0  
      3.513670  2.028618  3.503152            0           0           0  
      1.756835  5.071546  3.503152            0           0           0  
      1.756835  1.000331 10.518484    -0.005304    0.000211   -0.003345  
     -0.012105  4.064225 10.518484    -0.001126   -0.000644    0.010352  
      5.270505  1.014309 10.513107     0.012302   -0.004100   -0.000002  
      3.525775  4.064225 10.518484    -0.002475    0.003395   -0.007009  
      1.756835  1.014309  1.693104            0           0           0  
     -0.000000  4.057236  1.693104            0           0           0  
      5.270505  1.014309  1.693104            0           0           0  
      3.513670  4.057236  1.693104            0           0           0  
      1.756835  1.014309  5.313199            0           0           0  
     -0.000000  4.057236  5.313199            0           0           0  
      5.270505  1.014309  5.313199            0           0           0  
      3.513670  4.057236  5.313199            0           0           0  
     -0.001935  2.027501  8.697558    -0.012796    0.007849   -0.020738  
     -1.756835  5.071546  8.683004     0.028971   -0.009651    0.000002  
      3.515605  2.027501  8.697558    -0.010891    0.002229    0.030593  
      1.756835  5.073780  8.697558    -0.016727    0.003389   -0.009870  
      0.005515  2.031803 12.331033     0.013002   -0.014269   -0.024521  
     -1.756835  5.071546 12.346520    -0.032736    0.010883    0.000002  
      3.508155  2.031803 12.331033     0.007788    0.001340    0.036205  
      1.756835  5.065178 12.331033     0.023931   -0.001954   -0.011677  
      1.756835  3.042927 14.173079    -0.070811    0.023613    0.000001  
 
  22 f  =    4.136489 THz    25.990327 2PiTHz  137.978419 cm-1    17.107136 meV
             X         Y         Z           dx          dy          dz
      0.000000  2.028618  3.503152            0           0           0  
     -1.756835  5.071546  3.503152            0           0           0  
      3.513670  2.028618  3.503152            0           0           0  
      1.756835  5.071546  3.503152            0           0           0  
      1.756835  1.000331 10.518484     0.001769    0.000641   -0.010022  
     -0.012105  4.064225 10.518484     0.002621    0.004804    0.002122  
      5.270505  1.014309 10.513107    -0.004098   -0.012306    0.000009  
      3.525775  4.064225 10.518484    -0.001423    0.003470    0.007894  
      1.756835  1.014309  1.693104            0           0           0  
     -0.000000  4.057236  1.693104            0           0           0  
      5.270505  1.014309  1.693104            0           0           0  
      3.513670  4.057236  1.693104            0           0           0  
      1.756835  1.014309  5.313199            0           0           0  
     -0.000000  4.057236  5.313199            0           0           0  
      5.270505  1.014309  5.313199            0           0           0  
      3.513670  4.057236  5.313199            0           0           0  
     -0.001935  2.027501  8.697558     0.001116    0.014180    0.023369  
     -1.756835  5.071546  8.683004    -0.009650   -0.028963   -0.000005  
      3.515605  2.027501  8.697558     0.006773    0.016004    0.006276  
      1.756835  5.073780  8.697558     0.005576    0.010206   -0.029641  
      0.005515  2.031803 12.331033     0.004358   -0.016842    0.027645  
     -1.756835  5.071546 12.346520     0.010913    0.032726   -0.000006  
      3.508155  2.031803 12.331033    -0.011283   -0.021985    0.007427  
      1.756835  5.065178 12.331033    -0.007983   -0.005870   -0.035064  
      1.756835  3.042927 14.173079     0.023559    0.070865   -0.000008  
 
  23 f  =    3.810070 THz    23.939375 2PiTHz  127.090249 cm-1    15.757176 meV
             X         Y         Z           dx          dy          dz
      0.000000  2.028618  3.503152            0           0           0  
     -1.756835  5.071546  3.503152            0           0           0  
      3.513670  2.028618  3.503152            0           0           0  
      1.756835  5.071546  3.503152            0           0           0  
      1.756835  1.000331 10.518484    -0.000361    0.000000    0.000006  
     -0.012105  4.064225 10.518484     0.000176    0.000301    0.000010  
      5.270505  1.014309 10.513107     0.000017   -0.000000    0.000008  
      3.525775  4.064225 10.518484     0.000175   -0.000297   -0.000018  
      1.756835  1.014309  1.693104            0           0           0  
     -0.000000  4.057236  1.693104            0           0           0  
      5.270505  1.014309  1.693104            0           0           0  
      3.513670  4.057236  1.693104            0           0           0  
      1.756835  1.014309  5.313199            0           0           0  
     -0.000000  4.057236  5.313199            0           0           0  
      5.270505  1.014309  5.313199            0           0           0  
      3.513670  4.057236  5.313199            0           0           0  
     -0.001935  2.027501  8.697558     0.018667   -0.032119    0.000002  
     -1.756835  5.071546  8.683004    -0.000099   -0.000048   -0.000007  
      3.515605  2.027501  8.697558     0.018623    0.032102    0.000021  
      1.756835  5.073780  8.697558    -0.037217    0.000044   -0.000004  
      0.005515  2.031803 12.331033    -0.017637    0.030320   -0.000000  
     -1.756835  5.071546 12.346520     0.000088    0.000045   -0.000010  
      3.508155  2.031803 12.331033    -0.017585   -0.030305    0.000016  
      1.756835  5.065178 12.331033     0.035158   -0.000034   -0.000013  
      1.756835  3.042927 14.173079    -0.000211   -0.000031   -0.000004  
 
  24 f  =    3.754050 THz    23.587392 2PiTHz  125.221630 cm-1    15.525496 meV
             X         Y         Z           dx          dy          dz
      0.000000  2.028618  3.503152            0           0           0  
     -1.756835  5.071546  3.503152            0           0           0  
      3.513670  2.028618  3.503152            0           0           0  
      1.756835  5.071546  3.503152            0           0           0  
      1.756835  1.000331 10.518484    -0.000716    0.000138   -0.006028  
     -0.012105  4.064225 10.518484     0.001332    0.002491    0.004033  
      5.270505  1.014309 10.513107     0.001649   -0.008451   -0.000001  
      3.525775  4.064225 10.518484    -0.001731    0.003091    0.001993  
      1.756835  1.014309  1.693104            0           0           0  
     -0.000000  4.057236  1.693104            0           0           0  
      5.270505  1.014309  1.693104            0           0           0  
      3.513670  4.057236  1.693104            0           0           0  
      1.756835  1.014309  5.313199            0           0           0  
     -0.000000  4.057236  5.313199            0           0           0  
      5.270505  1.014309  5.313199            0           0           0  
      3.513670  4.057236  5.313199            0           0           0  
     -0.001935  2.027501  8.697558    -0.020374    0.013510    0.002264  
     -1.756835  5.071546  8.683004    -0.006539    0.033494   -0.000003  
      3.515605  2.027501  8.697558     0.027813    0.004132    0.004575  
      1.756835  5.073780  8.697558    -0.004456   -0.032907   -0.006841  
      0.005515  2.031803 12.331033     0.022326   -0.017174    0.002421  
     -1.756835  5.071546 12.346520     0.005438   -0.027832   -0.000003  
      3.508155  2.031803 12.331033    -0.029222   -0.007135    0.004887  
      1.756835  5.065178 12.331033     0.005293    0.032494   -0.007301  
      1.756835  3.042927 14.173079    -0.015905    0.081503   -0.000006  
 
  25 f  =    3.753636 THz    23.584789 2PiTHz  125.207810 cm-1    15.523783 meV
             X         Y         Z           dx          dy          dz
      0.000000  2.028618  3.503152            0           0           0  
     -1.756835  5.071546  3.503152            0           0           0  
      3.513670  2.028618  3.503152            0           0           0  
      1.756835  5.071546  3.503152            0           0           0  
      1.756835  1.000331 10.518484     0.003679    0.000027   -0.001175  
     -0.012105  4.064225 10.518484     0.001328    0.002079   -0.004635  
      5.270505  1.014309 10.513107    -0.008471   -0.001657    0.000018  
      3.525775  4.064225 10.518484     0.000728   -0.000977    0.005796  
      1.756835  1.014309  1.693104            0           0           0  
     -0.000000  4.057236  1.693104            0           0           0  
      5.270505  1.014309  1.693104            0           0           0  
      3.513670  4.057236  1.693104            0           0           0  
      1.756835  1.014309  5.313199            0           0           0  
     -0.000000  4.057236  5.313199            0           0           0  
      5.270505  1.014309  5.313199            0           0           0  
      3.513670  4.057236  5.313199            0           0           0  
     -0.001935  2.027501  8.697558    -0.023624   -0.022475    0.006634  
     -1.756835  5.071546  8.683004     0.033514    0.006537   -0.000017  
      3.515605  2.027501  8.697558    -0.014205    0.025900   -0.005259  
      1.756835  5.073780  8.697558     0.022632   -0.006412   -0.001349  
      0.005515  2.031803 12.331033     0.022562    0.023493    0.007075  
     -1.756835  5.071546 12.346520    -0.027821   -0.005422   -0.000017  
      3.508155  2.031803 12.331033     0.012486   -0.028236   -0.005628  
      1.756835  5.065178 12.331033    -0.026961    0.006344   -0.001444  
      1.756835  3.042927 14.173079     0.081553    0.015967   -0.000011  
 
  26 f  =    3.382768 THz    21.254559 2PiTHz  112.837000 cm-1    13.989999 meV
             X         Y         Z           dx          dy          dz
      0.000000  2.028618  3.503152            0           0           0  
     -1.756835  5.071546  3.503152            0           0           0  
      3.513670  2.028618  3.503152            0           0           0  
      1.756835  5.071546  3.503152            0           0           0  
      1.756835  1.000331 10.518484     0.000505    0.000634   -0.006462  
     -0.012105  4.064225 10.518484     0.000625    0.001310    0.001179  
      5.270505  1.014309 10.513107    -0.001547   -0.004230   -0.000021  
      3.525775  4.064225 10.518484    -0.000026    0.001075    0.005295  
      1.756835  1.014309  1.693104            0           0           0  
     -0.000000  4.057236  1.693104            0           0           0  
      5.270505  1.014309  1.693104            0           0           0  
      3.513670  4.057236  1.693104            0           0           0  
      1.756835  1.014309  5.313199            0           0           0  
     -0.000000  4.057236  5.313199            0           0           0  
      5.270505  1.014309  5.313199            0           0           0  
      3.513670  4.057236  5.313199            0           0           0  
     -0.001935  2.027501  8.697558    -0.016057   -0.027061   -0.001452  
     -1.756835  5.071546  8.683004    -0.011627   -0.031741    0.000015  
      3.515605  2.027501  8.697558    -0.006524   -0.023548   -0.000324  
      1.756835  5.073780  8.697558    -0.008252   -0.033602    0.001751  
      0.005515  2.031803 12.331033     0.016689    0.025693   -0.000622  
     -1.756835  5.071546 12.346520     0.011407    0.031144    0.000016  
      3.508155  2.031803 12.331033     0.005396    0.021538   -0.000137  
      1.756835  5.065178 12.331033     0.007444    0.033423    0.000750  
      1.756835  3.042927 14.173079     0.017899    0.048885   -0.000004  
 
  27 f  =    3.382685 THz    21.254038 2PiTHz  112.834234 cm-1    13.989656 meV
             X         Y         Z           dx          dy          dz
      0.000000  2.028618  3.503152            0           0           0  
     -1.756835  5.071546  3.503152            0           0           0  
      3.513670  2.028618  3.503152            0           0           0  
      1.756835  5.071546  3.503152            0           0           0  
      1.756835  1.000331 10.518484    -0.001391    0.000230   -0.002364  
     -0.012105  4.064225 10.518484    -0.000701    0.000110    0.006787  
      5.270505  1.014309 10.513107     0.004243   -0.001547   -0.000012  
      3.525775  4.064225 10.518484    -0.000935    0.000760   -0.004409  
      1.756835  1.014309  1.693104            0           0           0  
     -0.000000  4.057236  1.693104            0           0           0  
      5.270505  1.014309  1.693104            0           0           0  
      3.513670  4.057236  1.693104            0           0           0  
      1.756835  1.014309  5.313199            0           0           0  
     -0.000000  4.057236  5.313199            0           0           0  
      5.270505  1.014309  5.313199            0           0           0  
      3.513670  4.057236  5.313199            0           0           0  
     -0.001935  2.027501  8.697558     0.029094   -0.004464    0.001180  
     -1.756835  5.071546  8.683004     0.031721   -0.011632    0.000011  
      3.515605  2.027501  8.697558     0.032574   -0.014065   -0.001835  
      1.756835  5.073780  8.697558     0.022556   -0.012309    0.000648  
      0.005515  2.031803 12.331033    -0.028095    0.002978    0.000497  
     -1.756835  5.071546 12.346520    -0.031126    0.011406    0.000012  
      3.508155  2.031803 12.331033    -0.032219    0.014325   -0.000785  
      1.756835  5.065178 12.331033    -0.020343    0.012236    0.000280  
      1.756835  3.042927 14.173079    -0.048974    0.017873    0.000008  
 
  28 f  =    3.222638 THz    20.248431 2PiTHz  107.495628 cm-1    13.327753 meV
             X         Y         Z           dx          dy          dz
      0.000000  2.028618  3.503152            0           0           0  
     -1.756835  5.071546  3.503152            0           0           0  
      3.513670  2.028618  3.503152            0           0           0  
      1.756835  5.071546  3.503152            0           0           0  
      1.756835  1.000331 10.518484    -0.000006   -0.001922   -0.012109  
     -0.012105  4.064225 10.518484    -0.001668    0.000958   -0.012075  
      5.270505  1.014309 10.513107     0.000022    0.000007    0.036757  
      3.525775  4.064225 10.518484     0.001664    0.000951   -0.012027  
      1.756835  1.014309  1.693104            0           0           0  
     -0.000000  4.057236  1.693104            0           0           0  
      5.270505  1.014309  1.693104            0           0           0  
      3.513670  4.057236  1.693104            0           0           0  
      1.756835  1.014309  5.313199            0           0           0  
     -0.000000  4.057236  5.313199            0           0           0  
      5.270505  1.014309  5.313199            0           0           0  
      3.513670  4.057236  5.313199            0           0           0  
     -0.001935  2.027501  8.697558    -0.022234   -0.012826    0.011863  
     -1.756835  5.071546  8.683004    -0.000038   -0.000047   -0.033409  
      3.515605  2.027501  8.697558     0.022268   -0.012838    0.011926  
      1.756835  5.073780  8.697558     0.000033    0.025652    0.011957  
      0.005515  2.031803 12.331033     0.021825    0.012594    0.007939  
     -1.756835  5.071546 12.346520     0.000017    0.000039   -0.028430  
      3.508155  2.031803 12.331033    -0.021844    0.012598    0.007997  
      1.756835  5.065178 12.331033    -0.000014   -0.025183    0.008031  
      1.756835  3.042927 14.173079    -0.000076   -0.000039    0.035632  
 
  29 f  =    3.110323 THz    19.542733 2PiTHz  103.749195 cm-1    12.863255 meV
             X         Y         Z           dx          dy          dz
      0.000000  2.028618  3.503152            0           0           0  
     -1.756835  5.071546  3.503152            0           0           0  
      3.513670  2.028618  3.503152            0           0           0  
      1.756835  5.071546  3.503152            0           0           0  
      1.756835  1.000331 10.518484     0.004548    0.000524   -0.009179  
     -0.012105  4.064225 10.518484    -0.001019    0.001888    0.031870  
      5.270505  1.014309 10.513107    -0.007968    0.002320    0.000023  
      3.525775  4.064225 10.518484     0.000589   -0.003612   -0.022710  
      1.756835  1.014309  1.693104            0           0           0  
     -0.000000  4.057236  1.693104            0           0           0  
      5.270505  1.014309  1.693104            0           0           0  
      3.513670  4.057236  1.693104            0           0           0  
      1.756835  1.014309  5.313199            0           0           0  
     -0.000000  4.057236  5.313199            0           0           0  
      5.270505  1.014309  5.313199            0           0           0  
      3.513670  4.057236  5.313199            0           0           0  
     -0.001935  2.027501  8.697558    -0.009037    0.017835    0.023747  
     -1.756835  5.071546  8.683004     0.021640   -0.006307   -0.000016  
      3.515605  2.027501  8.697558    -0.001928   -0.006495   -0.033321  
      1.756835  5.073780  8.697558    -0.026555   -0.000443    0.009598  
      0.005515  2.031803 12.331033     0.009646   -0.016564    0.021500  
     -1.756835  5.071546 12.346520    -0.022101    0.006441   -0.000015  
      3.508155  2.031803 12.331033     0.003210    0.005456   -0.030178  
      1.756835  5.065178 12.331033     0.025502   -0.000034    0.008685  
      1.756835  3.042927 14.173079     0.039430   -0.011477    0.000019  
 
  30 f  =    3.110197 THz    19.541946 2PiTHz  103.745013 cm-1    12.862736 meV
             X         Y         Z           dx          dy          dz
      0.000000  2.028618  3.503152            0           0           0  
     -1.756835  5.071546  3.503152            0           0           0  
      3.513670  2.028618  3.503152            0           0           0  
      1.756835  5.071546  3.503152            0           0           0  
      1.756835  1.000331 10.518484     0.001315   -0.001801    0.031496  
     -0.012105  4.064225 10.518484     0.002684    0.003761   -0.007827  
      5.270505  1.014309 10.513107    -0.002307   -0.007971    0.000047  
      3.525775  4.064225 10.518484    -0.002811    0.002155   -0.023718  
      1.756835  1.014309  1.693104            0           0           0  
     -0.000000  4.057236  1.693104            0           0           0  
      5.270505  1.014309  1.693104            0           0           0  
      3.513670  4.057236  1.693104            0           0           0  
      1.756835  1.014309  5.313199            0           0           0  
     -0.000000  4.057236  5.313199            0           0           0  
      5.270505  1.014309  5.313199            0           0           0  
      3.513670  4.057236  5.313199            0           0           0  
     -0.001935  2.027501  8.697558     0.010544   -0.016002    0.024782  
     -1.756835  5.071546  8.683004     0.006287    0.021639   -0.000041  
      3.515605  2.027501  8.697558    -0.013729   -0.023112    0.008188  
      1.756835  5.073780  8.697558    -0.007723    0.001560   -0.032928  
      0.005515  2.031803 12.331033    -0.009111    0.015950    0.022446  
     -1.756835  5.071546 12.346520    -0.006438   -0.022097   -0.000040  
      3.508155  2.031803 12.331033     0.012845    0.022382    0.007412  
      1.756835  5.065178 12.331033     0.007433    0.000041   -0.029822  
      1.756835  3.042927 14.173079     0.011429    0.039437    0.000062  
 
  31 f  =    2.193829 THz    13.784234 2PiTHz   73.178258 cm-1     9.072944 meV
             X         Y         Z           dx          dy          dz
      0.000000  2.028618  3.503152            0           0           0  
     -1.756835  5.071546  3.503152            0           0           0  
      3.513670  2.028618  3.503152            0           0           0  
      1.756835  5.071546  3.503152            0           0           0  
      1.756835  1.000331 10.518484     0.019049    0.009419    0.000197  
     -0.012105  4.064225 10.518484    -0.026109    0.020520   -0.000692  
      5.270505  1.014309 10.513107     0.019995   -0.005802   -0.000007  
      3.525775  4.064225 10.518484    -0.013174   -0.024060    0.000500  
      1.756835  1.014309  1.693104            0           0           0  
     -0.000000  4.057236  1.693104            0           0           0  
      5.270505  1.014309  1.693104            0           0           0  
      3.513670  4.057236  1.693104            0           0           0  
      1.756835  1.014309  5.313199            0           0           0  
     -0.000000  4.057236  5.313199            0           0           0  
      5.270505  1.014309  5.313199            0           0           0  
      3.513670  4.057236  5.313199            0           0           0  
     -0.001935  2.027501  8.697558     0.015609    0.015922    0.005378  
     -1.756835  5.071546  8.683004    -0.031961    0.009265   -0.000000  
      3.515605  2.027501  8.697558     0.025091   -0.016743   -0.007538  
      1.756835  5.073780  8.697558    -0.008032   -0.008639    0.002157  
      0.005515  2.031803 12.331033     0.015326    0.017585   -0.007463  
     -1.756835  5.071546 12.346520    -0.032375    0.009385    0.000009  
      3.508155  2.031803 12.331033     0.025548   -0.017636    0.010452  
      1.756835  5.065178 12.331033    -0.010146   -0.008863   -0.002997  
      1.756835  3.042927 14.173079     0.025320   -0.007318   -0.000008  
 
  32 f  =    2.193567 THz    13.782590 2PiTHz   73.169529 cm-1     9.071861 meV
             X         Y         Z           dx          dy          dz
      0.000000  2.028618  3.503152            0           0           0  
     -1.756835  5.071546  3.503152            0           0           0  
      3.513670  2.028618  3.503152            0           0           0  
      1.756835  5.071546  3.503152            0           0           0  
      1.756835  1.000331 10.518484    -0.005526    0.032519    0.000685  
     -0.012105  4.064225 10.518484    -0.016606   -0.012594   -0.000170  
      5.270505  1.014309 10.513107    -0.005792   -0.020008    0.000004  
      3.525775  4.064225 10.518484     0.027991    0.000326   -0.000512  
      1.756835  1.014309  1.693104            0           0           0  
     -0.000000  4.057236  1.693104            0           0           0  
      5.270505  1.014309  1.693104            0           0           0  
      3.513670  4.057236  1.693104            0           0           0  
      1.756835  1.014309  5.313199            0           0           0  
     -0.000000  4.057236  5.313199            0           0           0  
      5.270505  1.014309  5.313199            0           0           0  
      3.513670  4.057236  5.313199            0           0           0  
     -0.001935  2.027501  8.697558    -0.022269   -0.006177   -0.005601  
     -1.756835  5.071546  8.683004     0.009260    0.031963    0.000007  
      3.515605  2.027501  8.697558     0.010470    0.003290   -0.001853  
      1.756835  5.073780  8.697558     0.002331   -0.029787    0.007453  
      0.005515  2.031803 12.331033    -0.023554   -0.005170    0.007768  
     -1.756835  5.071546 12.346520     0.009382    0.032366   -0.000008  
      3.508155  2.031803 12.331033     0.011704    0.005033    0.002579  
      1.756835  5.065178 12.331033     0.002940   -0.030609   -0.010330  
      1.756835  3.042927 14.173079    -0.007347   -0.025312    0.000008  
 
  33 f  =    2.082439 THz    13.084352 2PiTHz   69.462698 cm-1     8.612273 meV
             X         Y         Z           dx          dy          dz
      0.000000  2.028618  3.503152            0           0           0  
     -1.756835  5.071546  3.503152            0           0           0  
      3.513670  2.028618  3.503152            0           0           0  
      1.756835  5.071546  3.503152            0           0           0  
      1.756835  1.000331 10.518484    -0.029904    0.000004   -0.000000  
     -0.012105  4.064225 10.518484     0.014952    0.025956    0.000004  
      5.270505  1.014309 10.513107     0.000002   -0.000003    0.000001  
      3.525775  4.064225 10.518484     0.014939   -0.025948    0.000010  
      1.756835  1.014309  1.693104            0           0           0  
     -0.000000  4.057236  1.693104            0           0           0  
      5.270505  1.014309  1.693104            0           0           0  
      3.513670  4.057236  1.693104            0           0           0  
      1.756835  1.014309  5.313199            0           0           0  
     -0.000000  4.057236  5.313199            0           0           0  
      5.270505  1.014309  5.313199            0           0           0  
      3.513670  4.057236  5.313199            0           0           0  
     -0.001935  2.027501  8.697558    -0.015155    0.026299    0.000013  
     -1.756835  5.071546  8.683004    -0.000033   -0.000004    0.000009  
      3.515605  2.027501  8.697558    -0.015154   -0.026283   -0.000008  
      1.756835  5.073780  8.697558     0.030334    0.000002    0.000003  
      0.005515  2.031803 12.331033    -0.015929    0.027647   -0.000013  
     -1.756835  5.071546 12.346520    -0.000024    0.000004   -0.000001  
      3.508155  2.031803 12.331033    -0.015928   -0.027658    0.000016  
      1.756835  5.065178 12.331033     0.031893    0.000008    0.000004  
      1.756835  3.042927 14.173079     0.000038    0.000010   -0.000010  
 
  34 f  =    0.834069 THz     5.240609 2PiTHz   27.821539 cm-1     3.449430 meV
             X         Y         Z           dx          dy          dz
      0.000000  2.028618  3.503152            0           0           0  
     -1.756835  5.071546  3.503152            0           0           0  
      3.513670  2.028618  3.503152            0           0           0  
      1.756835  5.071546  3.503152            0           0           0  
      1.756835  1.000331 10.518484     0.000007    0.041800   -0.001014  
     -0.012105  4.064225 10.518484     0.036189   -0.020856   -0.001009  
      5.270505  1.014309 10.513107     0.000010    0.000021   -0.002337  
      3.525775  4.064225 10.518484    -0.036196   -0.020858   -0.001010  
      1.756835  1.014309  1.693104            0           0           0  
     -0.000000  4.057236  1.693104            0           0           0  
      5.270505  1.014309  1.693104            0           0           0  
      3.513670  4.057236  1.693104            0           0           0  
      1.756835  1.014309  5.313199            0           0           0  
     -0.000000  4.057236  5.313199            0           0           0  
      5.270505  1.014309  5.313199            0           0           0  
      3.513670  4.057236  5.313199            0           0           0  
     -0.001935  2.027501  8.697558    -0.004376   -0.002500   -0.012139  
     -1.756835  5.071546  8.683004     0.000003    0.000017    0.032525  
      3.515605  2.027501  8.697558     0.004396   -0.002505   -0.012143  
      1.756835  5.073780  8.697558    -0.000002    0.005095   -0.012141  
      0.005515  2.031803 12.331033    -0.002139   -0.001207    0.014699  
     -1.756835  5.071546 12.346520     0.000000    0.000019   -0.040315  
      3.508155  2.031803 12.331033     0.002154   -0.001213    0.014699  
      1.756835  5.065178 12.331033    -0.000005    0.002510    0.014715  
      1.756835  3.042927 14.173079     0.000012    0.000011    0.022328  
 
  35 f  =    0.554216 THz     3.482239 2PiTHz   18.486641 cm-1     2.292050 meV
             X         Y         Z           dx          dy          dz
      0.000000  2.028618  3.503152            0           0           0  
     -1.756835  5.071546  3.503152            0           0           0  
      3.513670  2.028618  3.503152            0           0           0  
      1.756835  5.071546  3.503152            0           0           0  
      1.756835  1.000331 10.518484    -0.000070    0.000390    0.026521  
     -0.012105  4.064225 10.518484     0.000298   -0.000245    0.026521  
      5.270505  1.014309 10.513107    -0.000065   -0.000035    0.026393  
      3.525775  4.064225 10.518484    -0.000444   -0.000238    0.026522  
      1.756835  1.014309  1.693104            0           0           0  
     -0.000000  4.057236  1.693104            0           0           0  
      5.270505  1.014309  1.693104            0           0           0  
      3.513670  4.057236  1.693104            0           0           0  
      1.756835  1.014309  5.313199            0           0           0  
     -0.000000  4.057236  5.313199            0           0           0  
      5.270505  1.014309  5.313199            0           0           0  
      3.513670  4.057236  5.313199            0           0           0  
     -0.001935  2.027501  8.697558    -0.000098   -0.000051    0.026166  
     -1.756835  5.071546  8.683004    -0.000071   -0.000034    0.026521  
      3.515605  2.027501  8.697558    -0.000040   -0.000048    0.026171  
      1.756835  5.073780  8.697558    -0.000074    0.000003    0.026164  
      0.005515  2.031803 12.331033    -0.000059   -0.000031    0.027227  
     -1.756835  5.071546 12.346520    -0.000072   -0.000034    0.026621  
      3.508155  2.031803 12.331033    -0.000073   -0.000026    0.027226  
      1.756835  5.065178 12.331033    -0.000076   -0.000037    0.027232  
      1.756835  3.042927 14.173079    -0.000069   -0.000034    0.027560  
 
  36 f  =    0.376399 THz     2.364982 2PiTHz   12.555306 cm-1     1.556659 meV
             X         Y         Z           dx          dy          dz
      0.000000  2.028618  3.503152            0           0           0  
     -1.756835  5.071546  3.503152            0           0           0  
      3.513670  2.028618  3.503152            0           0           0  
      1.756835  5.071546  3.503152            0           0           0  
      1.756835  1.000331 10.518484     0.026095    0.006160    0.000079  
     -0.012105  4.064225 10.518484     0.025897    0.006352    0.000083  
      5.270505  1.014309 10.513107     0.025477    0.006095    0.000075  
      3.525775  4.064225 10.518484     0.025866    0.006105    0.000067  
      1.756835  1.014309  1.693104            0           0           0  
     -0.000000  4.057236  1.693104            0           0           0  
      5.270505  1.014309  1.693104            0           0           0  
      3.513670  4.057236  1.693104            0           0           0  
      1.756835  1.014309  5.313199            0           0           0  
     -0.000000  4.057236  5.313199            0           0           0  
      5.270505  1.014309  5.313199            0           0           0  
      3.513670  4.057236  5.313199            0           0           0  
     -0.001935  2.027501  8.697558     0.025570    0.006100    0.000271  
     -1.756835  5.071546  8.683004     0.025656    0.006137    0.000063  
      3.515605  2.027501  8.697558     0.025578    0.006145   -0.000068  
      1.756835  5.073780  8.697558     0.025610    0.006109    0.000032  
      0.005515  2.031803 12.331033     0.026182    0.006232   -0.000118  
     -1.756835  5.071546 12.346520     0.026248    0.006278    0.000093  
      3.508155  2.031803 12.331033     0.026210    0.006323    0.000219  
      1.756835  5.065178 12.331033     0.026274    0.006258    0.000117  
      1.756835  3.042927 14.173079     0.025929    0.006198    0.000051  
 
  37 f  =    0.376155 THz     2.363453 2PiTHz   12.547188 cm-1     1.555652 meV
             X         Y         Z           dx          dy          dz
      0.000000  2.028618  3.503152            0           0           0  
     -1.756835  5.071546  3.503152            0           0           0  
      3.513670  2.028618  3.503152            0           0           0  
      1.756835  5.071546  3.503152            0           0           0  
      1.756835  1.000331 10.518484    -0.006245    0.025772    0.000025  
     -0.012105  4.064225 10.518484    -0.006105    0.026003    0.000009  
      5.270505  1.014309 10.513107    -0.006086    0.025487    0.000020  
      3.525775  4.064225 10.518484    -0.006276    0.026074    0.000010  
      1.756835  1.014309  1.693104            0           0           0  
     -0.000000  4.057236  1.693104            0           0           0  
      5.270505  1.014309  1.693104            0           0           0  
      3.513670  4.057236  1.693104            0           0           0  
      1.756835  1.014309  5.313199            0           0           0  
     -0.000000  4.057236  5.313199            0           0           0  
      5.270505  1.014309  5.313199            0           0           0  
      3.513670  4.057236  5.313199            0           0           0  
     -0.001935  2.027501  8.697558    -0.006135    0.025604    0.000080  
     -1.756835  5.071546  8.683004    -0.006133    0.025659   -0.000017  
      3.515605  2.027501  8.697558    -0.006096    0.025593    0.000165  
      1.756835  5.073780  8.697558    -0.006128    0.025558   -0.000167  
      0.005515  2.031803 12.331033    -0.006306    0.026257   -0.000049  
     -1.756835  5.071546 12.346520    -0.006276    0.026247    0.000053  
      3.508155  2.031803 12.331033    -0.006223    0.026245   -0.000134  
      1.756835  5.065178 12.331033    -0.006285    0.026163    0.000189  
      1.756835  3.042927 14.173079    -0.006217    0.025934   -0.000001  
 
  38 fi =    1.919453 THz    12.060280 2PiTHz   64.026067 cm-1     7.938217 meV
             X         Y         Z           dx          dy          dz
      0.000000  2.028618  3.503152            0           0           0  
     -1.756835  5.071546  3.503152            0           0           0  
      3.513670  2.028618  3.503152            0           0           0  
      1.756835  5.071546  3.503152            0           0           0  
      1.756835  1.000331 10.518484     0.043390    0.000132    0.000058  
     -0.012105  4.064225 10.518484     0.006058    0.020598   -0.002225  
      5.270505  1.014309 10.513107    -0.056363    0.001228    0.000002  
      3.525775  4.064225 10.518484     0.006984   -0.021949    0.002169  
      1.756835  1.014309  1.693104            0           0           0  
     -0.000000  4.057236  1.693104            0           0           0  
      5.270505  1.014309  1.693104            0           0           0  
      3.513670  4.057236  1.693104            0           0           0  
      1.756835  1.014309  5.313199            0           0           0  
     -0.000000  4.057236  5.313199            0           0           0  
      5.270505  1.014309  5.313199            0           0           0  
      3.513670  4.057236  5.313199            0           0           0  
     -0.001935  2.027501  8.697558    -0.003014   -0.006729    0.022098  
     -1.756835  5.071546  8.683004    -0.000314    0.000009    0.000003  
      3.515605  2.027501  8.697558    -0.003300    0.006533   -0.022658  
      1.756835  5.073780  8.697558     0.008311    0.000152    0.000563  
      0.005515  2.031803 12.331033    -0.005103   -0.007284   -0.028734  
     -1.756835  5.071546 12.346520     0.002704   -0.000058   -0.000001  
      3.508155  2.031803 12.331033    -0.005417    0.007166    0.029475  
      1.756835  5.065178 12.331033     0.007233    0.000205   -0.000732  
      1.756835  3.042927 14.173079    -0.062699    0.001372    0.000006  
 
  39 fi =    1.919736 THz    12.062059 2PiTHz   64.035509 cm-1     7.939388 meV
             X         Y         Z           dx          dy          dz
      0.000000  2.028618  3.503152            0           0           0  
     -1.756835  5.071546  3.503152            0           0           0  
      3.513670  2.028618  3.503152            0           0           0  
      1.756835  5.071546  3.503152            0           0           0  
      1.756835  1.000331 10.518484     0.000946   -0.005772   -0.002538  
     -0.012105  4.064225 10.518484     0.021422    0.031568    0.001220  
      5.270505  1.014309 10.513107    -0.001229   -0.056355   -0.000003  
      3.525775  4.064225 10.518484    -0.021136    0.030647    0.001313  
      1.756835  1.014309  1.693104            0           0           0  
     -0.000000  4.057236  1.693104            0           0           0  
      5.270505  1.014309  1.693104            0           0           0  
      3.513670  4.057236  1.693104            0           0           0  
      1.756835  1.014309  5.313199            0           0           0  
     -0.000000  4.057236  5.313199            0           0           0  
      5.270505  1.014309  5.313199            0           0           0  
      3.513670  4.057236  5.313199            0           0           0  
     -0.001935  2.027501  8.697558    -0.006688    0.004348    0.013408  
     -1.756835  5.071546  8.683004    -0.000005   -0.000316   -0.000007  
      3.515605  2.027501  8.697558     0.006550    0.004641    0.012433  
      1.756835  5.073780  8.697558     0.000178   -0.006974   -0.025844  
      0.005515  2.031803 12.331033    -0.007325    0.002914   -0.017443  
     -1.756835  5.071546 12.346520     0.000061    0.002705    0.000006  
      3.508155  2.031803 12.331033     0.007097    0.003238   -0.016177  
      1.756835  5.065178 12.331033     0.000157   -0.009414    0.033605  
      1.756835  3.042927 14.173079    -0.001370   -0.062673   -0.000011  
 
