 Eigenvectors and eigenvalues of the dynamical matrix
 ----------------------------------------------------
 
 
   1 f  =   12.988205 THz    81.607298 2PiTHz  433.239881 cm-1    53.714875 meV
             X         Y         Z           dx          dy          dz
     -0.000000  1.825504  3.086976            0           0           0  
     -1.580934  4.563760  3.086976            0           0           0  
      3.161866  1.825504  3.086976            0           0           0  
      1.580932  4.563760  3.086976            0           0           0  
      1.580933  0.911693  9.266012    -0.000002    0.000121    0.011386  
     -0.000917  3.651537  9.266012     0.000103   -0.000060    0.011386  
      4.742799  0.912752  9.255024    -0.000002   -0.000001    0.017678  
      3.162782  3.651537  9.266012    -0.000104   -0.000061    0.011386  
      1.580933  0.912752  1.521777            0           0           0  
     -0.000000  3.651008  1.521777            0           0           0  
      4.742799  0.912752  1.521777            0           0           0  
      3.161865  3.651008  1.521777            0           0           0  
      1.580933  0.912752  4.652176            0           0           0  
     -0.000000  3.651008  4.652176            0           0           0  
      4.742799  0.912752  4.652176            0           0           0  
      3.161865  3.651008  4.652176            0           0           0  
     -0.002023  1.824336  7.689186    -0.004250   -0.002453   -0.003431  
     -1.580934  4.563760  7.694019     0.000002   -0.000001   -0.012676  
      3.163889  1.824336  7.689186     0.004250   -0.002454   -0.003435  
      1.580932  4.566096  7.689186    -0.000002    0.004911   -0.003429  
      0.003949  1.827784 10.862928    -0.041928   -0.024216   -0.050812  
     -1.580934  4.563760 10.842542     0.000001   -0.000003   -0.028926  
      3.157917  1.827784 10.862928     0.041952   -0.024217   -0.050805  
      1.580932  4.559200 10.862928    -0.000003    0.048428   -0.050812  
      1.580932  2.738256 12.383762    -0.000003   -0.000000    0.265283  
 
   2 f  =   12.454292 THz    78.252627 2PiTHz  415.430479 cm-1    51.506792 meV
             X         Y         Z           dx          dy          dz
     -0.000000  1.825504  3.086976            0           0           0  
     -1.580934  4.563760  3.086976            0           0           0  
      3.161866  1.825504  3.086976            0           0           0  
      1.580932  4.563760  3.086976            0           0           0  
      1.580933  0.911693  9.266012     0.000002   -0.000714    0.030578  
     -0.000917  3.651537  9.266012    -0.000609    0.000353    0.030575  
      4.742799  0.912752  9.255024    -0.000000    0.000003    0.016672  
      3.162782  3.651537  9.266012     0.000611    0.000352    0.030575  
      1.580933  0.912752  1.521777            0           0           0  
     -0.000000  3.651008  1.521777            0           0           0  
      4.742799  0.912752  1.521777            0           0           0  
      3.161865  3.651008  1.521777            0           0           0  
      1.580933  0.912752  4.652176            0           0           0  
     -0.000000  3.651008  4.652176            0           0           0  
      4.742799  0.912752  4.652176            0           0           0  
      3.161865  3.651008  4.652176            0           0           0  
     -0.002023  1.824336  7.689186    -0.001142   -0.000652   -0.067035  
     -1.580934  4.563760  7.694019    -0.000001    0.000009   -0.068418  
      3.163889  1.824336  7.689186     0.001140   -0.000652   -0.067026  
      1.580932  4.566096  7.689186    -0.000002    0.001303   -0.067029  
      0.003949  1.827784 10.862928     0.021037    0.012146   -0.004215  
     -1.580934  4.563760 10.842542    -0.000002    0.000013   -0.031376  
      3.157917  1.827784 10.862928    -0.021043    0.012147   -0.004231  
      1.580932  4.559200 10.862928     0.000001   -0.024300   -0.004222  
      1.580932  2.738256 12.383762    -0.000004    0.000002   -0.072420  
 
   3 f  =   11.354421 THz    71.341929 2PiTHz  378.742704 cm-1    46.958089 meV
             X         Y         Z           dx          dy          dz
     -0.000000  1.825504  3.086976            0           0           0  
     -1.580934  4.563760  3.086976            0           0           0  
      3.161866  1.825504  3.086976            0           0           0  
      1.580932  4.563760  3.086976            0           0           0  
      1.580933  0.911693  9.266012     0.000003   -0.008251   -0.015476  
     -0.000917  3.651537  9.266012    -0.007138    0.004142   -0.015491  
      4.742799  0.912752  9.255024    -0.000002    0.000020    0.011714  
      3.162782  3.651537  9.266012     0.007137    0.004140   -0.015495  
      1.580933  0.912752  1.521777            0           0           0  
     -0.000000  3.651008  1.521777            0           0           0  
      4.742799  0.912752  1.521777            0           0           0  
      3.161865  3.651008  1.521777            0           0           0  
      1.580933  0.912752  4.652176            0           0           0  
     -0.000000  3.651008  4.652176            0           0           0  
      4.742799  0.912752  4.652176            0           0           0  
      3.161865  3.651008  4.652176            0           0           0  
     -0.002023  1.824336  7.689186     0.012694    0.007334   -0.053998  
     -1.580934  4.563760  7.694019     0.000004   -0.000020    0.012723  
      3.163889  1.824336  7.689186    -0.012695    0.007332   -0.053972  
      1.580932  4.566096  7.689186    -0.000000   -0.014722   -0.053968  
      0.003949  1.827784 10.862928    -0.024683   -0.014275    0.056943  
     -1.580934  4.563760 10.842542     0.000005    0.000011    0.052421  
      3.157917  1.827784 10.862928     0.024682   -0.014284    0.056936  
      1.580932  4.559200 10.862928    -0.000003    0.028468    0.056924  
      1.580932  2.738256 12.383762    -0.000008    0.000026    0.137616  
 
   4 f  =   11.219888 THz    70.496638 2PiTHz  374.255191 cm-1    46.401709 meV
             X         Y         Z           dx          dy          dz
     -0.000000  1.825504  3.086976            0           0           0  
     -1.580934  4.563760  3.086976            0           0           0  
      3.161866  1.825504  3.086976            0           0           0  
      1.580932  4.563760  3.086976            0           0           0  
      1.580933  0.911693  9.266012    -0.014841   -0.001296    0.001719  
     -0.000917  3.651537  9.266012    -0.015298   -0.000945    0.016495  
      4.742799  0.912752  9.255024    -0.036457   -0.003092   -0.000017  
      3.162782  3.651537  9.266012    -0.015396   -0.001558   -0.018213  
      1.580933  0.912752  1.521777            0           0           0  
     -0.000000  3.651008  1.521777            0           0           0  
      4.742799  0.912752  1.521777            0           0           0  
      3.161865  3.651008  1.521777            0           0           0  
      1.580933  0.912752  4.652176            0           0           0  
     -0.000000  3.651008  4.652176            0           0           0  
      4.742799  0.912752  4.652176            0           0           0  
      3.161865  3.651008  4.652176            0           0           0  
     -0.002023  1.824336  7.689186     0.035958    0.000341   -0.042636  
     -1.580934  4.563760  7.694019     0.007585    0.000606   -0.000103  
      3.163889  1.824336  7.689186     0.036525    0.006352    0.038593  
      1.580932  4.566096  7.689186     0.041405    0.002914    0.004099  
      0.003949  1.827784 10.862928     0.057795    0.037369    0.028379  
     -1.580934  4.563760 10.842542     0.046688    0.003952    0.000076  
      3.157917  1.827784 10.862928     0.051643   -0.035261   -0.025676  
      1.580932  4.559200 10.862928    -0.008242    0.006387   -0.002692  
      1.580932  2.738256 12.383762    -0.127809   -0.010842    0.000011  
 
   5 f  =   11.219347 THz    70.493239 2PiTHz  374.237147 cm-1    46.399472 meV
             X         Y         Z           dx          dy          dz
     -0.000000  1.825504  3.086976            0           0           0  
     -1.580934  4.563760  3.086976            0           0           0  
      3.161866  1.825504  3.086976            0           0           0  
      1.580932  4.563760  3.086976            0           0           0  
      1.580933  0.911693  9.266012    -0.001255    0.015398   -0.020064  
     -0.000917  3.651537  9.266012    -0.001724    0.015072    0.011517  
      4.742799  0.912752  9.255024    -0.003092    0.036445    0.000099  
      3.162782  3.651537  9.266012    -0.000868    0.015018    0.008560  
      1.580933  0.912752  1.521777            0           0           0  
     -0.000000  3.651008  1.521777            0           0           0  
      4.742799  0.912752  1.521777            0           0           0  
      3.161865  3.651008  1.521777            0           0           0  
      1.580933  0.912752  4.652176            0           0           0  
     -0.000000  3.651008  4.652176            0           0           0  
      4.742799  0.912752  4.652176            0           0           0  
      3.161865  3.651008  4.652176            0           0           0  
     -0.002023  1.824336  7.689186     0.006196   -0.039892    0.019913  
     -1.580934  4.563760  7.694019     0.000630   -0.007567    0.000889  
      3.163889  1.824336  7.689186    -0.000062   -0.039375    0.026848  
      1.580932  4.566096  7.689186     0.003505   -0.034581   -0.047118  
      0.003949  1.827784 10.862928    -0.031604   -0.009590   -0.013359  
     -1.580934  4.563760 10.842542     0.003961   -0.046710   -0.000710  
      3.157917  1.827784 10.862928     0.040890   -0.015767   -0.017950  
      1.580932  4.559200 10.862928    -0.000716   -0.075706    0.031190  
      1.580932  2.738256 12.383762    -0.010861    0.127755   -0.000166  
 
   6 f  =   11.199190 THz    70.366587 2PiTHz  373.564773 cm-1    46.316108 meV
             X         Y         Z           dx          dy          dz
     -0.000000  1.825504  3.086976            0           0           0  
     -1.580934  4.563760  3.086976            0           0           0  
      3.161866  1.825504  3.086976            0           0           0  
      1.580932  4.563760  3.086976            0           0           0  
      1.580933  0.911693  9.266012    -0.000044   -0.018492    0.000170  
     -0.000917  3.651537  9.266012    -0.015937    0.009104   -0.000088  
      4.742799  0.912752  9.255024    -0.000010   -0.000257    0.014838  
      3.162782  3.651537  9.266012     0.015896    0.009134   -0.000067  
      1.580933  0.912752  1.521777            0           0           0  
     -0.000000  3.651008  1.521777            0           0           0  
      4.742799  0.912752  1.521777            0           0           0  
      3.161865  3.651008  1.521777            0           0           0  
      1.580933  0.912752  4.652176            0           0           0  
     -0.000000  3.651008  4.652176            0           0           0  
      4.742799  0.912752  4.652176            0           0           0  
      3.161865  3.651008  4.652176            0           0           0  
     -0.002023  1.824336  7.689186     0.016495    0.009769   -0.018089  
     -1.580934  4.563760  7.694019     0.000023    0.000021    0.124650  
      3.163889  1.824336  7.689186    -0.016406    0.009767   -0.018263  
      1.580932  4.566096  7.689186     0.000043   -0.018807   -0.017525  
      0.003949  1.827784 10.862928     0.009194    0.005185   -0.004020  
     -1.580934  4.563760 10.842542     0.000017    0.000347   -0.097211  
      3.157917  1.827784 10.862928    -0.009103    0.005171   -0.003940  
      1.580932  4.559200 10.862928     0.000040   -0.009743   -0.004369  
      1.580932  2.738256 12.383762    -0.000030   -0.000929   -0.020870  
 
   7 f  =   11.026796 THz    69.283401 2PiTHz  367.814317 cm-1    45.603143 meV
             X         Y         Z           dx          dy          dz
     -0.000000  1.825504  3.086976            0           0           0  
     -1.580934  4.563760  3.086976            0           0           0  
      3.161866  1.825504  3.086976            0           0           0  
      1.580932  4.563760  3.086976            0           0           0  
      1.580933  0.911693  9.266012    -0.027471    0.008956    0.013130  
     -0.000917  3.651537  9.266012    -0.012474    0.010024   -0.023328  
      4.742799  0.912752  9.255024    -0.004327    0.002972   -0.000031  
      3.162782  3.651537  9.266012    -0.020950    0.022427    0.010212  
      1.580933  0.912752  1.521777            0           0           0  
     -0.000000  3.651008  1.521777            0           0           0  
      4.742799  0.912752  1.521777            0           0           0  
      3.161865  3.651008  1.521777            0           0           0  
      1.580933  0.912752  4.652176            0           0           0  
     -0.000000  3.651008  4.652176            0           0           0  
      4.742799  0.912752  4.652176            0           0           0  
      3.161865  3.651008  4.652176            0           0           0  
     -0.002023  1.824336  7.689186     0.015885    0.005566    0.039048  
     -1.580934  4.563760  7.694019     0.048780   -0.033125   -0.000184  
      3.163889  1.824336  7.689186     0.032843   -0.019289   -0.089292  
      1.580932  4.566096  7.689186     0.002800   -0.021392    0.050338  
      0.003949  1.827784 10.862928     0.026094   -0.023713   -0.013287  
     -1.580934  4.563760 10.842542     0.017497   -0.011954    0.000113  
      3.157917  1.827784 10.862928     0.020128   -0.014734    0.030399  
      1.580932  4.559200 10.862928     0.030870   -0.014016   -0.017087  
      1.580932  2.738256 12.383762     0.001604   -0.000885   -0.000009  
 
   8 f  =   11.026416 THz    69.281017 2PiTHz  367.801657 cm-1    45.601573 meV
             X         Y         Z           dx          dy          dz
     -0.000000  1.825504  3.086976            0           0           0  
     -1.580934  4.563760  3.086976            0           0           0  
      3.161866  1.825504  3.086976            0           0           0  
      1.580932  4.563760  3.086976            0           0           0  
      1.580933  0.911693  9.266012    -0.018675   -0.013173   -0.019350  
     -0.000917  3.651537  9.266012    -0.017569   -0.028105   -0.001712  
      4.742799  0.912752  9.255024    -0.002979   -0.004366    0.000007  
      3.162782  3.651537  9.266012    -0.005160   -0.019684    0.021045  
      1.580933  0.912752  1.521777            0           0           0  
     -0.000000  3.651008  1.521777            0           0           0  
      4.742799  0.912752  1.521777            0           0           0  
      3.161865  3.651008  1.521777            0           0           0  
      1.580933  0.912752  4.652176            0           0           0  
     -0.000000  3.651008  4.652176            0           0           0  
      4.742799  0.912752  4.652176            0           0           0  
      3.161865  3.651008  4.652176            0           0           0  
     -0.002023  1.824336  7.689186     0.029030    0.018467    0.080543  
     -1.580934  4.563760  7.694019     0.033143    0.048831    0.000025  
      3.163889  1.824336  7.689186     0.004137    0.001591   -0.006563  
      1.580932  4.566096  7.689186     0.001934    0.031562   -0.074053  
      0.003949  1.827784 10.862928     0.011303    0.025288   -0.027344  
     -1.580934  4.563760 10.842542     0.011928    0.017601   -0.000007  
      3.157917  1.827784 10.862928     0.020222    0.031304    0.002229  
      1.580932  4.559200 10.862928     0.020960    0.020596    0.025187  
      1.580932  2.738256 12.383762     0.000902    0.001428    0.000047  
 
   9 f  =   10.615075 THz    66.696481 2PiTHz  354.080777 cm-1    43.900402 meV
             X         Y         Z           dx          dy          dz
     -0.000000  1.825504  3.086976            0           0           0  
     -1.580934  4.563760  3.086976            0           0           0  
      3.161866  1.825504  3.086976            0           0           0  
      1.580932  4.563760  3.086976            0           0           0  
      1.580933  0.911693  9.266012     0.001489   -0.028043    0.029035  
     -0.000917  3.651537  9.266012     0.014563   -0.014001   -0.020310  
      4.742799  0.912752  9.255024    -0.003531    0.015383    0.000017  
      3.162782  3.651537  9.266012    -0.004150   -0.009726   -0.008742  
      1.580933  0.912752  1.521777            0           0           0  
     -0.000000  3.651008  1.521777            0           0           0  
      4.742799  0.912752  1.521777            0           0           0  
      3.161865  3.651008  1.521777            0           0           0  
      1.580933  0.912752  4.652176            0           0           0  
     -0.000000  3.651008  4.652176            0           0           0  
      4.742799  0.912752  4.652176            0           0           0  
      3.161865  3.651008  4.652176            0           0           0  
     -0.002023  1.824336  7.689186    -0.036407    0.049194   -0.003111  
     -1.580934  4.563760  7.694019     0.000184   -0.000745   -0.000013  
      3.163889  1.824336  7.689186     0.037249    0.032261   -0.007228  
      1.580932  4.566096  7.689186    -0.014262   -0.023257    0.010413  
      0.003949  1.827784 10.862928    -0.016855    0.003414   -0.013806  
     -1.580934  4.563760 10.842542    -0.017130    0.074561    0.000001  
      3.157917  1.827784 10.862928     0.030286   -0.007391   -0.032086  
      1.580932  4.559200 10.862928    -0.002671   -0.042856    0.045821  
      1.580932  2.738256 12.383762    -0.029082    0.126640   -0.000008  
 
  10 f  =   10.614835 THz    66.694975 2PiTHz  354.072784 cm-1    43.899410 meV
             X         Y         Z           dx          dy          dz
     -0.000000  1.825504  3.086976            0           0           0  
     -1.580934  4.563760  3.086976            0           0           0  
      3.161866  1.825504  3.086976            0           0           0  
      1.580932  4.563760  3.086976            0           0           0  
      1.580933  0.911693  9.266012    -0.006481   -0.006448    0.006675  
     -0.000917  3.651537  9.266012    -0.020501    0.006580    0.021854  
      4.742799  0.912752  9.255024     0.015382    0.003536   -0.000012  
      3.162782  3.651537  9.266012    -0.024787   -0.012037   -0.028518  
      1.580933  0.912752  1.521777            0           0           0  
     -0.000000  3.651008  1.521777            0           0           0  
      4.742799  0.912752  1.521777            0           0           0  
      3.161865  3.651008  1.521777            0           0           0  
      1.580933  0.912752  4.652176            0           0           0  
     -0.000000  3.651008  4.652176            0           0           0  
      4.742799  0.912752  4.652176            0           0           0  
      3.161865  3.651008  4.652176            0           0           0  
     -0.002023  1.824336  7.689186    -0.010373   -0.027573   -0.010083  
     -1.580934  4.563760  7.694019    -0.000879   -0.000175   -0.000013  
      3.163889  1.824336  7.689186     0.006631    0.046257    0.007732  
      1.580932  4.566096  7.689186     0.062105   -0.005300    0.002365  
      0.003949  1.827784 10.862928    -0.034608   -0.023959   -0.045000  
     -1.580934  4.563760 10.842542     0.074536    0.017134   -0.000011  
      3.157917  1.827784 10.862928    -0.023763    0.023041    0.034472  
      1.580932  4.559200 10.862928     0.011599   -0.009831    0.010548  
      1.580932  2.738256 12.383762     0.126466    0.029105    0.000005  
 
  11 f  =   10.434279 THz    65.560508 2PiTHz  348.050080 cm-1    43.152691 meV
             X         Y         Z           dx          dy          dz
     -0.000000  1.825504  3.086976            0           0           0  
     -1.580934  4.563760  3.086976            0           0           0  
      3.161866  1.825504  3.086976            0           0           0  
      1.580932  4.563760  3.086976            0           0           0  
      1.580933  0.911693  9.266012     0.000035    0.012452   -0.007218  
     -0.000917  3.651537  9.266012     0.010732   -0.006169   -0.007200  
      4.742799  0.912752  9.255024    -0.000027   -0.000018    0.035588  
      3.162782  3.651537  9.266012    -0.010874   -0.006257   -0.007105  
      1.580933  0.912752  1.521777            0           0           0  
     -0.000000  3.651008  1.521777            0           0           0  
      4.742799  0.912752  1.521777            0           0           0  
      3.161865  3.651008  1.521777            0           0           0  
      1.580933  0.912752  4.652176            0           0           0  
     -0.000000  3.651008  4.652176            0           0           0  
      4.742799  0.912752  4.652176            0           0           0  
      3.161865  3.651008  4.652176            0           0           0  
     -0.002023  1.824336  7.689186     0.075745    0.043749    0.007282  
     -1.580934  4.563760  7.694019     0.000332    0.000112   -0.021979  
      3.163889  1.824336  7.689186    -0.075719    0.043515    0.007649  
      1.580932  4.566096  7.689186    -0.000133   -0.087362    0.007591  
      0.003949  1.827784 10.862928     0.008812    0.005077   -0.019650  
     -1.580934  4.563760 10.842542     0.000145   -0.000051    0.020598  
      3.157917  1.827784 10.862928    -0.008952    0.005230   -0.019684  
      1.580932  4.559200 10.862928     0.000105   -0.010294   -0.019733  
      1.580932  2.738256 12.383762     0.000295    0.000003   -0.019882  
 
  12 f  =   10.412920 THz    65.426303 2PiTHz  347.337610 cm-1    43.064356 meV
             X         Y         Z           dx          dy          dz
     -0.000000  1.825504  3.086976            0           0           0  
     -1.580934  4.563760  3.086976            0           0           0  
      3.161866  1.825504  3.086976            0           0           0  
      1.580932  4.563760  3.086976            0           0           0  
      1.580933  0.911693  9.266012    -0.000930   -0.022770   -0.019752  
     -0.000917  3.651537  9.266012     0.015789    0.001098    0.011403  
      4.742799  0.912752  9.255024     0.000928   -0.010391   -0.000035  
      3.162782  3.651537  9.266012    -0.013220    0.003669    0.008360  
      1.580933  0.912752  1.521777            0           0           0  
     -0.000000  3.651008  1.521777            0           0           0  
      4.742799  0.912752  1.521777            0           0           0  
      3.161865  3.651008  1.521777            0           0           0  
      1.580933  0.912752  4.652176            0           0           0  
     -0.000000  3.651008  4.652176            0           0           0  
      4.742799  0.912752  4.652176            0           0           0  
      3.161865  3.651008  4.652176            0           0           0  
     -0.002023  1.824336  7.689186     0.033602   -0.036299   -0.029509  
     -1.580934  4.563760  7.694019    -0.008494    0.095738   -0.000007  
      3.163889  1.824336  7.689186    -0.034755   -0.030263   -0.040123  
      1.580932  4.566096  7.689186     0.004683    0.026150    0.069618  
      0.003949  1.827784 10.862928    -0.022842    0.012832    0.005173  
     -1.580934  4.563760 10.842542    -0.002296    0.025717    0.000024  
      3.157917  1.827784 10.862928     0.025875    0.008526    0.007041  
      1.580932  4.559200 10.862928    -0.002211   -0.031497   -0.012162  
      1.580932  2.738256 12.383762    -0.006614    0.075237    0.000056  
 
  13 f  =   10.412473 THz    65.423499 2PiTHz  347.322722 cm-1    43.062510 meV
             X         Y         Z           dx          dy          dz
     -0.000000  1.825504  3.086976            0           0           0  
     -1.580934  4.563760  3.086976            0           0           0  
      3.161866  1.825504  3.086976            0           0           0  
      1.580932  4.563760  3.086976            0           0           0  
      1.580933  0.911693  9.266012    -0.010715    0.002070    0.001717  
     -0.000917  3.651537  9.266012     0.013166   -0.014778    0.016170  
      4.742799  0.912752  9.255024     0.010375    0.000908    0.000117  
      3.162782  3.651537  9.266012     0.015657    0.014309   -0.017960  
      1.580933  0.912752  1.521777            0           0           0  
     -0.000000  3.651008  1.521777            0           0           0  
      4.742799  0.912752  1.521777            0           0           0  
      3.161865  3.651008  1.521777            0           0           0  
      1.580933  0.912752  4.652176            0           0           0  
     -0.000000  3.651008  4.652176            0           0           0  
      4.742799  0.912752  4.652176            0           0           0  
      3.161865  3.651008  4.652176            0           0           0  
     -0.002023  1.824336  7.689186    -0.009095   -0.031073    0.063418  
     -1.580934  4.563760  7.694019    -0.095740   -0.008490   -0.000117  
      3.163889  1.824336  7.689186    -0.003568    0.037243   -0.057217  
      1.580932  4.566096  7.689186     0.052943   -0.002575   -0.006123  
      0.003949  1.827784 10.862928     0.019627    0.023496   -0.011075  
     -1.580934  4.563760 10.842542    -0.025852   -0.002303    0.000108  
      3.157917  1.827784 10.862928     0.015273   -0.025328    0.009878  
      1.580932  4.559200 10.862928    -0.024728    0.002756    0.001008  
      1.580932  2.738256 12.383762    -0.075427   -0.006652   -0.000058  
 
  14 f  =   10.233334 THz    64.297934 2PiTHz  341.347283 cm-1    42.321650 meV
             X         Y         Z           dx          dy          dz
     -0.000000  1.825504  3.086976            0           0           0  
     -1.580934  4.563760  3.086976            0           0           0  
      3.161866  1.825504  3.086976            0           0           0  
      1.580932  4.563760  3.086976            0           0           0  
      1.580933  0.911693  9.266012    -0.035670    0.000002   -0.000006  
     -0.000917  3.651537  9.266012     0.017847    0.030890    0.000021  
      4.742799  0.912752  9.255024     0.000032   -0.000002    0.000010  
      3.162782  3.651537  9.266012     0.017840   -0.030893   -0.000024  
      1.580933  0.912752  1.521777            0           0           0  
     -0.000000  3.651008  1.521777            0           0           0  
      4.742799  0.912752  1.521777            0           0           0  
      3.161865  3.651008  1.521777            0           0           0  
      1.580933  0.912752  4.652176            0           0           0  
     -0.000000  3.651008  4.652176            0           0           0  
      4.742799  0.912752  4.652176            0           0           0  
      3.161865  3.651008  4.652176            0           0           0  
     -0.002023  1.824336  7.689186     0.030174   -0.052322    0.000038  
     -1.580934  4.563760  7.694019    -0.000062   -0.000000   -0.000004  
      3.163889  1.824336  7.689186     0.030126    0.052349   -0.000044  
      1.580932  4.566096  7.689186    -0.060370   -0.000024    0.000008  
      0.003949  1.827784 10.862928     0.027093   -0.046942   -0.000012  
     -1.580934  4.563760 10.842542     0.000032   -0.000004    0.000005  
      3.157917  1.827784 10.862928     0.027094    0.046956    0.000019  
      1.580932  4.559200 10.862928    -0.054277   -0.000004   -0.000014  
      1.580932  2.738256 12.383762     0.000021   -0.000013   -0.000015  
 
  15 f  =    9.888403 THz    62.130666 2PiTHz  329.841606 cm-1    40.895129 meV
             X         Y         Z           dx          dy          dz
     -0.000000  1.825504  3.086976            0           0           0  
     -1.580934  4.563760  3.086976            0           0           0  
      3.161866  1.825504  3.086976            0           0           0  
      1.580932  4.563760  3.086976            0           0           0  
      1.580933  0.911693  9.266012     0.007193   -0.016476   -0.003915  
     -0.000917  3.651537  9.266012     0.010014    0.014012    0.000395  
      4.742799  0.912752  9.255024     0.011344    0.024657   -0.000013  
      3.162782  3.651537  9.266012    -0.017804    0.001224    0.003527  
      1.580933  0.912752  1.521777            0           0           0  
     -0.000000  3.651008  1.521777            0           0           0  
      4.742799  0.912752  1.521777            0           0           0  
      3.161865  3.651008  1.521777            0           0           0  
      1.580933  0.912752  4.652176            0           0           0  
     -0.000000  3.651008  4.652176            0           0           0  
      4.742799  0.912752  4.652176            0           0           0  
      3.161865  3.651008  4.652176            0           0           0  
     -0.002023  1.824336  7.689186    -0.046545   -0.034269    0.032295  
     -1.580934  4.563760  7.694019     0.021252    0.046236   -0.000019  
      3.163889  1.824336  7.689186     0.000127   -0.012750    0.003658  
      1.580932  4.566096  7.689186    -0.004554   -0.063924   -0.035881  
      0.003949  1.827784 10.862928     0.017795   -0.015924    0.043187  
     -1.580934  4.563760 10.842542     0.026146    0.056908   -0.000025  
      3.157917  1.827784 10.862928    -0.020263   -0.033402    0.004861  
      1.580932  4.559200 10.862928    -0.016337    0.008296   -0.048060  
      1.580932  2.738256 12.383762    -0.052804   -0.114779   -0.000008  
 
  16 f  =    9.888244 THz    62.129672 2PiTHz  329.836329 cm-1    40.894474 meV
             X         Y         Z           dx          dy          dz
     -0.000000  1.825504  3.086976            0           0           0  
     -1.580934  4.563760  3.086976            0           0           0  
      3.161866  1.825504  3.086976            0           0           0  
      1.580932  4.563760  3.086976            0           0           0  
      1.580933  0.911693  9.266012    -0.015646   -0.007582   -0.001805  
     -0.000917  3.651537  9.266012     0.014884   -0.010417    0.004322  
      4.742799  0.912752  9.255024    -0.024653    0.011343   -0.000006  
      3.162782  3.651537  9.266012     0.002081    0.017409   -0.002514  
      1.580933  0.912752  1.521777            0           0           0  
     -0.000000  3.651008  1.521777            0           0           0  
      4.742799  0.912752  1.521777            0           0           0  
      3.161865  3.651008  1.521777            0           0           0  
      1.580933  0.912752  4.652176            0           0           0  
     -0.000000  3.651008  4.652176            0           0           0  
      4.742799  0.912752  4.652176            0           0           0  
      3.161865  3.651008  4.652176            0           0           0  
     -0.002023  1.824336  7.689186     0.039723    0.012594   -0.022808  
     -1.580934  4.563760  7.694019    -0.046265    0.021262   -0.000053  
      3.163889  1.824336  7.689186     0.061204   -0.034169    0.039374  
      1.580932  4.566096  7.689186     0.009901   -0.029430   -0.016507  
      0.003949  1.827784 10.862928     0.011409   -0.030297   -0.030623  
     -1.580934  4.563760 10.842542    -0.056850    0.026162   -0.000019  
      3.157917  1.827784 10.862928    -0.006049    0.007647    0.052749  
      1.580932  4.559200 10.862928     0.035494    0.003824   -0.022099  
      1.580932  2.738256 12.383762     0.114782   -0.052783   -0.000010  
 
  17 f  =    9.564566 THz    60.095944 2PiTHz  319.039597 cm-1    39.555851 meV
             X         Y         Z           dx          dy          dz
     -0.000000  1.825504  3.086976            0           0           0  
     -1.580934  4.563760  3.086976            0           0           0  
      3.161866  1.825504  3.086976            0           0           0  
      1.580932  4.563760  3.086976            0           0           0  
      1.580933  0.911693  9.266012    -0.000008    0.007260   -0.001902  
     -0.000917  3.651537  9.266012     0.006454   -0.003732   -0.001696  
      4.742799  0.912752  9.255024    -0.000008    0.000022    0.019964  
      3.162782  3.651537  9.266012    -0.006441   -0.003716   -0.001721  
      1.580933  0.912752  1.521777            0           0           0  
     -0.000000  3.651008  1.521777            0           0           0  
      4.742799  0.912752  1.521777            0           0           0  
      3.161865  3.651008  1.521777            0           0           0  
      1.580933  0.912752  4.652176            0           0           0  
     -0.000000  3.651008  4.652176            0           0           0  
      4.742799  0.912752  4.652176            0           0           0  
      3.161865  3.651008  4.652176            0           0           0  
     -0.002023  1.824336  7.689186    -0.021718   -0.012029   -0.027660  
     -1.580934  4.563760  7.694019     0.000000    0.000037    0.076000  
      3.163889  1.824336  7.689186     0.021757   -0.012096   -0.027663  
      1.580932  4.566096  7.689186    -0.000046    0.024415   -0.027573  
      0.003949  1.827784 10.862928     0.017298    0.010528   -0.046114  
     -1.580934  4.563760 10.842542     0.000041   -0.000480    0.108366  
      3.157917  1.827784 10.862928    -0.017301    0.010482   -0.046006  
      1.580932  4.559200 10.862928    -0.000038   -0.020343   -0.046663  
      1.580932  2.738256 12.383762     0.000059   -0.000172   -0.030940  
 
  18 f  =    9.532228 THz    59.892753 2PiTHz  317.960892 cm-1    39.422109 meV
             X         Y         Z           dx          dy          dz
     -0.000000  1.825504  3.086976            0           0           0  
     -1.580934  4.563760  3.086976            0           0           0  
      3.161866  1.825504  3.086976            0           0           0  
      1.580932  4.563760  3.086976            0           0           0  
      1.580933  0.911693  9.266012     0.000022   -0.016521   -0.020359  
     -0.000917  3.651537  9.266012     0.007607   -0.004524    0.011041  
      4.742799  0.912752  9.255024    -0.000002    0.000279   -0.000147  
      3.162782  3.651537  9.266012    -0.006427   -0.003855    0.009358  
      1.580933  0.912752  1.521777            0           0           0  
     -0.000000  3.651008  1.521777            0           0           0  
      4.742799  0.912752  1.521777            0           0           0  
      3.161865  3.651008  1.521777            0           0           0  
      1.580933  0.912752  4.652176            0           0           0  
     -0.000000  3.651008  4.652176            0           0           0  
      4.742799  0.912752  4.652176            0           0           0  
      3.161865  3.651008  4.652176            0           0           0  
     -0.002023  1.824336  7.689186    -0.042754    0.046759   -0.002982  
     -1.580934  4.563760  7.694019     0.000251   -0.004973   -0.000506  
      3.163889  1.824336  7.689186     0.043189    0.042621   -0.003575  
      1.580932  4.566096  7.689186    -0.003344   -0.030229    0.007121  
      0.003949  1.827784 10.862928    -0.041016    0.054000    0.029923  
     -1.580934  4.563760 10.842542     0.003043   -0.062953   -0.000766  
      3.157917  1.827784 10.862928     0.040506    0.050085    0.035254  
      1.580932  4.559200 10.862928    -0.003637   -0.018157   -0.064201  
      1.580932  2.738256 12.383762     0.000838   -0.017497    0.000249  
 
  19 f  =    9.530978 THz    59.884903 2PiTHz  317.919215 cm-1    39.416941 meV
             X         Y         Z           dx          dy          dz
     -0.000000  1.825504  3.086976            0           0           0  
     -1.580934  4.563760  3.086976            0           0           0  
      3.161866  1.825504  3.086976            0           0           0  
      1.580932  4.563760  3.086976            0           0           0  
      1.580933  0.911693  9.266012    -0.000167   -0.000787   -0.000988  
     -0.000917  3.651537  9.266012    -0.012021    0.006855   -0.017139  
      4.742799  0.912752  9.255024     0.000243    0.000016    0.000005  
      3.162782  3.651537  9.266012    -0.012713   -0.007250    0.018122  
      1.580933  0.912752  1.521777            0           0           0  
     -0.000000  3.651008  1.521777            0           0           0  
      4.742799  0.912752  1.521777            0           0           0  
      3.161865  3.651008  1.521777            0           0           0  
      1.580933  0.912752  4.652176            0           0           0  
     -0.000000  3.651008  4.652176            0           0           0  
      4.742799  0.912752  4.652176            0           0           0  
      3.161865  3.651008  4.652176            0           0           0  
     -0.002023  1.824336  7.689186    -0.007124   -0.040959   -0.006237  
     -1.580934  4.563760  7.694019    -0.005043   -0.000235    0.000028  
      3.163889  1.824336  7.689186    -0.002992    0.045225    0.005887  
      1.580932  4.566096  7.689186     0.069523   -0.001433    0.000325  
      0.003949  1.827784 10.862928     0.003216   -0.038196    0.057373  
     -1.580934  4.563760 10.842542    -0.063019   -0.003012    0.000045  
      3.157917  1.827784 10.862928     0.007096    0.043192   -0.054290  
      1.580932  4.559200 10.862928     0.075606   -0.000913   -0.003135  
      1.580932  2.738256 12.383762    -0.017302   -0.000846    0.000042  
 
  20 f  =    8.991578 THz    56.495748 2PiTHz  299.926745 cm-1    37.186160 meV
             X         Y         Z           dx          dy          dz
     -0.000000  1.825504  3.086976            0           0           0  
     -1.580934  4.563760  3.086976            0           0           0  
      3.161866  1.825504  3.086976            0           0           0  
      1.580932  4.563760  3.086976            0           0           0  
      1.580933  0.911693  9.266012     0.004952   -0.000004   -0.000330  
     -0.000917  3.651537  9.266012     0.001246    0.002337   -0.007097  
      4.742799  0.912752  9.255024    -0.008851   -0.000349   -0.000001  
      3.162782  3.651537  9.266012     0.001076   -0.002039    0.007428  
      1.580933  0.912752  1.521777            0           0           0  
     -0.000000  3.651008  1.521777            0           0           0  
      4.742799  0.912752  1.521777            0           0           0  
      3.161865  3.651008  1.521777            0           0           0  
      1.580933  0.912752  4.652176            0           0           0  
     -0.000000  3.651008  4.652176            0           0           0  
      4.742799  0.912752  4.652176            0           0           0  
      3.161865  3.651008  4.652176            0           0           0  
     -0.002023  1.824336  7.689186     0.050602    0.031437    0.027672  
     -1.580934  4.563760  7.694019    -0.071193   -0.002805    0.000009  
      3.163889  1.824336  7.689186     0.048170   -0.030350   -0.026439  
      1.580932  4.566096  7.689186    -0.004150    0.002659   -0.001233  
      0.003949  1.827784 10.862928    -0.044821   -0.021735    0.060553  
     -1.580934  4.563760 10.842542     0.071967    0.002831    0.000001  
      3.157917  1.827784 10.862928    -0.043176    0.020151   -0.057860  
      1.580932  4.559200 10.862928    -0.007692   -0.002221   -0.002700  
      1.580932  2.738256 12.383762     0.027561    0.001115    0.000027  
 
  21 f  =    8.990917 THz    56.491596 2PiTHz  299.904703 cm-1    37.183427 meV
             X         Y         Z           dx          dy          dz
     -0.000000  1.825504  3.086976            0           0           0  
     -1.580934  4.563760  3.086976            0           0           0  
      3.161866  1.825504  3.086976            0           0           0  
      1.580932  4.563760  3.086976            0           0           0  
      1.580933  0.911693  9.266012     0.000191    0.000092    0.008392  
     -0.000917  3.651537  9.266012    -0.002157   -0.003596   -0.004480  
      4.742799  0.912752  9.255024    -0.000349    0.008849   -0.000018  
      3.162782  3.651537  9.266012     0.002243   -0.003772   -0.003907  
      1.580933  0.912752  1.521777            0           0           0  
     -0.000000  3.651008  1.521777            0           0           0  
      4.742799  0.912752  1.521777            0           0           0  
      3.161865  3.651008  1.521777            0           0           0  
      1.580933  0.912752  4.652176            0           0           0  
     -0.000000  3.651008  4.652176            0           0           0  
      4.742799  0.912752  4.652176            0           0           0  
      3.161865  3.651008  4.652176            0           0           0  
     -0.002023  1.824336  7.689186    -0.028931   -0.012480   -0.014524  
     -1.580934  4.563760  7.694019    -0.002809    0.071218   -0.000056  
      3.163889  1.824336  7.689186     0.032833   -0.014906   -0.016666  
      1.580932  4.566096  7.689186    -0.000138   -0.067216    0.031256  
      0.003949  1.827784 10.862928     0.019212    0.018922   -0.031800  
     -1.580934  4.563760 10.842542     0.002831   -0.071954   -0.000104  
      3.157917  1.827784 10.862928    -0.022677    0.020595   -0.036494  
      1.580932  4.559200 10.862928    -0.000304    0.056110    0.068429  
      1.580932  2.738256 12.383762     0.001044   -0.027559    0.000021  
 
  22 f  =    8.700002 THz    54.663722 2PiTHz  290.200817 cm-1    35.980299 meV
             X         Y         Z           dx          dy          dz
     -0.000000  1.825504  3.086976            0           0           0  
     -1.580934  4.563760  3.086976            0           0           0  
      3.161866  1.825504  3.086976            0           0           0  
      1.580932  4.563760  3.086976            0           0           0  
      1.580933  0.911693  9.266012     0.002483   -0.000001   -0.000001  
     -0.000917  3.651537  9.266012    -0.001237   -0.002151    0.000003  
      4.742799  0.912752  9.255024     0.000001   -0.000002   -0.000004  
      3.162782  3.651537  9.266012    -0.001238    0.002150   -0.000000  
      1.580933  0.912752  1.521777            0           0           0  
     -0.000000  3.651008  1.521777            0           0           0  
      4.742799  0.912752  1.521777            0           0           0  
      3.161865  3.651008  1.521777            0           0           0  
      1.580933  0.912752  4.652176            0           0           0  
     -0.000000  3.651008  4.652176            0           0           0  
      4.742799  0.912752  4.652176            0           0           0  
      3.161865  3.651008  4.652176            0           0           0  
     -0.002023  1.824336  7.689186     0.035219   -0.061008   -0.000014  
     -1.580934  4.563760  7.694019     0.000002    0.000012   -0.000004  
      3.163889  1.824336  7.689186     0.035218    0.061016    0.000009  
      1.580932  4.566096  7.689186    -0.070469   -0.000004    0.000013  
      0.003949  1.827784 10.862928    -0.036768    0.063722   -0.000008  
     -1.580934  4.563760 10.842542    -0.000008   -0.000011   -0.000001  
      3.157917  1.827784 10.862928    -0.036781   -0.063717    0.000003  
      1.580932  4.559200 10.862928     0.073578   -0.000005    0.000002  
      1.580932  2.738256 12.383762    -0.000061    0.000021    0.000037  
 
  23 f  =    8.247017 THz    51.817537 2PiTHz  275.090881 cm-1    34.106907 meV
             X         Y         Z           dx          dy          dz
     -0.000000  1.825504  3.086976            0           0           0  
     -1.580934  4.563760  3.086976            0           0           0  
      3.161866  1.825504  3.086976            0           0           0  
      1.580932  4.563760  3.086976            0           0           0  
      1.580933  0.911693  9.266012    -0.000817   -0.002869   -0.001789  
     -0.000917  3.651537  9.266012    -0.000718   -0.002054    0.000250  
      4.742799  0.912752  9.255024     0.002292    0.005556   -0.000001  
      3.162782  3.651537  9.266012    -0.001477   -0.002369    0.001541  
      1.580933  0.912752  1.521777            0           0           0  
     -0.000000  3.651008  1.521777            0           0           0  
      4.742799  0.912752  1.521777            0           0           0  
      3.161865  3.651008  1.521777            0           0           0  
      1.580933  0.912752  4.652176            0           0           0  
     -0.000000  3.651008  4.652176            0           0           0  
      4.742799  0.912752  4.652176            0           0           0  
      3.161865  3.651008  4.652176            0           0           0  
     -0.002023  1.824336  7.689186    -0.006482   -0.047241   -0.010456  
     -1.580934  4.563760  7.694019    -0.028803   -0.069827   -0.000003  
      3.163889  1.824336  7.689186    -0.026372   -0.055434   -0.001752  
      1.580932  4.566096  7.689186    -0.023522   -0.034125    0.012202  
      0.003949  1.827784 10.862928    -0.004823    0.058295   -0.012664  
     -1.580934  4.563760 10.842542     0.022712    0.055066    0.000006  
      3.157917  1.827784 10.862928     0.039353    0.076521   -0.002133  
      1.580932  4.559200 10.862928     0.033054    0.029143    0.014805  
      1.580932  2.738256 12.383762    -0.020977   -0.050990    0.000022  
 
  24 f  =    8.246796 THz    51.816150 2PiTHz  275.083521 cm-1    34.105994 meV
             X         Y         Z           dx          dy          dz
     -0.000000  1.825504  3.086976            0           0           0  
     -1.580934  4.563760  3.086976            0           0           0  
      3.161866  1.825504  3.086976            0           0           0  
      1.580932  4.563760  3.086976            0           0           0  
      1.580933  0.911693  9.266012     0.001991   -0.001185   -0.000739  
     -0.000917  3.651537  9.266012     0.002812   -0.001291    0.001928  
      4.742799  0.912752  9.255024    -0.005559    0.002292    0.000005  
      3.162782  3.651537  9.266012     0.002500   -0.000531   -0.001188  
      1.580933  0.912752  1.521777            0           0           0  
     -0.000000  3.651008  1.521777            0           0           0  
      4.742799  0.912752  1.521777            0           0           0  
      3.161865  3.651008  1.521777            0           0           0  
      1.580933  0.912752  4.652176            0           0           0  
     -0.000000  3.651008  4.652176            0           0           0  
      4.742799  0.912752  4.652176            0           0           0  
      3.161865  3.651008  4.652176            0           0           0  
     -0.002023  1.824336  7.689186     0.043959   -0.031099    0.008046  
     -1.580934  4.563760  7.694019     0.069855   -0.028796   -0.000004  
      3.163889  1.824336  7.689186     0.035760   -0.011218   -0.013068  
      1.580932  4.566096  7.689186     0.057048   -0.014071    0.005025  
      0.003949  1.827784 10.862928    -0.051012    0.049894    0.009756  
     -1.580934  4.563760 10.842542    -0.055065    0.022703    0.000004  
      3.157917  1.827784 10.862928    -0.032793    0.005683   -0.015860  
      1.580932  4.559200 10.862928    -0.080163    0.012016    0.006097  
      1.580932  2.738256 12.383762     0.050900   -0.021000    0.000004  
 
  25 f  =    8.055280 THz    50.612817 2PiTHz  268.695219 cm-1    33.313946 meV
             X         Y         Z           dx          dy          dz
     -0.000000  1.825504  3.086976            0           0           0  
     -1.580934  4.563760  3.086976            0           0           0  
      3.161866  1.825504  3.086976            0           0           0  
      1.580932  4.563760  3.086976            0           0           0  
      1.580933  0.911693  9.266012    -0.000004   -0.001954    0.004660  
     -0.000917  3.651537  9.266012    -0.001697    0.000980    0.004650  
      4.742799  0.912752  9.255024     0.000003    0.000005   -0.038720  
      3.162782  3.651537  9.266012     0.001703    0.000985    0.004644  
      1.580933  0.912752  1.521777            0           0           0  
     -0.000000  3.651008  1.521777            0           0           0  
      4.742799  0.912752  1.521777            0           0           0  
      3.161865  3.651008  1.521777            0           0           0  
      1.580933  0.912752  4.652176            0           0           0  
     -0.000000  3.651008  4.652176            0           0           0  
      4.742799  0.912752  4.652176            0           0           0  
      3.161865  3.651008  4.652176            0           0           0  
     -0.002023  1.824336  7.689186     0.011484    0.006640    0.001624  
     -1.580934  4.563760  7.694019     0.000009    0.000001    0.003943  
      3.163889  1.824336  7.689186    -0.011488    0.006615    0.001623  
      1.580932  4.566096  7.689186     0.000000   -0.013246    0.001620  
      0.003949  1.827784 10.862928     0.059386    0.034268    0.002494  
     -1.580934  4.563760 10.842542     0.000004   -0.000011    0.008903  
      3.157917  1.827784 10.862928    -0.059382    0.034275    0.002524  
      1.580932  4.559200 10.862928    -0.000018   -0.068558    0.002529  
      1.580932  2.738256 12.383762     0.000032   -0.000073    0.249962  
 
  26 f  =    6.574210 THz    41.306981 2PiTHz  219.292050 cm-1    27.188737 meV
             X         Y         Z           dx          dy          dz
     -0.000000  1.825504  3.086976            0           0           0  
     -1.580934  4.563760  3.086976            0           0           0  
      3.161866  1.825504  3.086976            0           0           0  
      1.580932  4.563760  3.086976            0           0           0  
      1.580933  0.911693  9.266012     0.001553   -0.003800    0.003503  
     -0.000917  3.651537  9.266012     0.005709   -0.003472   -0.006147  
      4.742799  0.912752  9.255024    -0.027660    0.019041    0.000002  
      3.162782  3.651537  9.266012     0.003344   -0.000018    0.002639  
      1.580933  0.912752  1.521777            0           0           0  
     -0.000000  3.651008  1.521777            0           0           0  
      4.742799  0.912752  1.521777            0           0           0  
      3.161865  3.651008  1.521777            0           0           0  
      1.580933  0.912752  4.652176            0           0           0  
     -0.000000  3.651008  4.652176            0           0           0  
      4.742799  0.912752  4.652176            0           0           0  
      3.161865  3.651008  4.652176            0           0           0  
     -0.002023  1.824336  7.689186    -0.017611   -0.005611    0.006884  
     -1.580934  4.563760  7.694019    -0.004123    0.002857   -0.000001  
      3.163889  1.824336  7.689186    -0.036087    0.021246   -0.015962  
      1.580932  4.566096  7.689186    -0.003605    0.023824    0.009074  
      0.003949  1.827784 10.862928     0.014483    0.020401    0.015041  
     -1.580934  4.563760 10.842542     0.012370   -0.008525   -0.000002  
      3.157917  1.827784 10.862928     0.046178   -0.025616   -0.034879  
      1.580932  4.559200 10.862928    -0.009499   -0.030032    0.019841  
      1.580932  2.738256 12.383762     0.254225   -0.175018   -0.000035  
 
  27 f  =    6.573853 THz    41.304735 2PiTHz  219.280124 cm-1    27.187258 meV
             X         Y         Z           dx          dy          dz
     -0.000000  1.825504  3.086976            0           0           0  
     -1.580934  4.563760  3.086976            0           0           0  
      3.161866  1.825504  3.086976            0           0           0  
      1.580932  4.563760  3.086976            0           0           0  
      1.580933  0.911693  9.266012    -0.001066   -0.005529    0.005086  
     -0.000917  3.651537  9.266012    -0.001394   -0.001349    0.000484  
      4.742799  0.912752  9.255024     0.019044    0.027660    0.000008  
      3.162782  3.651537  9.266012    -0.004842   -0.003727   -0.005575  
      1.580933  0.912752  1.521777            0           0           0  
     -0.000000  3.651008  1.521777            0           0           0  
      4.742799  0.912752  1.521777            0           0           0  
      3.161865  3.651008  1.521777            0           0           0  
      1.580933  0.912752  4.652176            0           0           0  
     -0.000000  3.651008  4.652176            0           0           0  
      4.742799  0.912752  4.652176            0           0           0  
      3.161865  3.651008  4.652176            0           0           0  
     -0.002023  1.824336  7.689186     0.031908    0.020609   -0.014452  
     -1.580934  4.563760  7.694019     0.002840    0.004131   -0.000005  
      3.163889  1.824336  7.689186     0.005077    0.002115    0.001270  
      1.580932  4.566096  7.689186     0.002480    0.034613    0.013182  
      0.003949  1.827784 10.862928    -0.043909   -0.019622   -0.031587  
     -1.580934  4.563760 10.842542    -0.008518   -0.012380    0.000007  
      3.157917  1.827784 10.862928     0.002135    0.012058    0.002780  
      1.580932  4.559200 10.862928     0.006540   -0.043630    0.028801  
      1.580932  2.738256 12.383762    -0.175014   -0.254191   -0.000029  
 
  28 f  =    5.171505 THz    32.493524 2PiTHz  172.502837 cm-1    21.387616 meV
             X         Y         Z           dx          dy          dz
     -0.000000  1.825504  3.086976            0           0           0  
     -1.580934  4.563760  3.086976            0           0           0  
      3.161866  1.825504  3.086976            0           0           0  
      1.580932  4.563760  3.086976            0           0           0  
      1.580933  0.911693  9.266012     0.000455    0.001937   -0.063099  
     -0.000917  3.651537  9.266012    -0.002468   -0.002461    0.039007  
      4.742799  0.912752  9.255024    -0.000686    0.006241   -0.002744  
      3.162782  3.651537  9.266012     0.002403   -0.003021    0.026865  
      1.580933  0.912752  1.521777            0           0           0  
     -0.000000  3.651008  1.521777            0           0           0  
      4.742799  0.912752  1.521777            0           0           0  
      3.161865  3.651008  1.521777            0           0           0  
      1.580933  0.912752  4.652176            0           0           0  
     -0.000000  3.651008  4.652176            0           0           0  
      4.742799  0.912752  4.652176            0           0           0  
      3.161865  3.651008  4.652176            0           0           0  
     -0.002023  1.824336  7.689186    -0.020369    0.028820   -0.015872  
     -1.580934  4.563760  7.694019     0.004132   -0.037733    0.001575  
      3.163889  1.824336  7.689186     0.020161    0.024112   -0.023065  
      1.580932  4.566096  7.689186    -0.004180   -0.012867    0.037395  
      0.003949  1.827784 10.862928     0.020962   -0.030606   -0.015577  
     -1.580934  4.563760 10.842542    -0.004126    0.037734    0.001307  
      3.157917  1.827784 10.862928    -0.020497   -0.025789   -0.022713  
      1.580932  4.559200 10.862928     0.004396    0.012033    0.037371  
      1.580932  2.738256 12.383762     0.001964   -0.018044   -0.002665  
 
  29 f  =    5.171368 THz    32.492666 2PiTHz  172.498282 cm-1    21.387052 meV
             X         Y         Z           dx          dy          dz
     -0.000000  1.825504  3.086976            0           0           0  
     -1.580934  4.563760  3.086976            0           0           0  
      3.161866  1.825504  3.086976            0           0           0  
      1.580932  4.563760  3.086976            0           0           0  
      1.580933  0.911693  9.266012    -0.004142    0.000299   -0.006295  
     -0.000917  3.651537  9.266012     0.000118   -0.002913   -0.051359  
      4.742799  0.912752  9.255024     0.006237    0.000676   -0.001917  
      3.162782  3.651537  9.266012     0.000482    0.002226    0.059593  
      1.580933  0.912752  1.521777            0           0           0  
     -0.000000  3.651008  1.521777            0           0           0  
      4.742799  0.912752  1.521777            0           0           0  
      3.161865  3.651008  1.521777            0           0           0  
      1.580933  0.912752  4.652176            0           0           0  
     -0.000000  3.651008  4.652176            0           0           0  
      4.742799  0.912752  4.652176            0           0           0  
      3.161865  3.651008  4.652176            0           0           0  
     -0.002023  1.824336  7.689186    -0.000527   -0.018221   -0.035254  
     -1.580934  4.563760  7.694019    -0.037749   -0.004088    0.001095  
      3.163889  1.824336  7.689186     0.002419    0.024796    0.030425  
      1.580932  4.566096  7.689186     0.038188   -0.002224    0.003753  
      0.003949  1.827784 10.862928    -0.000583    0.018510   -0.034899  
     -1.580934  4.563760 10.842542     0.037748    0.004092    0.000913  
      3.157917  1.827784 10.862928    -0.003601   -0.025482    0.030381  
      1.580932  4.559200 10.862928    -0.040200    0.002156    0.003878  
      1.580932  2.738256 12.383762    -0.017989   -0.001975   -0.001867  
 
  30 f  =    5.168805 THz    32.476557 2PiTHz  172.412762 cm-1    21.376448 meV
             X         Y         Z           dx          dy          dz
     -0.000000  1.825504  3.086976            0           0           0  
     -1.580934  4.563760  3.086976            0           0           0  
      3.161866  1.825504  3.086976            0           0           0  
      1.580932  4.563760  3.086976            0           0           0  
      1.580933  0.911693  9.266012    -0.000098   -0.003767   -0.025974  
     -0.000917  3.651537  9.266012    -0.003430    0.001749   -0.023166  
      4.742799  0.912752  9.255024     0.000142    0.000265    0.068966  
      3.162782  3.651537  9.266012     0.003456    0.001872   -0.020565  
      1.580933  0.912752  1.521777            0           0           0  
     -0.000000  3.651008  1.521777            0           0           0  
      4.742799  0.912752  1.521777            0           0           0  
      3.161865  3.651008  1.521777            0           0           0  
      1.580933  0.912752  4.652176            0           0           0  
     -0.000000  3.651008  4.652176            0           0           0  
      4.742799  0.912752  4.652176            0           0           0  
      3.161865  3.651008  4.652176            0           0           0  
     -0.002023  1.824336  7.689186    -0.031655   -0.017154    0.011321  
     -1.580934  4.563760  7.694019    -0.000884   -0.001613   -0.039469  
      3.163889  1.824336  7.689186     0.031688   -0.016146    0.012863  
      1.580932  4.566096  7.689186     0.000894    0.035012    0.014524  
      0.003949  1.827784 10.862928     0.032372    0.017517    0.006117  
     -1.580934  4.563760 10.842542     0.000889    0.001620   -0.032764  
      3.157917  1.827784 10.862928    -0.032474    0.016486    0.007649  
      1.580932  4.559200 10.862928    -0.000942   -0.035899    0.009297  
      1.580932  2.738256 12.383762    -0.000419   -0.000773    0.067249  
 
  31 f  =    3.790690 THz    23.817608 2PiTHz  126.443810 cm-1    15.677027 meV
             X         Y         Z           dx          dy          dz
     -0.000000  1.825504  3.086976            0           0           0  
     -1.580934  4.563760  3.086976            0           0           0  
      3.161866  1.825504  3.086976            0           0           0  
      1.580932  4.563760  3.086976            0           0           0  
      1.580933  0.911693  9.266012    -0.021580   -0.030145   -0.000467  
     -0.000917  3.651537  9.266012     0.046669   -0.024366    0.000825  
      4.742799  0.912752  9.255024    -0.029691    0.020660    0.000000  
      3.162782  3.651537  9.266012     0.007572    0.031774   -0.000348  
      1.580933  0.912752  1.521777            0           0           0  
     -0.000000  3.651008  1.521777            0           0           0  
      4.742799  0.912752  1.521777            0           0           0  
      3.161865  3.651008  1.521777            0           0           0  
      1.580933  0.912752  4.652176            0           0           0  
     -0.000000  3.651008  4.652176            0           0           0  
      4.742799  0.912752  4.652176            0           0           0  
      3.161865  3.651008  4.652176            0           0           0  
     -0.002023  1.824336  7.689186    -0.009411   -0.018226   -0.002819  
     -1.580934  4.563760  7.694019     0.036710   -0.025547    0.000007  
      3.163889  1.824336  7.689186    -0.035564    0.019305    0.006606  
      1.580932  4.566096  7.689186     0.010095    0.023186   -0.003779  
      0.003949  1.827784 10.862928    -0.009963   -0.023276    0.002265  
     -1.580934  4.563760 10.842542     0.038085   -0.026495   -0.000006  
      3.157917  1.827784 10.862928    -0.041833    0.022497   -0.005299  
      1.580932  4.559200 10.862928     0.013819    0.027220    0.003043  
      1.580932  2.738256 12.383762    -0.056325    0.039181    0.000003  
 
  32 f  =    3.790315 THz    23.815250 2PiTHz  126.431289 cm-1    15.675475 meV
             X         Y         Z           dx          dy          dz
     -0.000000  1.825504  3.086976            0           0           0  
     -1.580934  4.563760  3.086976            0           0           0  
      3.161866  1.825504  3.086976            0           0           0  
      1.580932  4.563760  3.086976            0           0           0  
      1.580933  0.911693  9.266012    -0.015015    0.043327    0.000680  
     -0.000917  3.651537  9.266012    -0.009218   -0.024855    0.000070  
      4.742799  0.912752  9.255024    -0.020651   -0.029689   -0.000005  
      3.162782  3.651537  9.266012     0.046966    0.014204   -0.000744  
      1.580933  0.912752  1.521777            0           0           0  
     -0.000000  3.651008  1.521777            0           0           0  
      4.742799  0.912752  1.521777            0           0           0  
      3.161865  3.651008  1.521777            0           0           0  
      1.580933  0.912752  4.652176            0           0           0  
     -0.000000  3.651008  4.652176            0           0           0  
      4.742799  0.912752  4.652176            0           0           0  
      3.161865  3.651008  4.652176            0           0           0  
     -0.002023  1.824336  7.689186    -0.034430   -0.013827   -0.006001  
     -1.580934  4.563760  7.694019     0.025545    0.036715    0.000002  
      3.163889  1.824336  7.689186     0.003149    0.012284    0.000559  
      1.580932  4.566096  7.689186     0.007032   -0.033325    0.005437  
      0.003949  1.827784 10.862928    -0.040940   -0.015364    0.004816  
     -1.580934  4.563760 10.842542     0.026501    0.038077    0.000013  
      3.157917  1.827784 10.862928     0.004890    0.016484   -0.000445  
      1.580932  4.559200 10.862928     0.009618   -0.039118   -0.004378  
      1.580932  2.738256 12.383762    -0.039205   -0.056322   -0.000006  
 
  33 f  =    3.664941 THz    23.027503 2PiTHz  122.249270 cm-1    15.156971 meV
             X         Y         Z           dx          dy          dz
     -0.000000  1.825504  3.086976            0           0           0  
     -1.580934  4.563760  3.086976            0           0           0  
      3.161866  1.825504  3.086976            0           0           0  
      1.580932  4.563760  3.086976            0           0           0  
      1.580933  0.911693  9.266012     0.046838    0.000003   -0.000000  
     -0.000917  3.651537  9.266012    -0.023407   -0.040606    0.000002  
      4.742799  0.912752  9.255024    -0.000030   -0.000002    0.000001  
      3.162782  3.651537  9.266012    -0.023406    0.040603   -0.000007  
      1.580933  0.912752  1.521777            0           0           0  
     -0.000000  3.651008  1.521777            0           0           0  
      4.742799  0.912752  1.521777            0           0           0  
      3.161865  3.651008  1.521777            0           0           0  
      1.580933  0.912752  4.652176            0           0           0  
     -0.000000  3.651008  4.652176            0           0           0  
      4.742799  0.912752  4.652176            0           0           0  
      3.161865  3.651008  4.652176            0           0           0  
     -0.002023  1.824336  7.689186     0.021098   -0.036599    0.000003  
     -1.580934  4.563760  7.694019     0.000035    0.000004   -0.000001  
      3.163889  1.824336  7.689186     0.021102    0.036595   -0.000003  
      1.580932  4.566096  7.689186    -0.042243   -0.000002   -0.000004  
      0.003949  1.827784 10.862928     0.022559   -0.039150    0.000001  
     -1.580934  4.563760 10.842542     0.000029    0.000000   -0.000004  
      3.157917  1.827784 10.862928     0.022556    0.039151    0.000001  
      1.580932  4.559200 10.862928    -0.045178   -0.000003   -0.000001  
      1.580932  2.738256 12.383762    -0.000075    0.000003    0.000000  
 
  34 f  =    2.763583 THz    17.364106 2PiTHz   92.183216 cm-1    11.429257 meV
             X         Y         Z           dx          dy          dz
     -0.000000  1.825504  3.086976            0           0           0  
     -1.580934  4.563760  3.086976            0           0           0  
      3.161866  1.825504  3.086976            0           0           0  
      1.580932  4.563760  3.086976            0           0           0  
      1.580933  0.911693  9.266012     0.000009   -0.053281    0.001803  
     -0.000917  3.651537  9.266012    -0.046135    0.026643    0.001801  
      4.742799  0.912752  9.255024     0.000004    0.000001    0.000603  
      3.162782  3.651537  9.266012     0.046150    0.026645    0.001804  
      1.580933  0.912752  1.521777            0           0           0  
     -0.000000  3.651008  1.521777            0           0           0  
      4.742799  0.912752  1.521777            0           0           0  
      3.161865  3.651008  1.521777            0           0           0  
      1.580933  0.912752  4.652176            0           0           0  
     -0.000000  3.651008  4.652176            0           0           0  
      4.742799  0.912752  4.652176            0           0           0  
      3.161865  3.651008  4.652176            0           0           0  
     -0.002023  1.824336  7.689186     0.008889    0.005127    0.012574  
     -1.580934  4.563760  7.694019     0.000004   -0.000013   -0.035820  
      3.163889  1.824336  7.689186    -0.008883    0.005134    0.012575  
      1.580932  4.566096  7.689186     0.000004   -0.010253    0.012562  
      0.003949  1.827784 10.862928     0.000447    0.000242   -0.018926  
     -1.580934  4.563760 10.842542     0.000007   -0.000005    0.047870  
      3.157917  1.827784 10.862928    -0.000432    0.000249   -0.018916  
      1.580932  4.559200 10.862928     0.000008   -0.000494   -0.018916  
      1.580932  2.738256 12.383762     0.000003    0.000026   -0.035342  
 
  35 f  =    0.817532 THz     5.136707 2PiTHz   27.269942 cm-1     3.381040 meV
             X         Y         Z           dx          dy          dz
     -0.000000  1.825504  3.086976            0           0           0  
     -1.580934  4.563760  3.086976            0           0           0  
      3.161866  1.825504  3.086976            0           0           0  
      1.580932  4.563760  3.086976            0           0           0  
      1.580933  0.911693  9.266012     0.000051   -0.000308   -0.039363  
     -0.000917  3.651537  9.266012    -0.000178    0.000096   -0.039361  
      4.742799  0.912752  9.255024     0.000053   -0.000036   -0.039282  
      3.162782  3.651537  9.266012     0.000289    0.000098   -0.039361  
      1.580933  0.912752  1.521777            0           0           0  
     -0.000000  3.651008  1.521777            0           0           0  
      4.742799  0.912752  1.521777            0           0           0  
      3.161865  3.651008  1.521777            0           0           0  
      1.580933  0.912752  4.652176            0           0           0  
     -0.000000  3.651008  4.652176            0           0           0  
      4.742799  0.912752  4.652176            0           0           0  
      3.161865  3.651008  4.652176            0           0           0  
     -0.002023  1.824336  7.689186     0.000069   -0.000029   -0.038818  
     -1.580934  4.563760  7.694019     0.000055   -0.000040   -0.039041  
      3.163889  1.824336  7.689186     0.000036   -0.000029   -0.038816  
      1.580932  4.566096  7.689186     0.000056   -0.000055   -0.038815  
      0.003949  1.827784 10.862928    -0.000028   -0.000083   -0.039824  
     -1.580934  4.563760 10.842542     0.000056   -0.000039   -0.039384  
      3.157917  1.827784 10.862928     0.000126   -0.000081   -0.039824  
      1.580932  4.559200 10.862928     0.000056    0.000059   -0.039825  
      1.580932  2.738256 12.383762     0.000048   -0.000033   -0.040522  
 
  36 f  =    0.435877 THz     2.738694 2PiTHz   14.539281 cm-1     1.802640 meV
             X         Y         Z           dx          dy          dz
     -0.000000  1.825504  3.086976            0           0           0  
     -1.580934  4.563760  3.086976            0           0           0  
      3.161866  1.825504  3.086976            0           0           0  
      1.580932  4.563760  3.086976            0           0           0  
      1.580933  0.911693  9.266012     0.039293   -0.003501    0.000055  
     -0.000917  3.651537  9.266012     0.039188   -0.003454    0.000067  
      4.742799  0.912752  9.255024     0.039056   -0.003506    0.000057  
      3.162782  3.651537  9.266012     0.039172   -0.003576    0.000047  
      1.580933  0.912752  1.521777            0           0           0  
     -0.000000  3.651008  1.521777            0           0           0  
      4.742799  0.912752  1.521777            0           0           0  
      3.161865  3.651008  1.521777            0           0           0  
      1.580933  0.912752  4.652176            0           0           0  
     -0.000000  3.651008  4.652176            0           0           0  
      4.742799  0.912752  4.652176            0           0           0  
      3.161865  3.651008  4.652176            0           0           0  
     -0.002023  1.824336  7.689186     0.038952   -0.003488    0.000122  
     -1.580934  4.563760  7.694019     0.038942   -0.003492    0.000060  
      3.163889  1.824336  7.689186     0.038955   -0.003488   -0.000015  
      1.580932  4.566096  7.689186     0.038935   -0.003488    0.000055  
      0.003949  1.827784 10.862928     0.039406   -0.003549    0.000014  
     -1.580934  4.563760 10.842542     0.039374   -0.003532    0.000052  
      3.157917  1.827784 10.862928     0.039403   -0.003511    0.000104  
      1.580932  4.559200 10.862928     0.039415   -0.003525    0.000063  
      1.580932  2.738256 12.383762     0.039436   -0.003538    0.000055  
 
  37 f  =    0.435348 THz     2.735375 2PiTHz   14.521662 cm-1     1.800456 meV
             X         Y         Z           dx          dy          dz
     -0.000000  1.825504  3.086976            0           0           0  
     -1.580934  4.563760  3.086976            0           0           0  
      3.161866  1.825504  3.086976            0           0           0  
      1.580932  4.563760  3.086976            0           0           0  
      1.580933  0.911693  9.266012     0.003530    0.039146   -0.000020  
     -0.000917  3.651537  9.266012     0.003571    0.039256   -0.000038  
      4.742799  0.912752  9.255024     0.003488    0.039070   -0.000032  
      3.162782  3.651537  9.266012     0.003450    0.039235   -0.000037  
      1.580933  0.912752  1.521777            0           0           0  
     -0.000000  3.651008  1.521777            0           0           0  
      4.742799  0.912752  1.521777            0           0           0  
      3.161865  3.651008  1.521777            0           0           0  
      1.580933  0.912752  4.652176            0           0           0  
     -0.000000  3.651008  4.652176            0           0           0  
      4.742799  0.912752  4.652176            0           0           0  
      3.161865  3.651008  4.652176            0           0           0  
     -0.002023  1.824336  7.689186     0.003492    0.038942    0.000017  
     -1.580934  4.563760  7.694019     0.003487    0.038945   -0.000030  
      3.163889  1.824336  7.689186     0.003487    0.038947   -0.000009  
      1.580932  4.566096  7.689186     0.003490    0.038950   -0.000107  
      0.003949  1.827784 10.862928     0.003514    0.039412   -0.000070  
     -1.580934  4.563760 10.842542     0.003528    0.039373   -0.000032  
      3.157917  1.827784 10.862928     0.003543    0.039418   -0.000040  
      1.580932  4.559200 10.862928     0.003532    0.039398    0.000010  
      1.580932  2.738256 12.383762     0.003513    0.039461   -0.000038  
 
  38 fi =    2.555054 THz    16.053877 2PiTHz   85.227423 cm-1    10.566849 meV
             X         Y         Z           dx          dy          dz
     -0.000000  1.825504  3.086976            0           0           0  
     -1.580934  4.563760  3.086976            0           0           0  
      3.161866  1.825504  3.086976            0           0           0  
      1.580932  4.563760  3.086976            0           0           0  
      1.580933  0.911693  9.266012    -0.053193    0.001289    0.000434  
     -0.000917  3.651537  9.266012    -0.008747   -0.032140    0.002879  
      4.742799  0.912752  9.255024     0.061478    0.007491    0.000003  
      3.162782  3.651537  9.266012    -0.002019    0.023081   -0.003313  
      1.580933  0.912752  1.521777            0           0           0  
     -0.000000  3.651008  1.521777            0           0           0  
      4.742799  0.912752  1.521777            0           0           0  
      3.161865  3.651008  1.521777            0           0           0  
      1.580933  0.912752  4.652176            0           0           0  
     -0.000000  3.651008  4.652176            0           0           0  
      4.742799  0.912752  4.652176            0           0           0  
      3.161865  3.651008  4.652176            0           0           0  
     -0.002023  1.824336  7.689186     0.003778    0.008643   -0.029622  
     -1.580934  4.563760  7.694019     0.003223    0.000397   -0.000001  
      3.163889  1.824336  7.689186     0.001426   -0.010713    0.025732  
      1.580932  4.566096  7.689186    -0.014156    0.001007    0.003896  
      0.003949  1.827784 10.862928     0.007949    0.009412    0.040290  
     -1.580934  4.563760 10.842542    -0.001926   -0.000228    0.000001  
      3.157917  1.827784 10.862928     0.005519   -0.010571   -0.034998  
      1.580932  4.559200 10.862928    -0.010569    0.001532   -0.005292  
      1.580932  2.738256 12.383762     0.072282    0.008805   -0.000008  
 
  39 fi =    2.555486 THz    16.056590 2PiTHz   85.241824 cm-1    10.568634 meV
             X         Y         Z           dx          dy          dz
     -0.000000  1.825504  3.086976            0           0           0  
     -1.580934  4.563760  3.086976            0           0           0  
      3.161866  1.825504  3.086976            0           0           0  
      1.580932  4.563760  3.086976            0           0           0  
      1.580933  0.911693  9.266012    -0.006483   -0.010549   -0.003577  
     -0.000917  3.651537  9.266012     0.026948    0.033907    0.002167  
      4.742799  0.912752  9.255024     0.007481   -0.061465   -0.000001  
      3.162782  3.651537  9.266012    -0.028269    0.040632    0.001409  
      1.580933  0.912752  1.521777            0           0           0  
     -0.000000  3.651008  1.521777            0           0           0  
      4.742799  0.912752  1.521777            0           0           0  
      3.161865  3.651008  1.521777            0           0           0  
      1.580933  0.912752  4.652176            0           0           0  
     -0.000000  3.651008  4.652176            0           0           0  
      4.742799  0.912752  4.652176            0           0           0  
      3.161865  3.651008  4.652176            0           0           0  
     -0.002023  1.824336  7.689186    -0.009366    0.009758    0.012612  
     -1.580934  4.563760  7.694019     0.000392   -0.003220    0.000004  
      3.163889  1.824336  7.689186     0.009992    0.007401    0.019348  
      1.580932  4.566096  7.689186    -0.001733   -0.008172   -0.031963  
      0.003949  1.827784 10.862928    -0.009172    0.006020   -0.017155  
     -1.580934  4.563760 10.842542    -0.000239    0.001933   -0.000001  
      3.157917  1.827784 10.862928     0.010799    0.003590   -0.026321  
      1.580932  4.559200 10.862928    -0.001292   -0.012486    0.043471  
      1.580932  2.738256 12.383762     0.008793   -0.072256   -0.000002  
 
