 Eigenvectors and eigenvalues of the dynamical matrix
 ----------------------------------------------------
 
 
   1 f  =   10.667360 THz    67.025003 2PiTHz  355.824845 cm-1    44.116638 meV
             X         Y         Z           dx          dy          dz
     -0.000000  1.899903  3.253311            0           0           0  
     -1.645365  4.749757  3.253311            0           0           0  
      3.290728  1.899903  3.253311            0           0           0  
      1.645364  4.749757  3.253311            0           0           0  
      1.645364  0.949943  9.763246    -0.000000   -0.002236    0.001227  
     -0.000007  3.799809  9.763246    -0.001943    0.001122    0.001228  
      4.936093  0.949951  9.745651     0.000001    0.000000    0.014659  
      3.290735  3.799809  9.763246     0.001944    0.001123    0.001235  
      1.645364  0.949951  1.581663            0           0           0  
     -0.000001  3.799806  1.581663            0           0           0  
      4.936093  0.949951  1.581663            0           0           0  
      3.290728  3.799806  1.581663            0           0           0  
      1.645364  0.949951  4.924959            0           0           0  
     -0.000001  3.799806  4.924959            0           0           0  
      4.936093  0.949951  4.924959            0           0           0  
      3.290728  3.799806  4.924959            0           0           0  
     -0.000257  1.899754  8.076756     0.000457    0.000262   -0.003467  
     -1.645365  4.749757  8.081979     0.000001   -0.000001   -0.000953  
      3.290986  1.899754  8.076756    -0.000457    0.000262   -0.003469  
      1.645364  4.750054  8.076756    -0.000001   -0.000526   -0.003469  
      0.000557  1.900225 11.456491    -0.018055   -0.010425   -0.012225  
     -1.645365  4.749757 11.445642    -0.000000   -0.000002   -0.002826  
      3.290171  1.900225 11.456491     0.018054   -0.010425   -0.012224  
      1.645364  4.749114 11.456491    -0.000000    0.020847   -0.012225  
      1.645364  2.849854 13.094834     0.000002    0.000002    0.372703  
 
   2 f  =    9.372941 THz    58.891924 2PiTHz  312.647650 cm-1    38.763351 meV
             X         Y         Z           dx          dy          dz
     -0.000000  1.899903  3.253311            0           0           0  
     -1.645365  4.749757  3.253311            0           0           0  
      3.290728  1.899903  3.253311            0           0           0  
      1.645364  4.749757  3.253311            0           0           0  
      1.645364  0.949943  9.763246     0.000001    0.000237    0.044929  
     -0.000007  3.799809  9.763246     0.000205   -0.000118    0.044929  
      4.936093  0.949951  9.745651     0.000001   -0.000001    0.021050  
      3.290735  3.799809  9.763246    -0.000205   -0.000119    0.044930  
      1.645364  0.949951  1.581663            0           0           0  
     -0.000001  3.799806  1.581663            0           0           0  
      4.936093  0.949951  1.581663            0           0           0  
      3.290728  3.799806  1.581663            0           0           0  
      1.645364  0.949951  4.924959            0           0           0  
     -0.000001  3.799806  4.924959            0           0           0  
      4.936093  0.949951  4.924959            0           0           0  
      3.290728  3.799806  4.924959            0           0           0  
     -0.000257  1.899754  8.076756    -0.003307   -0.001911   -0.024562  
     -1.645365  4.749757  8.081979    -0.000001    0.000000   -0.029809  
      3.290986  1.899754  8.076756     0.003306   -0.001909   -0.024562  
      1.645364  4.750054  8.076756     0.000000    0.003819   -0.024562  
      0.000557  1.900225 11.456491     0.005987    0.003457   -0.018516  
     -1.645365  4.749757 11.445642    -0.000001    0.000000   -0.026894  
      3.290171  1.900225 11.456491    -0.005989    0.003459   -0.018516  
      1.645364  4.749114 11.456491     0.000001   -0.006912   -0.018515  
      1.645364  2.849854 13.094834     0.000009   -0.000007   -0.041385  
 
   3 f  =    8.451773 THz    53.104058 2PiTHz  281.920814 cm-1    34.953710 meV
             X         Y         Z           dx          dy          dz
     -0.000000  1.899903  3.253311            0           0           0  
     -1.645365  4.749757  3.253311            0           0           0  
      3.290728  1.899903  3.253311            0           0           0  
      1.645364  4.749757  3.253311            0           0           0  
      1.645364  0.949943  9.763246    -0.008657   -0.003968    0.034121  
     -0.000007  3.799809  9.763246    -0.007206   -0.007365    0.021941  
      4.936093  0.949951  9.745651    -0.020239   -0.015319    0.000004  
      3.290735  3.799809  9.763246    -0.004975   -0.004427   -0.056062  
      1.645364  0.949951  1.581663            0           0           0  
     -0.000001  3.799806  1.581663            0           0           0  
      4.936093  0.949951  1.581663            0           0           0  
      3.290728  3.799806  1.581663            0           0           0  
      1.645364  0.949951  4.924959            0           0           0  
     -0.000001  3.799806  4.924959            0           0           0  
      4.936093  0.949951  4.924959            0           0           0  
      3.290728  3.799806  4.924959            0           0           0  
     -0.000257  1.899754  8.076756     0.002378    0.005064   -0.020043  
     -1.645365  4.749757  8.081979    -0.012383   -0.009387   -0.000001  
      3.290986  1.899754  8.076756     0.013415    0.019632    0.007841  
      1.645364  4.750054  8.076756     0.020500    0.002787    0.012198  
      0.000557  1.900225 11.456491     0.026482    0.013033    0.003631  
     -1.645365  4.749757 11.445642     0.018149    0.013746   -0.000001  
      3.290171  1.900225 11.456491     0.002784   -0.018259   -0.001424  
      1.645364  4.749114 11.456491    -0.012478    0.017916   -0.002207  
      1.645364  2.849854 13.094834    -0.117868   -0.089222    0.000019  
 
   4 f  =    8.451711 THz    53.103668 2PiTHz  281.918743 cm-1    34.953454 meV
             X         Y         Z           dx          dy          dz
     -0.000000  1.899903  3.253311            0           0           0  
     -1.645365  4.749757  3.253311            0           0           0  
      3.290728  1.899903  3.253311            0           0           0  
      1.645364  4.749757  3.253311            0           0           0  
      1.645364  0.949943  9.763246    -0.006557    0.005242   -0.045047  
     -0.000007  3.799809  9.763246    -0.003136    0.006674    0.052067  
      4.936093  0.949951  9.745651    -0.015327    0.020227    0.000005  
      3.290735  3.799809  9.763246    -0.006085    0.008901   -0.007019  
      1.645364  0.949951  1.581663            0           0           0  
     -0.000001  3.799806  1.581663            0           0           0  
      4.936093  0.949951  1.581663            0           0           0  
      3.290728  3.799806  1.581663            0           0           0  
      1.645364  0.949951  4.924959            0           0           0  
     -0.000001  3.799806  4.924959            0           0           0  
      4.936093  0.949951  4.924959            0           0           0  
      3.290728  3.799806  4.924959            0           0           0  
     -0.000257  1.899754  8.076756     0.013266   -0.021816   -0.002509  
     -1.645365  4.749757  8.081979    -0.009379    0.012387    0.000000  
      3.290986  1.899754  8.076756    -0.001309   -0.010783    0.018611  
      1.645364  4.750054  8.076756     0.015523   -0.003687   -0.016104  
      0.000557  1.900225 11.456491    -0.004565    0.015301    0.000453  
     -1.645365  4.749757 11.445642     0.013749   -0.018151    0.000001  
      3.290171  1.900225 11.456491     0.026729   -0.008403   -0.003369  
      1.645364  4.749114 11.456491    -0.009455   -0.023657    0.002910  
      1.645364  2.849854 13.094834    -0.089259    0.117811   -0.000003  
 
   5 f  =    8.310882 THz    52.218814 2PiTHz  277.221196 cm-1    34.371032 meV
             X         Y         Z           dx          dy          dz
     -0.000000  1.899903  3.253311            0           0           0  
     -1.645365  4.749757  3.253311            0           0           0  
      3.290728  1.899903  3.253311            0           0           0  
      1.645364  4.749757  3.253311            0           0           0  
      1.645364  0.949943  9.763246     0.027510    0.000097    0.000910  
     -0.000007  3.799809  9.763246     0.010296    0.010549    0.034325  
      4.936093  0.949951  9.745651     0.033378    0.000753   -0.000000  
      3.290735  3.799809  9.763246     0.009839   -0.009572   -0.035238  
      1.645364  0.949951  1.581663            0           0           0  
     -0.000001  3.799806  1.581663            0           0           0  
      4.936093  0.949951  1.581663            0           0           0  
      3.290728  3.799806  1.581663            0           0           0  
      1.645364  0.949951  4.924959            0           0           0  
     -0.000001  3.799806  4.924959            0           0           0  
      4.936093  0.949951  4.924959            0           0           0  
      3.290728  3.799806  4.924959            0           0           0  
     -0.000257  1.899754  8.076756    -0.017334   -0.012774   -0.011919  
     -1.645365  4.749757  8.081979    -0.019614   -0.000442   -0.000001  
      3.290986  1.899754  8.076756    -0.016754    0.012663    0.011611  
      1.645364  4.750054  8.076756     0.004997   -0.000546    0.000306  
      0.000557  1.900225 11.456491    -0.028294   -0.008156   -0.016215  
     -1.645365  4.749757 11.445642     0.006540    0.000151    0.000005  
      3.290171  1.900225 11.456491    -0.027942    0.007283    0.015795  
      1.645364  4.749114 11.456491    -0.014738   -0.000731    0.000422  
      1.645364  2.849854 13.094834     0.194747    0.004402    0.000005  
 
   6 f  =    8.310686 THz    52.217579 2PiTHz  277.214637 cm-1    34.370219 meV
             X         Y         Z           dx          dy          dz
     -0.000000  1.899903  3.253311            0           0           0  
     -1.645365  4.749757  3.253311            0           0           0  
      3.290728  1.899903  3.253311            0           0           0  
      1.645364  4.749757  3.253311            0           0           0  
      1.645364  0.949943  9.763246     0.000620   -0.004269   -0.040138  
     -0.000007  3.799809  9.763246    -0.009839   -0.021479    0.020858  
      4.936093  0.949951  9.745651     0.000753   -0.033388   -0.000007  
      3.290735  3.799809  9.763246     0.010293   -0.021938    0.019280  
      1.645364  0.949951  1.581663            0           0           0  
     -0.000001  3.799806  1.581663            0           0           0  
      4.936093  0.949951  1.581663            0           0           0  
      3.290728  3.799806  1.581663            0           0           0  
      1.645364  0.949951  4.924959            0           0           0  
     -0.000001  3.799806  4.924959            0           0           0  
      4.936093  0.949951  4.924959            0           0           0  
      3.290728  3.799806  4.924959            0           0           0  
     -0.000257  1.899754  8.076756     0.012326    0.002073    0.006529  
     -1.645365  4.749757  8.081979    -0.000447    0.019610   -0.000005  
      3.290986  1.899754  8.076756    -0.013096    0.002655    0.007063  
      1.645364  4.750054  8.076756     0.000116    0.024395   -0.013581  
      0.000557  1.900225 11.456491     0.007093    0.019025    0.008877  
     -1.645365  4.749757 11.445642     0.000147   -0.006525    0.000003  
      3.290171  1.900225 11.456491    -0.008361    0.019378    0.009597  
      1.645364  4.749114 11.456491    -0.000332    0.032589   -0.018475  
      1.645364  2.849854 13.094834     0.004397   -0.194764    0.000001  
 
   7 f  =    8.063521 THz    50.664600 2PiTHz  268.970124 cm-1    33.348030 meV
             X         Y         Z           dx          dy          dz
     -0.000000  1.899903  3.253311            0           0           0  
     -1.645365  4.749757  3.253311            0           0           0  
      3.290728  1.899903  3.253311            0           0           0  
      1.645364  4.749757  3.253311            0           0           0  
      1.645364  0.949943  9.763246    -0.025787    0.010320   -0.000363  
     -0.000007  3.799809  9.763246    -0.047065    0.017447    0.001724  
      4.936093  0.949951  9.745651    -0.008523    0.001722    0.000002  
      3.290735  3.799809  9.763246    -0.042605   -0.004447   -0.001364  
      1.645364  0.949951  1.581663            0           0           0  
     -0.000001  3.799806  1.581663            0           0           0  
      4.936093  0.949951  1.581663            0           0           0  
      3.290728  3.799806  1.581663            0           0           0  
      1.645364  0.949951  4.924959            0           0           0  
     -0.000001  3.799806  4.924959            0           0           0  
      4.936093  0.949951  4.924959            0           0           0  
      3.290728  3.799806  4.924959            0           0           0  
     -0.000257  1.899754  8.076756     0.013803   -0.009077    0.001752  
     -1.645365  4.749757  8.081979     0.030418   -0.006143    0.000018  
      3.290986  1.899754  8.076756     0.011668    0.001463   -0.002223  
      1.645364  4.750054  8.076756     0.021913   -0.001957    0.000457  
      0.000557  1.900225 11.456491     0.004232   -0.016516   -0.012104  
     -1.645365  4.749757 11.445642     0.033143   -0.006696   -0.000020  
      3.290171  1.900225 11.456491    -0.001078    0.009744    0.015312  
      1.645364  4.749114 11.456491     0.024370    0.001213   -0.003192  
      1.645364  2.849854 13.094834     0.157048   -0.031723   -0.000005  
 
   8 f  =    8.063380 THz    50.663708 2PiTHz  268.965393 cm-1    33.347444 meV
             X         Y         Z           dx          dy          dz
     -0.000000  1.899903  3.253311            0           0           0  
     -1.645365  4.749757  3.253311            0           0           0  
      3.290728  1.899903  3.253311            0           0           0  
      1.645364  4.749757  3.253311            0           0           0  
      1.645364  0.949943  9.763246    -0.005209   -0.051162    0.001791  
     -0.000007  3.799809  9.763246     0.001920   -0.029934   -0.000586  
      4.936093  0.949951  9.745651    -0.001724   -0.008523    0.000017  
      3.290735  3.799809  9.763246    -0.020035   -0.034345   -0.001213  
      1.645364  0.949951  1.581663            0           0           0  
     -0.000001  3.799806  1.581663            0           0           0  
      4.936093  0.949951  1.581663            0           0           0  
      3.290728  3.799806  1.581663            0           0           0  
      1.645364  0.949951  4.924959            0           0           0  
     -0.000001  3.799806  4.924959            0           0           0  
      4.936093  0.949951  4.924959            0           0           0  
      3.290728  3.799806  4.924959            0           0           0  
     -0.000257  1.899754  8.076756    -0.002708    0.017786    0.001541  
     -1.645365  4.749757  8.081979     0.006141    0.030414    0.000003  
      3.290986  1.899754  8.076756     0.007854    0.019910    0.000727  
      1.645364  4.750054  8.076756     0.004430    0.009681   -0.002285  
      0.000557  1.900225 11.456491    -0.012832    0.014112   -0.010681  
     -1.645365  4.749757 11.445642     0.006695    0.033144    0.000002  
      3.290171  1.900225 11.456491     0.013471    0.019410   -0.005141  
      1.645364  4.749114 11.456491     0.004924   -0.006007    0.015824  
      1.645364  2.849854 13.094834     0.031724    0.157090    0.000005  
 
   9 f  =    7.899713 THz    49.635360 2PiTHz  263.506056 cm-1    32.670572 meV
             X         Y         Z           dx          dy          dz
     -0.000000  1.899903  3.253311            0           0           0  
     -1.645365  4.749757  3.253311            0           0           0  
      3.290728  1.899903  3.253311            0           0           0  
      1.645364  4.749757  3.253311            0           0           0  
      1.645364  0.949943  9.763246    -0.047784    0.000003    0.000005  
     -0.000007  3.799809  9.763246     0.023868    0.041409   -0.000008  
      4.936093  0.949951  9.745651     0.000010   -0.000001   -0.000014  
      3.290735  3.799809  9.763246     0.023856   -0.041418    0.000011  
      1.645364  0.949951  1.581663            0           0           0  
     -0.000001  3.799806  1.581663            0           0           0  
      4.936093  0.949951  1.581663            0           0           0  
      3.290728  3.799806  1.581663            0           0           0  
      1.645364  0.949951  4.924959            0           0           0  
     -0.000001  3.799806  4.924959            0           0           0  
      4.936093  0.949951  4.924959            0           0           0  
      3.290728  3.799806  4.924959            0           0           0  
     -0.000257  1.899754  8.076756     0.013310   -0.023074   -0.000008  
     -1.645365  4.749757  8.081979     0.000033    0.000002   -0.000013  
      3.290986  1.899754  8.076756     0.013316    0.023068    0.000018  
      1.645364  4.750054  8.076756    -0.026624    0.000008    0.000006  
      0.000557  1.900225 11.456491     0.013564   -0.023529    0.000001  
     -1.645365  4.749757 11.445642     0.000031    0.000005    0.000008  
      3.290171  1.900225 11.456491     0.013561    0.023528   -0.000007  
      1.645364  4.749114 11.456491    -0.027128   -0.000002    0.000001  
      1.645364  2.849854 13.094834     0.000087    0.000028    0.000012  
 
  10 f  =    7.851633 THz    49.333265 2PiTHz  261.902283 cm-1    32.471730 meV
             X         Y         Z           dx          dy          dz
     -0.000000  1.899903  3.253311            0           0           0  
     -1.645365  4.749757  3.253311            0           0           0  
      3.290728  1.899903  3.253311            0           0           0  
      1.645364  4.749757  3.253311            0           0           0  
      1.645364  0.949943  9.763246     0.000003    0.021142    0.011590  
     -0.000007  3.799809  9.763246     0.018274   -0.010588    0.011578  
      4.936093  0.949951  9.745651    -0.000018   -0.000002   -0.059440  
      3.290735  3.799809  9.763246    -0.018307   -0.010567    0.011574  
      1.645364  0.949951  1.581663            0           0           0  
     -0.000001  3.799806  1.581663            0           0           0  
      4.936093  0.949951  1.581663            0           0           0  
      3.290728  3.799806  1.581663            0           0           0  
      1.645364  0.949951  4.924959            0           0           0  
     -0.000001  3.799806  4.924959            0           0           0  
      4.936093  0.949951  4.924959            0           0           0  
      3.290728  3.799806  4.924959            0           0           0  
     -0.000257  1.899754  8.076756    -0.021559   -0.012431    0.022633  
     -1.645365  4.749757  8.081979     0.000003   -0.000006   -0.044759  
      3.290986  1.899754  8.076756     0.021566   -0.012448    0.022643  
      1.645364  4.750054  8.076756     0.000011    0.024908    0.022622  
      0.000557  1.900225 11.456491     0.002381    0.001377   -0.006567  
     -1.645365  4.749757 11.445642     0.000006   -0.000004    0.022726  
      3.290171  1.900225 11.456491    -0.002377    0.001371   -0.006563  
      1.645364  4.749114 11.456491     0.000014   -0.002751   -0.006534  
      1.645364  2.849854 13.094834     0.000076    0.000096    0.049570  
 
  11 f  =    7.741352 THz    48.640348 2PiTHz  258.223701 cm-1    32.015644 meV
             X         Y         Z           dx          dy          dz
     -0.000000  1.899903  3.253311            0           0           0  
     -1.645365  4.749757  3.253311            0           0           0  
      3.290728  1.899903  3.253311            0           0           0  
      1.645364  4.749757  3.253311            0           0           0  
      1.645364  0.949943  9.763246     0.000006    0.032202   -0.008914  
     -0.000007  3.799809  9.763246     0.027838   -0.016088   -0.008930  
      4.936093  0.949951  9.745651    -0.000020   -0.000008    0.048095  
      3.290735  3.799809  9.763246    -0.027861   -0.016102   -0.008921  
      1.645364  0.949951  1.581663            0           0           0  
     -0.000001  3.799806  1.581663            0           0           0  
      4.936093  0.949951  1.581663            0           0           0  
      3.290728  3.799806  1.581663            0           0           0  
      1.645364  0.949951  4.924959            0           0           0  
     -0.000001  3.799806  4.924959            0           0           0  
      4.936093  0.949951  4.924959            0           0           0  
      3.290728  3.799806  4.924959            0           0           0  
     -0.000257  1.899754  8.076756     0.018396    0.010624    0.001969  
     -1.645365  4.749757  8.081979     0.000008   -0.000019   -0.037803  
      3.290986  1.899754  8.076756    -0.018387    0.010616    0.002005  
      1.645364  4.750054  8.076756     0.000000   -0.021225    0.001967  
      0.000557  1.900225 11.456491    -0.004284   -0.002484   -0.012850  
     -1.645365  4.749757 11.445642     0.000001   -0.000016    0.047748  
      3.290171  1.900225 11.456491     0.004286   -0.002469   -0.012869  
      1.645364  4.749114 11.456491     0.000013    0.004961   -0.012833  
      1.645364  2.849854 13.094834     0.000087    0.000029   -0.043984  
 
  12 f  =    7.620100 THz    47.878501 2PiTHz  254.179178 cm-1    31.514187 meV
             X         Y         Z           dx          dy          dz
     -0.000000  1.899903  3.253311            0           0           0  
     -1.645365  4.749757  3.253311            0           0           0  
      3.290728  1.899903  3.253311            0           0           0  
      1.645364  4.749757  3.253311            0           0           0  
      1.645364  0.949943  9.763246     0.006085   -0.038980   -0.009538  
     -0.000007  3.799809  9.763246     0.029416    0.023120    0.003399  
      4.936093  0.949951  9.745651     0.003588    0.021693   -0.000002  
      3.290735  3.799809  9.763246    -0.036091    0.012248    0.006142  
      1.645364  0.949951  1.581663            0           0           0  
     -0.000001  3.799806  1.581663            0           0           0  
      4.936093  0.949951  1.581663            0           0           0  
      3.290728  3.799806  1.581663            0           0           0  
      1.645364  0.949951  4.924959            0           0           0  
     -0.000001  3.799806  4.924959            0           0           0  
      4.936093  0.949951  4.924959            0           0           0  
      3.290728  3.799806  4.924959            0           0           0  
     -0.000257  1.899754  8.076756    -0.013101   -0.009070   -0.014194  
     -1.645365  4.749757  8.081979     0.003949    0.023817   -0.000038  
      3.290986  1.899754  8.076756     0.006822   -0.005767   -0.007826  
      1.645364  4.750054  8.076756    -0.000273   -0.024669    0.022051  
      0.000557  1.900225 11.456491    -0.005313   -0.003075    0.023872  
     -1.645365  4.749757 11.445642     0.003160    0.019076    0.000035  
      3.290171  1.900225 11.456491     0.002938   -0.001700    0.013193  
      1.645364  4.749114 11.456491     0.000007   -0.009524   -0.037092  
      1.645364  2.849854 13.094834    -0.023999   -0.144842    0.000009  
 
  13 f  =    7.619834 THz    47.876829 2PiTHz  254.170305 cm-1    31.513087 meV
             X         Y         Z           dx          dy          dz
     -0.000000  1.899903  3.253311            0           0           0  
     -1.645365  4.749757  3.253311            0           0           0  
      3.290728  1.899903  3.253311            0           0           0  
      1.645364  4.749757  3.253311            0           0           0  
      1.645364  0.949943  9.763246     0.036612    0.006469    0.001584  
     -0.000007  3.799809  9.763246    -0.025559    0.029777   -0.009042  
      4.936093  0.949951  9.745651     0.021702   -0.003604   -0.000013  
      3.290735  3.799809  9.763246    -0.014684   -0.035652    0.007465  
      1.645364  0.949951  1.581663            0           0           0  
     -0.000001  3.799806  1.581663            0           0           0  
      4.936093  0.949951  1.581663            0           0           0  
      3.290728  3.799806  1.581663            0           0           0  
      1.645364  0.949951  4.924959            0           0           0  
     -0.000001  3.799806  4.924959            0           0           0  
      4.936093  0.949951  4.924959            0           0           0  
      3.290728  3.799806  4.924959            0           0           0  
     -0.000257  1.899754  8.076756    -0.017276   -0.008720   -0.017251  
     -1.645365  4.749757  8.081979     0.023821   -0.003954    0.000007  
      3.290986  1.899754  8.076756    -0.020582    0.011189    0.020913  
      1.645364  4.750054  8.076756    -0.001643    0.004100   -0.003654  
      0.000557  1.900225 11.456491    -0.006467   -0.003714    0.029036  
     -1.645365  4.749757 11.445642     0.019078   -0.003165   -0.000010  
      3.290171  1.900225 11.456491    -0.007841    0.004514   -0.035193  
      1.645364  4.749114 11.456491     0.000008    0.001574    0.006158  
      1.645364  2.849854 13.094834    -0.144820    0.024078    0.000017  
 
  14 f  =    7.208485 THz    45.292246 2PiTHz  240.449172 cm-1    29.811884 meV
             X         Y         Z           dx          dy          dz
     -0.000000  1.899903  3.253311            0           0           0  
     -1.645365  4.749757  3.253311            0           0           0  
      3.290728  1.899903  3.253311            0           0           0  
      1.645364  4.749757  3.253311            0           0           0  
      1.645364  0.949943  9.763246     0.014974    0.002760   -0.003233  
     -0.000007  3.799809  9.763246     0.010076    0.013646   -0.002247  
      4.936093  0.949951  9.745651    -0.042745   -0.030952   -0.000007  
      3.290735  3.799809  9.763246     0.003121    0.003991    0.005484  
      1.645364  0.949951  1.581663            0           0           0  
     -0.000001  3.799806  1.581663            0           0           0  
      4.936093  0.949951  1.581663            0           0           0  
      3.290728  3.799806  1.581663            0           0           0  
      1.645364  0.949951  4.924959            0           0           0  
     -0.000001  3.799806  4.924959            0           0           0  
      4.936093  0.949951  4.924959            0           0           0  
      3.290728  3.799806  4.924959            0           0           0  
     -0.000257  1.899754  8.076756     0.022176    0.011389   -0.057268  
     -1.645365  4.749757  8.081979     0.000710    0.000503    0.000016  
      3.290986  1.899754  8.076756     0.003381   -0.014583    0.023509  
      1.645364  4.750054  8.076756    -0.009706    0.014686    0.033758  
      0.000557  1.900225 11.456491    -0.002918   -0.000931    0.020620  
     -1.645365  4.749757 11.445642    -0.011530   -0.008362   -0.000016  
      3.290171  1.900225 11.456491     0.001822    0.005626   -0.008468  
      1.645364  4.749114 11.456491     0.005136   -0.001764   -0.012148  
      1.645364  2.849854 13.094834     0.114164    0.082668    0.000005  
 
  15 f  =    7.208352 THz    45.291411 2PiTHz  240.444738 cm-1    29.811335 meV
             X         Y         Z           dx          dy          dz
     -0.000000  1.899903  3.253311            0           0           0  
     -1.645365  4.749757  3.253311            0           0           0  
      3.290728  1.899903  3.253311            0           0           0  
      1.645364  4.749757  3.253311            0           0           0  
      1.645364  0.949943  9.763246    -0.010840    0.003821   -0.004469  
     -0.000007  3.799809  9.763246     0.000068    0.008681    0.005029  
      4.936093  0.949951  9.745651     0.030945   -0.042743    0.000008  
      3.290735  3.799809  9.763246    -0.009620    0.015677   -0.000565  
      1.645364  0.949951  1.581663            0           0           0  
     -0.000001  3.799806  1.581663            0           0           0  
      4.936093  0.949951  1.581663            0           0           0  
      3.290728  3.799806  1.581663            0           0           0  
      1.645364  0.949951  4.924959            0           0           0  
     -0.000001  3.799806  4.924959            0           0           0  
      4.936093  0.949951  4.924959            0           0           0  
      3.290728  3.799806  4.924959            0           0           0  
     -0.000257  1.899754  8.076756     0.003734   -0.011631    0.005928  
     -1.645365  4.749757  8.081979    -0.000532    0.000714   -0.000018  
      3.290986  1.899754  8.076756    -0.022235    0.007188   -0.052554  
      1.645364  4.750054  8.076756     0.007045    0.020274    0.046647  
      0.000557  1.900225 11.456491    -0.002882    0.005598   -0.002132  
     -1.645365  4.749757 11.445642     0.008330   -0.011537    0.000015  
      3.290171  1.900225 11.456491     0.003676    0.000865    0.018919  
      1.645364  4.749114 11.456491    -0.003706   -0.002430   -0.016807  
      1.645364  2.849854 13.094834    -0.082636    0.114104   -0.000026  
 
  16 f  =    6.941969 THz    43.617675 2PiTHz  231.559145 cm-1    28.709662 meV
             X         Y         Z           dx          dy          dz
     -0.000000  1.899903  3.253311            0           0           0  
     -1.645365  4.749757  3.253311            0           0           0  
      3.290728  1.899903  3.253311            0           0           0  
      1.645364  4.749757  3.253311            0           0           0  
      1.645364  0.949943  9.763246    -0.000002    0.002550    0.001599  
     -0.000007  3.799809  9.763246     0.002214   -0.001279    0.001597  
      4.936093  0.949951  9.745651     0.000002    0.000003    0.010108  
      3.290735  3.799809  9.763246    -0.002212   -0.001278    0.001594  
      1.645364  0.949951  1.581663            0           0           0  
     -0.000001  3.799806  1.581663            0           0           0  
      4.936093  0.949951  1.581663            0           0           0  
      3.290728  3.799806  1.581663            0           0           0  
      1.645364  0.949951  4.924959            0           0           0  
     -0.000001  3.799806  4.924959            0           0           0  
      4.936093  0.949951  4.924959            0           0           0  
      3.290728  3.799806  4.924959            0           0           0  
     -0.000257  1.899754  8.076756     0.003809    0.002203    0.038799  
     -1.645365  4.749757  8.081979     0.000000    0.000001    0.034665  
      3.290986  1.899754  8.076756    -0.003807    0.002198    0.038798  
      1.645364  4.750054  8.076756    -0.000005   -0.004403    0.038791  
      0.000557  1.900225 11.456491    -0.002197   -0.001267   -0.040939  
     -1.645365  4.749757 11.445642     0.000004    0.000004   -0.038368  
      3.290171  1.900225 11.456491     0.002196   -0.001267   -0.040931  
      1.645364  4.749114 11.456491    -0.000004    0.002538   -0.040934  
      1.645364  2.849854 13.094834     0.000009   -0.000011   -0.053004  
 
  17 f  =    6.131487 THz    38.525266 2PiTHz  204.524375 cm-1    25.357779 meV
             X         Y         Z           dx          dy          dz
     -0.000000  1.899903  3.253311            0           0           0  
     -1.645365  4.749757  3.253311            0           0           0  
      3.290728  1.899903  3.253311            0           0           0  
      1.645364  4.749757  3.253311            0           0           0  
      1.645364  0.949943  9.763246     0.001740    0.001967    0.004348  
     -0.000007  3.799809  9.763246     0.001702    0.002746    0.000217  
      4.936093  0.949951  9.745651     0.000093    0.000140    0.000002  
      3.290735  3.799809  9.763246     0.001032    0.002331   -0.004566  
      1.645364  0.949951  1.581663            0           0           0  
     -0.000001  3.799806  1.581663            0           0           0  
      4.936093  0.949951  1.581663            0           0           0  
      3.290728  3.799806  1.581663            0           0           0  
      1.645364  0.949951  4.924959            0           0           0  
     -0.000001  3.799806  4.924959            0           0           0  
      4.936093  0.949951  4.924959            0           0           0  
      3.290728  3.799806  4.924959            0           0           0  
     -0.000257  1.899754  8.076756     0.025732   -0.014287    0.000097  
     -1.645365  4.749757  8.081979     0.025114    0.039529   -0.000010  
      3.290986  1.899754  8.076756    -0.026610   -0.047529   -0.000008  
      1.645364  4.750054  8.076756    -0.029231    0.014421   -0.000087  
      0.000557  1.900225 11.456491     0.017580   -0.011968   -0.019683  
     -1.645365  4.749757 11.445642     0.024124    0.037975   -0.000001  
      3.290171  1.900225 11.456491    -0.020288   -0.036033    0.000943  
      1.645364  4.749114 11.456491    -0.022195    0.008808    0.018749  
      1.645364  2.849854 13.094834     0.002647    0.004185   -0.000010  
 
  18 f  =    6.131219 THz    38.523583 2PiTHz  204.515441 cm-1    25.356672 meV
             X         Y         Z           dx          dy          dz
     -0.000000  1.899903  3.253311            0           0           0  
     -1.645365  4.749757  3.253311            0           0           0  
      3.290728  1.899903  3.253311            0           0           0  
      1.645364  4.749757  3.253311            0           0           0  
      1.645364  0.949943  9.763246    -0.002730    0.001251    0.002763  
     -0.000007  3.799809  9.763246    -0.001952    0.001276   -0.005146  
      4.936093  0.949951  9.745651    -0.000166    0.000109   -0.000008  
      3.290735  3.799809  9.763246    -0.002365    0.001943    0.002384  
      1.645364  0.949951  1.581663            0           0           0  
     -0.000001  3.799806  1.581663            0           0           0  
      4.936093  0.949951  1.581663            0           0           0  
      3.290728  3.799806  1.581663            0           0           0  
      1.645364  0.949951  4.924959            0           0           0  
     -0.000001  3.799806  4.924959            0           0           0  
      4.936093  0.949951  4.924959            0           0           0  
      3.290728  3.799806  4.924959            0           0           0  
     -0.000257  1.899754  8.076756     0.017323   -0.045788   -0.000046  
     -1.645365  4.749757  8.081979    -0.039546    0.025104   -0.000012  
      3.290986  1.899754  8.076756    -0.015950    0.006540    0.000137  
      1.645364  4.750054  8.076756     0.045996    0.009140   -0.000066  
      0.000557  1.900225 11.456491     0.014180   -0.034186    0.010289  
     -1.645365  4.749757 11.445642    -0.037961    0.024126   -0.000020  
      3.290171  1.900225 11.456491    -0.009896    0.003697   -0.022204  
      1.645364  4.749114 11.456491     0.034951    0.005584    0.011926  
      1.645364  2.849854 13.094834    -0.004143    0.002654    0.000028  
 
  19 f  =    5.991796 THz    37.647566 2PiTHz  199.864808 cm-1    24.780067 meV
             X         Y         Z           dx          dy          dz
     -0.000000  1.899903  3.253311            0           0           0  
     -1.645365  4.749757  3.253311            0           0           0  
      3.290728  1.899903  3.253311            0           0           0  
      1.645364  4.749757  3.253311            0           0           0  
      1.645364  0.949943  9.763246    -0.000001    0.001101   -0.002983  
     -0.000007  3.799809  9.763246     0.000949   -0.000547   -0.002994  
      4.936093  0.949951  9.745651    -0.000003    0.000002    0.019649  
      3.290735  3.799809  9.763246    -0.000955   -0.000551   -0.002987  
      1.645364  0.949951  1.581663            0           0           0  
     -0.000001  3.799806  1.581663            0           0           0  
      4.936093  0.949951  1.581663            0           0           0  
      3.290728  3.799806  1.581663            0           0           0  
      1.645364  0.949951  4.924959            0           0           0  
     -0.000001  3.799806  4.924959            0           0           0  
      4.936093  0.949951  4.924959            0           0           0  
      3.290728  3.799806  4.924959            0           0           0  
     -0.000257  1.899754  8.076756    -0.038999   -0.022531   -0.014995  
     -1.645365  4.749757  8.081979    -0.000011    0.000021    0.041869  
      3.290986  1.899754  8.076756     0.038986   -0.022511   -0.014978  
      1.645364  4.750054  8.076756     0.000011    0.045034   -0.014995  
      0.000557  1.900225 11.456491    -0.012087   -0.007005   -0.016362  
     -1.645365  4.749757 11.445642    -0.000017   -0.000001    0.044490  
      3.290171  1.900225 11.456491     0.012104   -0.006990   -0.016367  
      1.645364  4.749114 11.456491     0.000023    0.013977   -0.016356  
      1.645364  2.849854 13.094834    -0.000025    0.000008   -0.060613  
 
  20 f  =    5.742535 THz    36.081413 2PiTHz  191.550357 cm-1    23.749207 meV
             X         Y         Z           dx          dy          dz
     -0.000000  1.899903  3.253311            0           0           0  
     -1.645365  4.749757  3.253311            0           0           0  
      3.290728  1.899903  3.253311            0           0           0  
      1.645364  4.749757  3.253311            0           0           0  
      1.645364  0.949943  9.763246    -0.000005    0.004548    0.002015  
     -0.000007  3.799809  9.763246     0.003940   -0.002278    0.002012  
      4.936093  0.949951  9.745651     0.000007   -0.000004   -0.013297  
      3.290735  3.799809  9.763246    -0.003940   -0.002271    0.002010  
      1.645364  0.949951  1.581663            0           0           0  
     -0.000001  3.799806  1.581663            0           0           0  
      4.936093  0.949951  1.581663            0           0           0  
      3.290728  3.799806  1.581663            0           0           0  
      1.645364  0.949951  4.924959            0           0           0  
     -0.000001  3.799806  4.924959            0           0           0  
      4.936093  0.949951  4.924959            0           0           0  
      3.290728  3.799806  4.924959            0           0           0  
     -0.000257  1.899754  8.076756     0.009670    0.005569   -0.009677  
     -1.645365  4.749757  8.081979     0.000006    0.000006    0.039815  
      3.290986  1.899754  8.076756    -0.009662    0.005574   -0.009680  
      1.645364  4.750054  8.076756    -0.000003   -0.011162   -0.009665  
      0.000557  1.900225 11.456491     0.043201    0.024958   -0.014919  
     -1.645365  4.749757 11.445642     0.000002    0.000004    0.034856  
      3.290171  1.900225 11.456491    -0.043210    0.024947   -0.014905  
      1.645364  4.749114 11.456491    -0.000004   -0.049883   -0.014907  
      1.645364  2.849854 13.094834     0.000010   -0.000008    0.100616  
 
  21 f  =    5.533400 THz    34.767378 2PiTHz  184.574358 cm-1    22.884294 meV
             X         Y         Z           dx          dy          dz
     -0.000000  1.899903  3.253311            0           0           0  
     -1.645365  4.749757  3.253311            0           0           0  
      3.290728  1.899903  3.253311            0           0           0  
      1.645364  4.749757  3.253311            0           0           0  
      1.645364  0.949943  9.763246     0.006283   -0.000013    0.000099  
     -0.000007  3.799809  9.763246     0.002197    0.002267   -0.006061  
      4.936093  0.949951  9.745651    -0.012703    0.000188    0.000006  
      3.290735  3.799809  9.763246     0.002270   -0.002408    0.005958  
      1.645364  0.949951  1.581663            0           0           0  
     -0.000001  3.799806  1.581663            0           0           0  
      4.936093  0.949951  1.581663            0           0           0  
      3.290728  3.799806  1.581663            0           0           0  
      1.645364  0.949951  4.924959            0           0           0  
     -0.000001  3.799806  4.924959            0           0           0  
      4.936093  0.949951  4.924959            0           0           0  
      3.290728  3.799806  4.924959            0           0           0  
     -0.000257  1.899754  8.076756     0.023558    0.007487    0.030964  
     -1.645365  4.749757  8.081979    -0.040034    0.000588    0.000006  
      3.290986  1.899754  8.076756     0.023800   -0.007918   -0.031498  
      1.645364  4.750054  8.076756     0.010334   -0.000402    0.000528  
      0.000557  1.900225 11.456491    -0.022452    0.001861    0.038151  
     -1.645365  4.749757 11.445642     0.050253   -0.000743    0.000008  
      3.290171  1.900225 11.456491    -0.022407   -0.001159   -0.038811  
      1.645364  4.749114 11.456491    -0.025048    0.000311    0.000650  
      1.645364  2.849854 13.094834     0.060553   -0.000903   -0.000008  
 
  22 f  =    5.533277 THz    34.766602 2PiTHz  184.570237 cm-1    22.883783 meV
             X         Y         Z           dx          dy          dz
     -0.000000  1.899903  3.253311            0           0           0  
     -1.645365  4.749757  3.253311            0           0           0  
      3.290728  1.899903  3.253311            0           0           0  
      1.645364  4.749757  3.253311            0           0           0  
      1.645364  0.949943  9.763246    -0.000094   -0.000886    0.006941  
     -0.000007  3.799809  9.763246    -0.002375   -0.004965   -0.003385  
      4.936093  0.949951  9.745651     0.000187    0.012703    0.000003  
      3.290735  3.799809  9.763246     0.002308   -0.004899   -0.003561  
      1.645364  0.949951  1.581663            0           0           0  
     -0.000001  3.799806  1.581663            0           0           0  
      4.936093  0.949951  1.581663            0           0           0  
      3.290728  3.799806  1.581663            0           0           0  
      1.645364  0.949951  4.924959            0           0           0  
     -0.000001  3.799806  4.924959            0           0           0  
      4.936093  0.949951  4.924959            0           0           0  
      3.290728  3.799806  4.924959            0           0           0  
     -0.000257  1.899754  8.076756    -0.008052   -0.014905   -0.018487  
     -1.645365  4.749757  8.081979     0.000578    0.040030   -0.000010  
      3.290986  1.899754  8.076756     0.007354   -0.014681   -0.017565  
      1.645364  4.750054  8.076756    -0.000159   -0.028129    0.036062  
      0.000557  1.900225 11.456491    -0.001184    0.024155   -0.022780  
     -1.645365  4.749757 11.445642    -0.000731   -0.050244   -0.000007  
      3.290171  1.900225 11.456491     0.001844    0.024203   -0.021649  
      1.645364  4.749114 11.456491     0.000375    0.021566    0.044437  
      1.645364  2.849854 13.094834    -0.000901   -0.060559   -0.000003  
 
  23 f  =    5.210340 THz    32.737532 2PiTHz  173.798234 cm-1    21.548225 meV
             X         Y         Z           dx          dy          dz
     -0.000000  1.899903  3.253311            0           0           0  
     -1.645365  4.749757  3.253311            0           0           0  
      3.290728  1.899903  3.253311            0           0           0  
      1.645364  4.749757  3.253311            0           0           0  
      1.645364  0.949943  9.763246    -0.000760    0.000001   -0.000001  
     -0.000007  3.799809  9.763246     0.000380    0.000657   -0.000003  
      4.936093  0.949951  9.745651    -0.000005   -0.000001    0.000000  
      3.290735  3.799809  9.763246     0.000380   -0.000655    0.000004  
      1.645364  0.949951  1.581663            0           0           0  
     -0.000001  3.799806  1.581663            0           0           0  
      4.936093  0.949951  1.581663            0           0           0  
      3.290728  3.799806  1.581663            0           0           0  
      1.645364  0.949951  4.924959            0           0           0  
     -0.000001  3.799806  4.924959            0           0           0  
      4.936093  0.949951  4.924959            0           0           0  
      3.290728  3.799806  4.924959            0           0           0  
     -0.000257  1.899754  8.076756    -0.023599    0.040855    0.000003  
     -1.645365  4.749757  8.081979     0.000010    0.000012    0.000004  
      3.290986  1.899754  8.076756    -0.023590   -0.040846   -0.000004  
      1.645364  4.750054  8.076756     0.047195   -0.000004   -0.000003  
      0.000557  1.900225 11.456491     0.022346   -0.038673    0.000004  
     -1.645365  4.749757 11.445642    -0.000009   -0.000007    0.000001  
      3.290171  1.900225 11.456491     0.022324    0.038662   -0.000004  
      1.645364  4.749114 11.456491    -0.044679    0.000001   -0.000001  
      1.645364  2.849854 13.094834     0.000041    0.000018    0.000010  
 
  24 f  =    5.026386 THz    31.581715 2PiTHz  167.662193 cm-1    20.787453 meV
             X         Y         Z           dx          dy          dz
     -0.000000  1.899903  3.253311            0           0           0  
     -1.645365  4.749757  3.253311            0           0           0  
      3.290728  1.899903  3.253311            0           0           0  
      1.645364  4.749757  3.253311            0           0           0  
      1.645364  0.949943  9.763246     0.003261   -0.001246    0.002141  
     -0.000007  3.799809  9.763246     0.001239   -0.001626   -0.003223  
      4.936093  0.949951  9.745651    -0.010404    0.008916   -0.000002  
      3.290735  3.799809  9.763246     0.002582   -0.003196    0.001084  
      1.645364  0.949951  1.581663            0           0           0  
     -0.000001  3.799806  1.581663            0           0           0  
      4.936093  0.949951  1.581663            0           0           0  
      3.290728  3.799806  1.581663            0           0           0  
      1.645364  0.949951  4.924959            0           0           0  
     -0.000001  3.799806  4.924959            0           0           0  
      4.936093  0.949951  4.924959            0           0           0  
      3.290728  3.799806  4.924959            0           0           0  
     -0.000257  1.899754  8.076756     0.012064   -0.033171    0.005568  
     -1.645365  4.749757  8.081979     0.039253   -0.033640    0.000006  
      3.290986  1.899754  8.076756    -0.019127    0.003224   -0.016481  
      1.645364  4.750054  8.076756     0.027973    0.012050    0.010910  
      0.000557  1.900225 11.456491    -0.017372    0.042525    0.006094  
     -1.645365  4.749757 11.445642    -0.027947    0.023940    0.000006  
      3.290171  1.900225 11.456491     0.020437   -0.001548   -0.018044  
      1.645364  4.749114 11.456491    -0.036621   -0.012228    0.011941  
      1.645364  2.849854 13.094834     0.080288   -0.068861   -0.000022  
 
  25 f  =    5.026373 THz    31.581635 2PiTHz  167.661768 cm-1    20.787401 meV
             X         Y         Z           dx          dy          dz
     -0.000000  1.899903  3.253311            0           0           0  
     -1.645365  4.749757  3.253311            0           0           0  
      3.290728  1.899903  3.253311            0           0           0  
      1.645364  4.749757  3.253311            0           0           0  
      1.645364  0.949943  9.763246     0.002797    0.001453   -0.002501  
     -0.000007  3.799809  9.763246     0.002420    0.003485   -0.000598  
      4.936093  0.949951  9.745651    -0.008918   -0.010394    0.000002  
      3.290735  3.799809  9.763246     0.000855    0.002140    0.003097  
      1.645364  0.949951  1.581663            0           0           0  
     -0.000001  3.799806  1.581663            0           0           0  
      4.936093  0.949951  1.581663            0           0           0  
      3.290728  3.799806  1.581663            0           0           0  
      1.645364  0.949951  4.924959            0           0           0  
     -0.000001  3.799806  4.924959            0           0           0  
      4.936093  0.949951  4.924959            0           0           0  
      3.290728  3.799806  4.924959            0           0           0  
     -0.000257  1.899754  8.076756    -0.021217    0.001854    0.015806  
     -1.645365  4.749757  8.081979     0.033648    0.039258   -0.000002  
      3.290986  1.899754  8.076756     0.015170    0.033081   -0.003090  
      1.645364  4.750054  8.076756     0.023968   -0.014051   -0.012713  
      0.000557  1.900225 11.456491     0.023361   -0.005007    0.017300  
     -1.645365  4.749757 11.445642    -0.023956   -0.027932   -0.000004  
      3.290171  1.900225 11.456491    -0.020738   -0.042811   -0.003386  
      1.645364  4.749114 11.456491    -0.031380    0.014269   -0.013915  
      1.645364  2.849854 13.094834     0.068824    0.080283    0.000004  
 
  26 f  =    4.669125 THz    29.336976 2PiTHz  155.745239 cm-1    19.309940 meV
             X         Y         Z           dx          dy          dz
     -0.000000  1.899903  3.253311            0           0           0  
     -1.645365  4.749757  3.253311            0           0           0  
      3.290728  1.899903  3.253311            0           0           0  
      1.645364  4.749757  3.253311            0           0           0  
      1.645364  0.949943  9.763246     0.003012   -0.001022    0.003590  
     -0.000007  3.799809  9.763246     0.001407   -0.001128   -0.006370  
      4.936093  0.949951  9.745651    -0.013268    0.009047    0.000019  
      3.290735  3.799809  9.763246     0.002326   -0.002451    0.002762  
      1.645364  0.949951  1.581663            0           0           0  
     -0.000001  3.799806  1.581663            0           0           0  
      4.936093  0.949951  1.581663            0           0           0  
      3.290728  3.799806  1.581663            0           0           0  
      1.645364  0.949951  4.924959            0           0           0  
     -0.000001  3.799806  4.924959            0           0           0  
      4.936093  0.949951  4.924959            0           0           0  
      3.290728  3.799806  4.924959            0           0           0  
     -0.000257  1.899754  8.076756    -0.028932    0.004821    0.003959  
     -1.645365  4.749757  8.081979    -0.021127    0.014413   -0.000015  
      3.290986  1.899754  8.076756    -0.044288    0.027362   -0.009080  
      1.645364  4.750054  8.076756    -0.017102    0.029403    0.005139  
      0.000557  1.900225 11.456491     0.026693   -0.001408    0.004960  
     -1.645365  4.749757 11.445642     0.025861   -0.017641   -0.000010  
      3.290171  1.900225 11.456491     0.043953   -0.026776   -0.011402  
      1.645364  4.749114 11.456491     0.013358   -0.029096    0.006445  
      1.645364  2.849854 13.094834     0.102674   -0.070007    0.000030  
 
  27 f  =    4.669009 THz    29.336250 2PiTHz  155.741384 cm-1    19.309462 meV
             X         Y         Z           dx          dy          dz
     -0.000000  1.899903  3.253311            0           0           0  
     -1.645365  4.749757  3.253311            0           0           0  
      3.290728  1.899903  3.253311            0           0           0  
      1.645364  4.749757  3.253311            0           0           0  
      1.645364  0.949943  9.763246    -0.002055   -0.001488    0.005248  
     -0.000007  3.799809  9.763246    -0.001943   -0.003084    0.000490  
      4.936093  0.949951  9.745651     0.009049    0.013277    0.000015  
      3.290735  3.799809  9.763246    -0.000605   -0.002184   -0.005750  
      1.645364  0.949951  1.581663            0           0           0  
     -0.000001  3.799806  1.581663            0           0           0  
      4.936093  0.949951  1.581663            0           0           0  
      3.290728  3.799806  1.581663            0           0           0  
      1.645364  0.949951  4.924959            0           0           0  
     -0.000001  3.799806  4.924959            0           0           0  
      4.936093  0.949951  4.924959            0           0           0  
      3.290728  3.799806  4.924959            0           0           0  
     -0.000257  1.899754  8.076756     0.036219    0.031290   -0.008216  
     -1.645365  4.749757  8.081979     0.014407    0.021144   -0.000013  
      3.290986  1.899754  8.076756     0.013704    0.015909    0.000675  
      1.645364  4.750054  8.076756     0.011650    0.043115    0.007554  
      0.000557  1.900225 11.456491    -0.036740   -0.029346   -0.010319  
     -1.645365  4.749757 11.445642    -0.017641   -0.025852   -0.000003  
      3.290171  1.900225 11.456491    -0.011428   -0.012039    0.000849  
      1.645364  4.749114 11.456491    -0.009094   -0.042644    0.009469  
      1.645364  2.849854 13.094834    -0.070032   -0.102669    0.000013  
 
  28 f  =    3.999780 THz    25.131362 2PiTHz  133.418314 cm-1    16.541755 meV
             X         Y         Z           dx          dy          dz
     -0.000000  1.899903  3.253311            0           0           0  
     -1.645365  4.749757  3.253311            0           0           0  
      3.290728  1.899903  3.253311            0           0           0  
      1.645364  4.749757  3.253311            0           0           0  
      1.645364  0.949943  9.763246    -0.000005   -0.002825   -0.015750  
     -0.000007  3.799809  9.763246    -0.002455    0.001415   -0.015772  
      4.936093  0.949951  9.745651     0.000008   -0.000006    0.047721  
      3.290735  3.799809  9.763246     0.002454    0.001419   -0.015723  
      1.645364  0.949951  1.581663            0           0           0  
     -0.000001  3.799806  1.581663            0           0           0  
      4.936093  0.949951  1.581663            0           0           0  
      3.290728  3.799806  1.581663            0           0           0  
      1.645364  0.949951  4.924959            0           0           0  
     -0.000001  3.799806  4.924959            0           0           0  
      4.936093  0.949951  4.924959            0           0           0  
      3.290728  3.799806  4.924959            0           0           0  
     -0.000257  1.899754  8.076756    -0.026426   -0.015281    0.012460  
     -1.645365  4.749757  8.081979    -0.000014   -0.000012   -0.035714  
      3.290986  1.899754  8.076756     0.026442   -0.015260    0.012509  
      1.645364  4.750054  8.076756     0.000024    0.030494    0.012477  
      0.000557  1.900225 11.456491     0.027572    0.015953    0.008168  
     -1.645365  4.749757 11.445642     0.000010    0.000027   -0.030949  
      3.290171  1.900225 11.456491    -0.027592    0.015927    0.008212  
      1.645364  4.749114 11.456491    -0.000028   -0.031833    0.008176  
      1.645364  2.849854 13.094834    -0.000033    0.000049    0.054459  
 
  29 f  =    3.924149 THz    24.656156 2PiTHz  130.895522 cm-1    16.228969 meV
             X         Y         Z           dx          dy          dz
     -0.000000  1.899903  3.253311            0           0           0  
     -1.645365  4.749757  3.253311            0           0           0  
      3.290728  1.899903  3.253311            0           0           0  
      1.645364  4.749757  3.253311            0           0           0  
      1.645364  0.949943  9.763246     0.001081   -0.002431    0.042472  
     -0.000007  3.799809  9.763246     0.003222    0.004018   -0.013652  
      4.936093  0.949951  9.745651    -0.001602   -0.007764    0.000004  
      3.290735  3.799809  9.763246    -0.003431    0.002646   -0.028823  
      1.645364  0.949951  1.581663            0           0           0  
     -0.000001  3.799806  1.581663            0           0           0  
      4.936093  0.949951  1.581663            0           0           0  
      3.290728  3.799806  1.581663            0           0           0  
      1.645364  0.949951  4.924959            0           0           0  
     -0.000001  3.799806  4.924959            0           0           0  
      4.936093  0.949951  4.924959            0           0           0  
      3.290728  3.799806  4.924959            0           0           0  
     -0.000257  1.899754  8.076756     0.016507   -0.018636    0.024646  
     -1.645365  4.749757  8.081979     0.006035    0.029245   -0.000007  
      3.290986  1.899754  8.076756    -0.017526   -0.025660    0.011679  
      1.645364  4.750054  8.076756    -0.006585    0.007330   -0.036319  
      0.000557  1.900225 11.456491    -0.016226    0.019634    0.022482  
     -1.645365  4.749757 11.445642    -0.006236   -0.030208   -0.000007  
      3.290171  1.900225 11.456491     0.017674    0.026636    0.010646  
      1.645364  4.749114 11.456491     0.006784   -0.006233   -0.033119  
      1.645364  2.849854 13.094834     0.004458    0.021702    0.000016  
 
  30 f  =    3.924022 THz    24.655358 2PiTHz  130.891290 cm-1    16.228444 meV
             X         Y         Z           dx          dy          dz
     -0.000000  1.899903  3.253311            0           0           0  
     -1.645365  4.749757  3.253311            0           0           0  
      3.290728  1.899903  3.253311            0           0           0  
      1.645364  4.749757  3.253311            0           0           0  
      1.645364  0.949943  9.763246    -0.005253   -0.000499    0.008769  
     -0.000007  3.799809  9.763246     0.001195   -0.002640   -0.041152  
      4.936093  0.949951  9.745651     0.007767   -0.001600   -0.000032  
      3.290735  3.799809  9.763246    -0.000189    0.004007    0.032411  
      1.645364  0.949951  1.581663            0           0           0  
     -0.000001  3.799806  1.581663            0           0           0  
      4.936093  0.949951  1.581663            0           0           0  
      3.290728  3.799806  1.581663            0           0           0  
      1.645364  0.949951  4.924959            0           0           0  
     -0.000001  3.799806  4.924959            0           0           0  
      4.936093  0.949951  4.924959            0           0           0  
      3.290728  3.799806  4.924959            0           0           0  
     -0.000257  1.899754  8.076756     0.006048   -0.021574   -0.027720  
     -1.645365  4.749757  8.081979    -0.029229    0.006031    0.000020  
      3.290986  1.899754  8.076756    -0.001015    0.012464    0.035193  
      1.645364  4.750054  8.076756     0.031991    0.001499   -0.007498  
      0.000557  1.900225 11.456491    -0.007099    0.021718   -0.025267  
     -1.645365  4.749757 11.445642     0.030173   -0.006231    0.000018  
      3.290171  1.900225 11.456491    -0.000063   -0.012206    0.032086  
      1.645364  4.749114 11.456491    -0.032944   -0.001267   -0.006832  
      1.645364  2.849854 13.094834    -0.021726    0.004458   -0.000047  
 
  31 f  =    2.941550 THz    18.482303 2PiTHz   98.119540 cm-1    12.165267 meV
             X         Y         Z           dx          dy          dz
     -0.000000  1.899903  3.253311            0           0           0  
     -1.645365  4.749757  3.253311            0           0           0  
      3.290728  1.899903  3.253311            0           0           0  
      1.645364  4.749757  3.253311            0           0           0  
      1.645364  0.949943  9.763246     0.017889    0.026701    0.000751  
     -0.000007  3.799809  9.763246    -0.036034    0.014697   -0.001081  
      4.936093  0.949951  9.745651     0.015850   -0.014561   -0.000004  
      3.290735  3.799809  9.763246     0.001340   -0.025959    0.000331  
      1.645364  0.949951  1.581663            0           0           0  
     -0.000001  3.799806  1.581663            0           0           0  
      4.936093  0.949951  1.581663            0           0           0  
      3.290728  3.799806  1.581663            0           0           0  
      1.645364  0.949951  4.924959            0           0           0  
     -0.000001  3.799806  4.924959            0           0           0  
      4.936093  0.949951  4.924959            0           0           0  
      3.290728  3.799806  4.924959            0           0           0  
     -0.000257  1.899754  8.076756     0.004408    0.013406    0.003123  
     -1.645365  4.749757  8.081979    -0.028600    0.026271   -0.000008  
      3.290986  1.899754  8.076756     0.030746   -0.015259   -0.010165  
      1.645364  4.750054  8.076756    -0.007282   -0.023750    0.007044  
      0.000557  1.900225 11.456491     0.003598    0.017355   -0.003687  
     -1.645365  4.749757 11.445642    -0.028870    0.026513    0.000016  
      3.290171  1.900225 11.456491     0.034797   -0.016586    0.011995  
      1.645364  4.749114 11.456491    -0.010237   -0.026625   -0.008326  
      1.645364  2.849854 13.094834     0.031707   -0.029108   -0.000020  
 
  32 f  =    2.941462 THz    18.481748 2PiTHz   98.116595 cm-1    12.164902 meV
             X         Y         Z           dx          dy          dz
     -0.000000  1.899903  3.253311            0           0           0  
     -1.645365  4.749757  3.253311            0           0           0  
      3.290728  1.899903  3.253311            0           0           0  
      1.645364  4.749757  3.253311            0           0           0  
      1.645364  0.949943  9.763246    -0.016446    0.029100    0.000816  
     -0.000007  3.799809  9.763246    -0.004381   -0.024807    0.000238  
      4.936093  0.949951  9.745651    -0.014555   -0.015852   -0.000004  
      3.290735  3.799809  9.763246     0.036261    0.012511   -0.001055  
      1.645364  0.949951  1.581663            0           0           0  
     -0.000001  3.799806  1.581663            0           0           0  
      4.936093  0.949951  1.581663            0           0           0  
      3.290728  3.799806  1.581663            0           0           0  
      1.645364  0.949951  4.924959            0           0           0  
     -0.000001  3.799806  4.924959            0           0           0  
      4.936093  0.949951  4.924959            0           0           0  
      3.290728  3.799806  4.924959            0           0           0  
     -0.000257  1.899754  8.076756    -0.030495   -0.014163   -0.009947  
     -1.645365  4.749757  8.081979     0.026264    0.028603    0.000015  
      3.290986  1.899754  8.076756    -0.001809    0.012144    0.002262  
      1.645364  4.750054  8.076756     0.006707   -0.025852    0.007668  
      0.000557  1.900225 11.456491    -0.034623   -0.015157    0.011736  
     -1.645365  4.749757 11.445642     0.026516    0.028865   -0.000016  
      3.290171  1.900225 11.456491    -0.000653    0.015991   -0.002666  
      1.645364  4.749114 11.456491     0.009417   -0.028990   -0.009057  
      1.645364  2.849854 13.094834    -0.029120   -0.031692   -0.000005  
 
  33 f  =    2.812379 THz    17.670701 2PiTHz   93.810881 cm-1    11.631062 meV
             X         Y         Z           dx          dy          dz
     -0.000000  1.899903  3.253311            0           0           0  
     -1.645365  4.749757  3.253311            0           0           0  
      3.290728  1.899903  3.253311            0           0           0  
      1.645364  4.749757  3.253311            0           0           0  
      1.645364  0.949943  9.763246    -0.034470   -0.000005   -0.000001  
     -0.000007  3.799809  9.763246     0.017248    0.029894    0.000001  
      4.936093  0.949951  9.745651     0.000014    0.000002   -0.000000  
      3.290735  3.799809  9.763246     0.017219   -0.029889    0.000001  
      1.645364  0.949951  1.581663            0           0           0  
     -0.000001  3.799806  1.581663            0           0           0  
      4.936093  0.949951  1.581663            0           0           0  
      3.290728  3.799806  1.581663            0           0           0  
      1.645364  0.949951  4.924959            0           0           0  
     -0.000001  3.799806  4.924959            0           0           0  
      4.936093  0.949951  4.924959            0           0           0  
      3.290728  3.799806  4.924959            0           0           0  
     -0.000257  1.899754  8.076756    -0.017907    0.031072    0.000011  
     -1.645365  4.749757  8.081979    -0.000027   -0.000009    0.000004  
      3.290986  1.899754  8.076756    -0.017920   -0.031074   -0.000008  
      1.645364  4.750054  8.076756     0.035856    0.000011   -0.000006  
      0.000557  1.900225 11.456491    -0.019268    0.033438   -0.000010  
     -1.645365  4.749757 11.445642    -0.000022   -0.000006   -0.000005  
      3.290171  1.900225 11.456491    -0.019285   -0.033444    0.000005  
      1.645364  4.749114 11.456491     0.038595    0.000013    0.000010  
      1.645364  2.849854 13.094834     0.000033    0.000010    0.000003  
 
  34 f  =    2.701982 THz    16.977056 2PiTHz   90.128428 cm-1    11.174496 meV
             X         Y         Z           dx          dy          dz
     -0.000000  1.899903  3.253311            0           0           0  
     -1.645365  4.749757  3.253311            0           0           0  
      3.290728  1.899903  3.253311            0           0           0  
      1.645364  4.749757  3.253311            0           0           0  
      1.645364  0.949943  9.763246     0.000014    0.044161   -0.000475  
     -0.000007  3.799809  9.763246     0.038242   -0.022077   -0.000476  
      4.936093  0.949951  9.745651     0.000009    0.000002   -0.002634  
      3.290735  3.799809  9.763246    -0.038266   -0.022095   -0.000476  
      1.645364  0.949951  1.581663            0           0           0  
     -0.000001  3.799806  1.581663            0           0           0  
      4.936093  0.949951  1.581663            0           0           0  
      3.290728  3.799806  1.581663            0           0           0  
      1.645364  0.949951  4.924959            0           0           0  
     -0.000001  3.799806  4.924959            0           0           0  
      4.936093  0.949951  4.924959            0           0           0  
      3.290728  3.799806  4.924959            0           0           0  
     -0.000257  1.899754  8.076756    -0.004963   -0.002864   -0.012407  
     -1.645365  4.749757  8.081979    -0.000017    0.000002    0.039610  
      3.290986  1.899754  8.076756     0.004987   -0.002873   -0.012420  
      1.645364  4.750054  8.076756    -0.000010    0.005757   -0.012404  
      0.000557  1.900225 11.456491    -0.001199   -0.000699    0.016790  
     -1.645365  4.749757 11.445642    -0.000014   -0.000011   -0.050144  
      3.290171  1.900225 11.456491     0.001234   -0.000713    0.016790  
      1.645364  4.749114 11.456491    -0.000008    0.001400    0.016792  
      1.645364  2.849854 13.094834     0.000036   -0.000018    0.025145  
 
  35 f  =    0.655882 THz     4.121029 2PiTHz   21.877871 cm-1     2.712509 meV
             X         Y         Z           dx          dy          dz
     -0.000000  1.899903  3.253311            0           0           0  
     -1.645365  4.749757  3.253311            0           0           0  
      3.290728  1.899903  3.253311            0           0           0  
      1.645364  4.749757  3.253311            0           0           0  
      1.645364  0.949943  9.763246    -0.000005   -0.000028   -0.031253  
     -0.000007  3.799809  9.763246    -0.000029    0.000022   -0.031253  
      4.936093  0.949951  9.745651    -0.000009    0.000001   -0.031141  
      3.290735  3.799809  9.763246     0.000017    0.000021   -0.031254  
      1.645364  0.949951  1.581663            0           0           0  
     -0.000001  3.799806  1.581663            0           0           0  
      4.936093  0.949951  1.581663            0           0           0  
      3.290728  3.799806  1.581663            0           0           0  
      1.645364  0.949951  4.924959            0           0           0  
     -0.000001  3.799806  4.924959            0           0           0  
      4.936093  0.949951  4.924959            0           0           0  
      3.290728  3.799806  4.924959            0           0           0  
     -0.000257  1.899754  8.076756    -0.000044   -0.000017   -0.030931  
     -1.645365  4.749757  8.081979    -0.000005    0.000003   -0.030959  
      3.290986  1.899754  8.076756     0.000031   -0.000018   -0.030934  
      1.645364  4.750054  8.076756    -0.000006    0.000048   -0.030937  
      0.000557  1.900225 11.456491    -0.000056   -0.000024   -0.031730  
     -1.645365  4.749757 11.445642    -0.000007    0.000003   -0.031594  
      3.290171  1.900225 11.456491     0.000042   -0.000023   -0.031727  
      1.645364  4.749114 11.456491    -0.000005    0.000061   -0.031724  
      1.645364  2.849854 13.094834    -0.000011   -0.000001   -0.032161  
 
  36 f  =    0.371405 THz     2.333605 2PiTHz   12.388731 cm-1     1.536006 meV
             X         Y         Z           dx          dy          dz
     -0.000000  1.899903  3.253311            0           0           0  
     -1.645365  4.749757  3.253311            0           0           0  
      3.290728  1.899903  3.253311            0           0           0  
      1.645364  4.749757  3.253311            0           0           0  
      1.645364  0.949943  9.763246     0.014583    0.027698    0.000012  
     -0.000007  3.799809  9.763246     0.014573    0.028051   -0.000003  
      4.936093  0.949951  9.745651     0.014167    0.027373   -0.000000  
      3.290735  3.799809  9.763246     0.014266    0.027870   -0.000006  
      1.645364  0.949951  1.581663            0           0           0  
     -0.000001  3.799806  1.581663            0           0           0  
      4.936093  0.949951  1.581663            0           0           0  
      3.290728  3.799806  1.581663            0           0           0  
      1.645364  0.949951  4.924959            0           0           0  
     -0.000001  3.799806  4.924959            0           0           0  
      4.936093  0.949951  4.924959            0           0           0  
      3.290728  3.799806  4.924959            0           0           0  
     -0.000257  1.899754  8.076756     0.014272    0.027582    0.000237  
     -1.645365  4.749757  8.081979     0.014325    0.027615    0.000002  
      3.290986  1.899754  8.076756     0.014334    0.027635   -0.000005  
      1.645364  4.750054  8.076756     0.014343    0.027552   -0.000233  
      0.000557  1.900225 11.456491     0.014433    0.027983   -0.000262  
     -1.645365  4.749757 11.445642     0.014512    0.027957    0.000001  
      3.290171  1.900225 11.456491     0.014561    0.028062    0.000016  
      1.645364  4.749114 11.456491     0.014560    0.027918    0.000249  
      1.645364  2.849854 13.094834     0.014279    0.027632   -0.000007  
 
  37 f  =    0.371089 THz     2.331620 2PiTHz   12.378192 cm-1     1.534699 meV
             X         Y         Z           dx          dy          dz
     -0.000000  1.899903  3.253311            0           0           0  
     -1.645365  4.749757  3.253311            0           0           0  
      3.290728  1.899903  3.253311            0           0           0  
      1.645364  4.749757  3.253311            0           0           0  
      1.645364  0.949943  9.763246    -0.028085    0.014372    0.000011  
     -0.000007  3.799809  9.763246    -0.027704    0.014347    0.000002  
      4.936093  0.949951  9.745651    -0.027333    0.014192    0.000006  
      3.290735  3.799809  9.763246    -0.027872    0.014678    0.000011  
      1.645364  0.949951  1.581663            0           0           0  
     -0.000001  3.799806  1.581663            0           0           0  
      4.936093  0.949951  1.581663            0           0           0  
      3.290728  3.799806  1.581663            0           0           0  
      1.645364  0.949951  4.924959            0           0           0  
     -0.000001  3.799806  4.924959            0           0           0  
      4.936093  0.949951  4.924959            0           0           0  
      3.290728  3.799806  4.924959            0           0           0  
     -0.000257  1.899754  8.076756    -0.027587    0.014373   -0.000151  
     -1.645365  4.749757  8.081979    -0.027609    0.014324    0.000012  
      3.290986  1.899754  8.076756    -0.027550    0.014285    0.000288  
      1.645364  4.750054  8.076756    -0.027640    0.014290   -0.000119  
      0.000557  1.900225 11.456491    -0.027982    0.014608    0.000185  
     -1.645365  4.749757 11.445642    -0.027964    0.014507    0.000006  
      3.290171  1.900225 11.456491    -0.027914    0.014468   -0.000304  
      1.645364  4.749114 11.456491    -0.028059    0.014483    0.000145  
      1.645364  2.849854 13.094834    -0.027572    0.014328    0.000006  
 
  38 fi =    1.484356 THz     9.326483 2PiTHz   49.512782 cm-1     6.138800 meV
             X         Y         Z           dx          dy          dz
     -0.000000  1.899903  3.253311            0           0           0  
     -1.645365  4.749757  3.253311            0           0           0  
      3.290728  1.899903  3.253311            0           0           0  
      1.645364  4.749757  3.253311            0           0           0  
      1.645364  0.949943  9.763246     0.044224    0.000289    0.000166  
     -0.000007  3.799809  9.763246     0.005991    0.019497   -0.002536  
      4.936093  0.949951  9.745651    -0.056816    0.003285    0.000001  
      3.290735  3.799809  9.763246     0.008466   -0.023215    0.002374  
      1.645364  0.949951  1.581663            0           0           0  
     -0.000001  3.799806  1.581663            0           0           0  
      4.936093  0.949951  1.581663            0           0           0  
      3.290728  3.799806  1.581663            0           0           0  
      1.645364  0.949951  4.924959            0           0           0  
     -0.000001  3.799806  4.924959            0           0           0  
      4.936093  0.949951  4.924959            0           0           0  
      3.290728  3.799806  4.924959            0           0           0  
     -0.000257  1.899754  8.076756    -0.003435   -0.008753    0.024822  
     -1.645365  4.749757  8.081979     0.001033   -0.000069    0.000003  
      3.290986  1.899754  8.076756    -0.004411    0.008061   -0.026537  
      1.645364  4.750054  8.076756     0.010637    0.000497    0.001720  
      0.000557  1.900225 11.456491    -0.007714   -0.009754   -0.034993  
     -1.645365  4.749757 11.445642     0.004644   -0.000278    0.000000  
      3.290171  1.900225 11.456491    -0.008828    0.009415    0.037419  
      1.645364  4.749114 11.456491     0.008323    0.000789   -0.002422  
      1.645364  2.849854 13.094834    -0.075592    0.004375    0.000006  
 
  39 fi =    1.484967 THz     9.330322 2PiTHz   49.533164 cm-1     6.141327 meV
             X         Y         Z           dx          dy          dz
     -0.000000  1.899903  3.253311            0           0           0  
     -1.645365  4.749757  3.253311            0           0           0  
      3.290728  1.899903  3.253311            0           0           0  
      1.645364  4.749757  3.253311            0           0           0  
      1.645364  0.949943  9.763246     0.002569   -0.005070   -0.002830  
     -0.000007  3.799809  9.763246     0.021780    0.033153    0.001277  
      4.936093  0.949951  9.745651    -0.003289   -0.056790    0.000001  
      3.290735  3.799809  9.763246    -0.020933    0.030683    0.001560  
      1.645364  0.949951  1.581663            0           0           0  
     -0.000001  3.799806  1.581663            0           0           0  
      4.936093  0.949951  1.581663            0           0           0  
      3.290728  3.799806  1.581663            0           0           0  
      1.645364  0.949951  4.924959            0           0           0  
     -0.000001  3.799806  4.924959            0           0           0  
      4.936093  0.949951  4.924959            0           0           0  
      3.290728  3.799806  4.924959            0           0           0  
     -0.000257  1.899754  8.076756    -0.008625    0.005322    0.016318  
     -1.645365  4.749757  8.081979     0.000068    0.001068    0.000003  
      3.290986  1.899754  8.076756     0.008185    0.006302    0.013342  
      1.645364  4.750054  8.076756     0.000620   -0.008743   -0.029653  
      0.000557  1.900225 11.456491    -0.010058    0.002257   -0.023000  
     -1.645365  4.749757 11.445642     0.000273    0.004666    0.000001  
      3.290171  1.900225 11.456491     0.009107    0.003378   -0.018801  
      1.645364  4.749114 11.456491     0.000486   -0.013782    0.041811  
      1.645364  2.849854 13.094834    -0.004390   -0.075567    0.000009  
 
