 Eigenvectors and eigenvalues of the dynamical matrix
 ----------------------------------------------------
 
 
   1 f  =   12.565303 THz    78.950125 2PiTHz  419.133379 cm-1    51.965893 meV
             X         Y         Z           dx          dy          dz
      0.000000  1.831155  3.109023            0           0           0  
     -1.585827  4.577888  3.109023            0           0           0  
      3.171654  1.831155  3.109023            0           0           0  
      1.585827  4.577888  3.109023            0           0           0  
      1.585827  0.916700  9.347574     0.000001   -0.000566   -0.002097  
      0.000972  3.661749  9.347574    -0.000490    0.000283   -0.002099  
      4.757481  0.915578  9.331420     0.000001    0.000001   -0.006986  
      3.170681  3.661749  9.347574     0.000490    0.000283   -0.002097  
      1.585827  0.915578  1.536945            0           0           0  
     -0.000000  3.662310  1.536945            0           0           0  
      4.757481  0.915578  1.536945            0           0           0  
      3.171654  3.662310  1.536945            0           0           0  
      1.585827  0.915578  4.681101            0           0           0  
     -0.000000  3.662310  4.681101            0           0           0  
      4.757481  0.915578  4.681101            0           0           0  
      3.171654  3.662310  4.681101            0           0           0  
      0.000274  1.831313  7.762677     0.007764    0.004485   -0.015802  
     -1.585827  4.577888  7.771950     0.000002    0.000000    0.004616  
      3.171380  1.831313  7.762677    -0.007773    0.004486   -0.015815  
      1.585827  4.577572  7.762677    -0.000002   -0.008977   -0.015812  
      0.002782  1.832761 10.951143     0.051852    0.029939    0.049255  
     -1.585827  4.577888 10.935097    -0.000003    0.000003    0.016815  
      3.168872  1.832761 10.951143    -0.051856    0.029941    0.049251  
      1.585827  4.574676 10.951143     0.000002   -0.059877    0.049260  
      1.585827  2.746733 12.495177     0.000001    0.000004   -0.247551  
 
   2 f  =   11.924135 THz    74.921547 2PiTHz  397.746316 cm-1    49.314236 meV
             X         Y         Z           dx          dy          dz
      0.000000  1.831155  3.109023            0           0           0  
     -1.585827  4.577888  3.109023            0           0           0  
      3.171654  1.831155  3.109023            0           0           0  
      1.585827  4.577888  3.109023            0           0           0  
      1.585827  0.916700  9.347574     0.000001    0.000470    0.012856  
      0.000972  3.661749  9.347574     0.000410   -0.000236    0.012855  
      4.757481  0.915578  9.331420    -0.000003    0.000003    0.010502  
      3.170681  3.661749  9.347574    -0.000408   -0.000237    0.012855  
      1.585827  0.915578  1.536945            0           0           0  
     -0.000000  3.662310  1.536945            0           0           0  
      4.757481  0.915578  1.536945            0           0           0  
      3.171654  3.662310  1.536945            0           0           0  
      1.585827  0.915578  4.681101            0           0           0  
     -0.000000  3.662310  4.681101            0           0           0  
      4.757481  0.915578  4.681101            0           0           0  
      3.171654  3.662310  4.681101            0           0           0  
      0.000274  1.831313  7.762677    -0.002476   -0.001426   -0.079366  
     -1.585827  4.577888  7.771950    -0.000005   -0.000001   -0.088431  
      3.171380  1.831313  7.762677     0.002484   -0.001426   -0.079346  
      1.585827  4.577572  7.762677    -0.000001    0.002854   -0.079365  
      0.002782  1.832761 10.951143    -0.003219   -0.001853    0.006955  
     -1.585827  4.577888 10.935097     0.000004    0.000006    0.007790  
      3.168872  1.832761 10.951143     0.003222   -0.001861    0.006942  
      1.585827  4.574676 10.951143    -0.000008    0.003710    0.006961  
      1.585827  2.746733 12.495177    -0.000010    0.000014    0.062035  
 
   3 f  =   11.431178 THz    71.824210 2PiTHz  381.303058 cm-1    47.275533 meV
             X         Y         Z           dx          dy          dz
      0.000000  1.831155  3.109023            0           0           0  
     -1.585827  4.577888  3.109023            0           0           0  
      3.171654  1.831155  3.109023            0           0           0  
      1.585827  4.577888  3.109023            0           0           0  
      1.585827  0.916700  9.347574    -0.000003   -0.006868    0.011769  
      0.000972  3.661749  9.347574    -0.005948    0.003439    0.011762  
      4.757481  0.915578  9.331420     0.000009   -0.000006    0.008880  
      3.170681  3.661749  9.347574     0.005943    0.003440    0.011767  
      1.585827  0.915578  1.536945            0           0           0  
     -0.000000  3.662310  1.536945            0           0           0  
      4.757481  0.915578  1.536945            0           0           0  
      3.171654  3.662310  1.536945            0           0           0  
      1.585827  0.915578  4.681101            0           0           0  
     -0.000000  3.662310  4.681101            0           0           0  
      4.757481  0.915578  4.681101            0           0           0  
      3.171654  3.662310  4.681101            0           0           0  
      0.000274  1.831313  7.762677     0.010558    0.006107   -0.021877  
     -1.585827  4.577888  7.771950     0.000028    0.000002    0.062740  
      3.171380  1.831313  7.762677    -0.010578    0.006089   -0.021950  
      1.585827  4.577572  7.762677    -0.000019   -0.012208   -0.021839  
      0.002782  1.832761 10.951143     0.022644    0.013065   -0.040124  
     -1.585827  4.577888 10.935097     0.000013   -0.000001   -0.119923  
      3.168872  1.832761 10.951143    -0.022670    0.013077   -0.040063  
      1.585827  4.574676 10.951143     0.000005   -0.026152   -0.040135  
      1.585827  2.746733 12.495177     0.000044   -0.000031   -0.049566  
 
   4 f  =   11.098998 THz    69.737060 2PiTHz  370.222717 cm-1    45.901746 meV
             X         Y         Z           dx          dy          dz
      0.000000  1.831155  3.109023            0           0           0  
     -1.585827  4.577888  3.109023            0           0           0  
      3.171654  1.831155  3.109023            0           0           0  
      1.585827  4.577888  3.109023            0           0           0  
      1.585827  0.916700  9.347574     0.000002    0.009505    0.010720  
      0.000972  3.661749  9.347574     0.008227   -0.004756    0.010732  
      4.757481  0.915578  9.331420    -0.000008    0.000010   -0.005220  
      3.170681  3.661749  9.347574    -0.008221   -0.004760    0.010722  
      1.585827  0.915578  1.536945            0           0           0  
     -0.000000  3.662310  1.536945            0           0           0  
      4.757481  0.915578  1.536945            0           0           0  
      3.171654  3.662310  1.536945            0           0           0  
      1.585827  0.915578  4.681101            0           0           0  
     -0.000000  3.662310  4.681101            0           0           0  
      4.757481  0.915578  4.681101            0           0           0  
      3.171654  3.662310  4.681101            0           0           0  
      0.000274  1.831313  7.762677    -0.018115   -0.010494    0.037397  
     -1.585827  4.577888  7.771950    -0.000056    0.000010   -0.103341  
      3.171380  1.831313  7.762677     0.018131   -0.010438    0.037465  
      1.585827  4.577572  7.762677     0.000042    0.020922    0.037320  
      0.002782  1.832761 10.951143     0.024676    0.014258   -0.047355  
     -1.585827  4.577888 10.935097    -0.000015   -0.000017    0.000044  
      3.168872  1.832761 10.951143    -0.024640    0.014245   -0.047423  
      1.585827  4.574676 10.951143    -0.000005   -0.028487   -0.047320  
      1.585827  2.746733 12.495177    -0.000062    0.000040   -0.106948  
 
   5 f  =   11.028086 THz    69.291506 2PiTHz  367.857340 cm-1    45.608477 meV
             X         Y         Z           dx          dy          dz
      0.000000  1.831155  3.109023            0           0           0  
     -1.585827  4.577888  3.109023            0           0           0  
      3.171654  1.831155  3.109023            0           0           0  
      1.585827  4.577888  3.109023            0           0           0  
      1.585827  0.916700  9.347574     0.007688    0.002120   -0.007026  
      0.000972  3.661749  9.347574    -0.004512   -0.002792    0.008257  
      4.757481  0.915578  9.331420    -0.008504    0.010883    0.000010  
      3.170681  3.661749  9.347574     0.005877   -0.010893   -0.001243  
      1.585827  0.915578  1.536945            0           0           0  
     -0.000000  3.662310  1.536945            0           0           0  
      4.757481  0.915578  1.536945            0           0           0  
      3.171654  3.662310  1.536945            0           0           0  
      1.585827  0.915578  4.681101            0           0           0  
     -0.000000  3.662310  4.681101            0           0           0  
      4.757481  0.915578  4.681101            0           0           0  
      3.171654  3.662310  4.681101            0           0           0  
      0.000274  1.831313  7.762677     0.008226   -0.015347   -0.016163  
     -1.585827  4.577888  7.771950    -0.012787    0.016325    0.000147  
      3.171380  1.831313  7.762677    -0.006489   -0.003854    0.107319  
      1.585827  4.577572  7.762677     0.010795    0.003128   -0.091272  
      0.002782  1.832761 10.951143    -0.006021    0.015779    0.008100  
     -1.585827  4.577888 10.935097     0.003027   -0.003911   -0.000068  
      3.168872  1.832761 10.951143     0.018610   -0.003438   -0.053828  
      1.585827  4.574676 10.951143    -0.010389   -0.015145    0.045764  
      1.585827  2.746733 12.495177    -0.043054    0.055067    0.000044  
 
   6 f  =   11.027750 THz    69.289396 2PiTHz  367.846139 cm-1    45.607088 meV
             X         Y         Z           dx          dy          dz
      0.000000  1.831155  3.109023            0           0           0  
     -1.585827  4.577888  3.109023            0           0           0  
      3.171654  1.831155  3.109023            0           0           0  
      1.585827  4.577888  3.109023            0           0           0  
      1.585827  0.916700  9.347574    -0.009840    0.001663   -0.005487  
      0.000972  3.661749  9.347574    -0.004915   -0.010546   -0.003339  
      4.757481  0.915578  9.331420     0.010883    0.008496    0.000000  
      3.170681  3.661749  9.347574     0.003188   -0.000177    0.008824  
      1.585827  0.915578  1.536945            0           0           0  
     -0.000000  3.662310  1.536945            0           0           0  
      4.757481  0.915578  1.536945            0           0           0  
      3.171654  3.662310  1.536945            0           0           0  
      1.585827  0.915578  4.681101            0           0           0  
     -0.000000  3.662310  4.681101            0           0           0  
      4.757481  0.915578  4.681101            0           0           0  
      3.171654  3.662310  4.681101            0           0           0  
      0.000274  1.831313  7.762677     0.004649   -0.000106    0.114669  
     -1.585827  4.577888  7.771950     0.016314    0.012749   -0.000020  
      3.171380  1.831313  7.762677    -0.006877   -0.014797   -0.043358  
      1.585827  4.577572  7.762677    -0.013823    0.002438   -0.071304  
      0.002782  1.832761 10.951143    -0.017682   -0.007464   -0.057479  
     -1.585827  4.577888 10.935097    -0.003923   -0.003049    0.000013  
      3.168872  1.832761 10.951143     0.001574    0.017172    0.021741  
      1.585827  4.574676 10.951143     0.013303   -0.011811    0.035737  
      1.585827  2.746733 12.495177     0.055100    0.043016    0.000039  
 
   7 f  =   10.520479 THz    66.102120 2PiTHz  350.925409 cm-1    43.509186 meV
             X         Y         Z           dx          dy          dz
      0.000000  1.831155  3.109023            0           0           0  
     -1.585827  4.577888  3.109023            0           0           0  
      3.171654  1.831155  3.109023            0           0           0  
      1.585827  4.577888  3.109023            0           0           0  
      1.585827  0.916700  9.347574     0.000063    0.001825   -0.005696  
      0.000972  3.661749  9.347574     0.004574    0.009728    0.002823  
      4.757481  0.915578  9.331420     0.000057    0.009679   -0.000003  
      3.170681  3.661749  9.347574    -0.004531    0.009687    0.002874  
      1.585827  0.915578  1.536945            0           0           0  
     -0.000000  3.662310  1.536945            0           0           0  
      4.757481  0.915578  1.536945            0           0           0  
      3.171654  3.662310  1.536945            0           0           0  
      1.585827  0.915578  4.681101            0           0           0  
     -0.000000  3.662310  4.681101            0           0           0  
      4.757481  0.915578  4.681101            0           0           0  
      3.171654  3.662310  4.681101            0           0           0  
      0.000274  1.831313  7.762677     0.012568   -0.037002   -0.026179  
     -1.585827  4.577888  7.771950     0.000035    0.011675    0.000021  
      3.171380  1.831313  7.762677    -0.012814   -0.037110   -0.025756  
      1.585827  4.577572  7.762677    -0.000193   -0.014971    0.051920  
      0.002782  1.832761 10.951143    -0.053520   -0.000351   -0.011542  
     -1.585827  4.577888 10.935097    -0.000215   -0.038685    0.000023  
      3.168872  1.832761 10.951143     0.052856    0.000230   -0.011306  
      1.585827  4.574676 10.951143     0.000176   -0.092193    0.022831  
      1.585827  2.746733 12.495177     0.000907    0.165241   -0.000005  
 
   8 f  =   10.520290 THz    66.100934 2PiTHz  350.919116 cm-1    43.508406 meV
             X         Y         Z           dx          dy          dz
      0.000000  1.831155  3.109023            0           0           0  
     -1.585827  4.577888  3.109023            0           0           0  
      3.171654  1.831155  3.109023            0           0           0  
      1.585827  4.577888  3.109023            0           0           0  
      1.585827  0.916700  9.347574     0.012345   -0.000000    0.000037  
      0.000972  3.661749  9.347574     0.004435    0.004504   -0.004951  
      4.757481  0.915578  9.331420     0.009686   -0.000042    0.000002  
      3.170681  3.661749  9.347574     0.004478   -0.004599    0.004914  
      1.585827  0.915578  1.536945            0           0           0  
     -0.000000  3.662310  1.536945            0           0           0  
      4.757481  0.915578  1.536945            0           0           0  
      3.171654  3.662310  1.536945            0           0           0  
      1.585827  0.915578  4.681101            0           0           0  
     -0.000000  3.662310  4.681101            0           0           0  
      4.757481  0.915578  4.681101            0           0           0  
      3.171654  3.662310  4.681101            0           0           0  
      0.000274  1.831313  7.762677    -0.022460    0.012950   -0.044821  
     -1.585827  4.577888  7.771950     0.011637   -0.000157   -0.000051  
      3.171380  1.831313  7.762677    -0.022276   -0.012460    0.045135  
      1.585827  4.577572  7.762677    -0.044385   -0.000007   -0.000271  
      0.002782  1.832761 10.951143    -0.061210   -0.053187   -0.019692  
     -1.585827  4.577888 10.935097    -0.038721    0.000165    0.000007  
      3.168872  1.832761 10.951143    -0.061753    0.053185    0.019814  
      1.585827  4.574676 10.951143     0.030622    0.000462   -0.000139  
      1.585827  2.746733 12.495177     0.165190   -0.000868   -0.000005  
 
   9 f  =   10.390736 THz    65.286918 2PiTHz  346.597636 cm-1    42.972611 meV
             X         Y         Z           dx          dy          dz
      0.000000  1.831155  3.109023            0           0           0  
     -1.585827  4.577888  3.109023            0           0           0  
      3.171654  1.831155  3.109023            0           0           0  
      1.585827  4.577888  3.109023            0           0           0  
      1.585827  0.916700  9.347574     0.001374    0.003511    0.007506  
      0.000972  3.661749  9.347574     0.002299    0.000726    0.003311  
      4.757481  0.915578  9.331420     0.008653    0.007917    0.000285  
      3.170681  3.661749  9.347574     0.003988    0.002768   -0.011057  
      1.585827  0.915578  1.536945            0           0           0  
     -0.000000  3.662310  1.536945            0           0           0  
      4.757481  0.915578  1.536945            0           0           0  
      3.171654  3.662310  1.536945            0           0           0  
      1.585827  0.915578  4.681101            0           0           0  
     -0.000000  3.662310  4.681101            0           0           0  
      4.757481  0.915578  4.681101            0           0           0  
      3.171654  3.662310  4.681101            0           0           0  
      0.000274  1.831313  7.762677    -0.052030   -0.009811    0.018579  
     -1.585827  4.577888  7.771950    -0.080854   -0.073946   -0.000955  
      3.171380  1.831313  7.762677     0.023025    0.076227   -0.005372  
      1.585827  4.577572  7.762677     0.059984   -0.038102   -0.012320  
      0.002782  1.832761 10.951143    -0.027561   -0.014986    0.001119  
     -1.585827  4.577888 10.935097    -0.017010   -0.015572   -0.000150  
      3.168872  1.832761 10.951143    -0.006644    0.007809   -0.000415  
      1.585827  4.574676 10.951143     0.002634   -0.021701   -0.000842  
      1.585827  2.746733 12.495177     0.025929    0.023810    0.000424  
 
  10 f  =   10.390432 THz    65.285012 2PiTHz  346.587519 cm-1    42.971356 meV
             X         Y         Z           dx          dy          dz
      0.000000  1.831155  3.109023            0           0           0  
     -1.585827  4.577888  3.109023            0           0           0  
      3.171654  1.831155  3.109023            0           0           0  
      1.585827  4.577888  3.109023            0           0           0  
      1.585827  0.916700  9.347574     0.001279   -0.003720   -0.008299  
      0.000972  3.661749  9.347574     0.003896   -0.002903    0.010701  
      4.757481  0.915578  9.331420     0.007933   -0.008663    0.000036  
      3.170681  3.661749  9.347574     0.001845   -0.001039   -0.002434  
      1.585827  0.915578  1.536945            0           0           0  
     -0.000000  3.662310  1.536945            0           0           0  
      4.757481  0.915578  1.536945            0           0           0  
      3.171654  3.662310  1.536945            0           0           0  
      1.585827  0.915578  4.681101            0           0           0  
     -0.000000  3.662310  4.681101            0           0           0  
      4.757481  0.915578  4.681101            0           0           0  
      3.171654  3.662310  4.681101            0           0           0  
      0.000274  1.831313  7.762677     0.029931   -0.074358    0.004045  
     -1.585827  4.577888  7.771950    -0.073929    0.080835   -0.000100  
      3.171380  1.831313  7.762677    -0.056557    0.004298   -0.017798  
      1.585827  4.577572  7.762677     0.054880    0.039098    0.013825  
      0.002782  1.832761 10.951143    -0.004267   -0.006573    0.000258  
     -1.585827  4.577888 10.935097    -0.015582    0.017059   -0.000005  
      3.168872  1.832761 10.951143    -0.027213    0.014405   -0.001127  
      1.585827  4.574676 10.951143     0.002474    0.023787    0.000857  
      1.585827  2.746733 12.495177     0.023924   -0.026147    0.000070  
 
  11 f  =   10.376164 THz    65.195363 2PiTHz  346.111584 cm-1    42.912348 meV
             X         Y         Z           dx          dy          dz
      0.000000  1.831155  3.109023            0           0           0  
     -1.585827  4.577888  3.109023            0           0           0  
      3.171654  1.831155  3.109023            0           0           0  
      1.585827  4.577888  3.109023            0           0           0  
      1.585827  0.916700  9.347574    -0.000024    0.004665   -0.003679  
      0.000972  3.661749  9.347574     0.004053   -0.002371   -0.003641  
      4.757481  0.915578  9.331420    -0.000221   -0.000149    0.012892  
      3.170681  3.661749  9.347574    -0.004185   -0.002422   -0.003276  
      1.585827  0.915578  1.536945            0           0           0  
     -0.000000  3.662310  1.536945            0           0           0  
      4.757481  0.915578  1.536945            0           0           0  
      3.171654  3.662310  1.536945            0           0           0  
      1.585827  0.915578  4.681101            0           0           0  
     -0.000000  3.662310  4.681101            0           0           0  
      4.757481  0.915578  4.681101            0           0           0  
      3.171654  3.662310  4.681101            0           0           0  
      0.000274  1.831313  7.762677     0.083081    0.047768    0.013500  
     -1.585827  4.577888  7.771950     0.001944    0.001429   -0.045114  
      3.171380  1.831313  7.762677    -0.082406    0.045651    0.014080  
      1.585827  4.577572  7.762677    -0.001500   -0.093978    0.014189  
      0.002782  1.832761 10.951143     0.000699    0.000412   -0.002257  
     -1.585827  4.577888 10.935097     0.000363    0.000291   -0.006472  
      3.168872  1.832761 10.951143     0.000213   -0.000210   -0.002365  
      1.585827  4.574676 10.951143    -0.000084    0.000307   -0.002275  
      1.585827  2.746733 12.495177    -0.000811   -0.000401    0.017420  
 
  12 f  =    9.987401 THz    62.752694 2PiTHz  333.143852 cm-1    41.304555 meV
             X         Y         Z           dx          dy          dz
      0.000000  1.831155  3.109023            0           0           0  
     -1.585827  4.577888  3.109023            0           0           0  
      3.171654  1.831155  3.109023            0           0           0  
      1.585827  4.577888  3.109023            0           0           0  
      1.585827  0.916700  9.347574     0.006670   -0.004244    0.003305  
      0.000972  3.661749  9.347574     0.016069   -0.006993   -0.013581  
      4.757481  0.915578  9.331420    -0.000882    0.000208   -0.000007  
      3.170681  3.661749  9.347574     0.013798    0.002487    0.010284  
      1.585827  0.915578  1.536945            0           0           0  
     -0.000000  3.662310  1.536945            0           0           0  
      4.757481  0.915578  1.536945            0           0           0  
      3.171654  3.662310  1.536945            0           0           0  
      1.585827  0.915578  4.681101            0           0           0  
     -0.000000  3.662310  4.681101            0           0           0  
      4.757481  0.915578  4.681101            0           0           0  
      3.171654  3.662310  4.681101            0           0           0  
      0.000274  1.831313  7.762677    -0.020867    0.024065    0.017321  
     -1.585827  4.577888  7.771950    -0.031165    0.007482    0.000064  
      3.171380  1.831313  7.762677    -0.013219   -0.007257   -0.022952  
      1.585827  4.577572  7.762677    -0.044394    0.001982    0.005577  
      0.002782  1.832761 10.951143     0.016297    0.004753    0.035156  
     -1.585827  4.577888 10.935097    -0.119682    0.028678    0.000014  
      3.168872  1.832761 10.951143     0.019678   -0.009417   -0.046463  
      1.585827  4.574676 10.951143     0.005575   -0.005286    0.011276  
      1.585827  2.746733 12.495177    -0.090247    0.021589    0.000026  
 
  13 f  =    9.987045 THz    62.750454 2PiTHz  333.131963 cm-1    41.303081 meV
             X         Y         Z           dx          dy          dz
      0.000000  1.831155  3.109023            0           0           0  
     -1.585827  4.577888  3.109023            0           0           0  
      3.171654  1.831155  3.109023            0           0           0  
      1.585827  4.577888  3.109023            0           0           0  
      1.585827  0.916700  9.347574     0.001586    0.017668   -0.013779  
      0.000972  3.661749  9.347574    -0.001174    0.008300    0.004030  
      4.757481  0.915578  9.331420    -0.000212   -0.000888    0.000001  
      3.170681  3.661749  9.347574     0.008330    0.010565    0.009750  
      1.585827  0.915578  1.536945            0           0           0  
     -0.000000  3.662310  1.536945            0           0           0  
      4.757481  0.915578  1.536945            0           0           0  
      3.171654  3.662310  1.536945            0           0           0  
      1.585827  0.915578  4.681101            0           0           0  
     -0.000000  3.662310  4.681101            0           0           0  
      4.757481  0.915578  4.681101            0           0           0  
      3.171654  3.662310  4.681101            0           0           0  
      0.000274  1.831313  7.762677     0.011639   -0.031521    0.016426  
     -1.585827  4.577888  7.771950    -0.007463   -0.031160    0.000010  
      3.171380  1.831313  7.762677    -0.019784   -0.038980    0.006768  
      1.585827  4.577572  7.762677    -0.010639   -0.008007   -0.023228  
      0.002782  1.832761 10.951143     0.011452    0.011440    0.033323  
     -1.585827  4.577888 10.935097    -0.028684   -0.119704    0.000009  
      3.168872  1.832761 10.951143    -0.002767    0.008065    0.013796  
      1.585827  4.574676 10.951143     0.001330    0.022071   -0.047115  
      1.585827  2.746733 12.495177    -0.021657   -0.090200   -0.000004  
 
  14 f  =    9.665834 THz    60.732224 2PiTHz  322.417508 cm-1    39.974658 meV
             X         Y         Z           dx          dy          dz
      0.000000  1.831155  3.109023            0           0           0  
     -1.585827  4.577888  3.109023            0           0           0  
      3.171654  1.831155  3.109023            0           0           0  
      1.585827  4.577888  3.109023            0           0           0  
      1.585827  0.916700  9.347574     0.018885   -0.000019   -0.000011  
      0.000972  3.661749  9.347574    -0.009422   -0.016345   -0.000013  
      4.757481  0.915578  9.331420    -0.000039    0.000056   -0.000005  
      3.170681  3.661749  9.347574    -0.009478    0.016404    0.000028  
      1.585827  0.915578  1.536945            0           0           0  
     -0.000000  3.662310  1.536945            0           0           0  
      4.757481  0.915578  1.536945            0           0           0  
      3.171654  3.662310  1.536945            0           0           0  
      1.585827  0.915578  4.681101            0           0           0  
     -0.000000  3.662310  4.681101            0           0           0  
      4.757481  0.915578  4.681101            0           0           0  
      3.171654  3.662310  4.681101            0           0           0  
      0.000274  1.831313  7.762677    -0.038381    0.066363    0.000050  
     -1.585827  4.577888  7.771950    -0.000023    0.000148   -0.000033  
      3.171380  1.831313  7.762677    -0.038140   -0.066561    0.000086  
      1.585827  4.577572  7.762677     0.076724   -0.000298   -0.000106  
      0.002782  1.832761 10.951143    -0.024736    0.042854    0.000149  
     -1.585827  4.577888 10.935097    -0.000216    0.000089   -0.000036  
      3.168872  1.832761 10.951143    -0.024769   -0.043056    0.000062  
      1.585827  4.574676 10.951143     0.049777   -0.000052   -0.000165  
      1.585827  2.746733 12.495177     0.000001   -0.000186    0.000006  
 
  15 f  =    9.612715 THz    60.398469 2PiTHz  320.645656 cm-1    39.754977 meV
             X         Y         Z           dx          dy          dz
      0.000000  1.831155  3.109023            0           0           0  
     -1.585827  4.577888  3.109023            0           0           0  
      3.171654  1.831155  3.109023            0           0           0  
      1.585827  4.577888  3.109023            0           0           0  
      1.585827  0.916700  9.347574    -0.003369   -0.005661   -0.002325  
      0.000972  3.661749  9.347574     0.009069    0.007841    0.001603  
      4.757481  0.915578  9.331420    -0.003805    0.017188    0.000018  
      3.170681  3.661749  9.347574    -0.008773    0.011686    0.000715  
      1.585827  0.915578  1.536945            0           0           0  
     -0.000000  3.662310  1.536945            0           0           0  
      4.757481  0.915578  1.536945            0           0           0  
      3.171654  3.662310  1.536945            0           0           0  
      1.585827  0.915578  4.681101            0           0           0  
     -0.000000  3.662310  4.681101            0           0           0  
      4.757481  0.915578  4.681101            0           0           0  
      3.171654  3.662310  4.681101            0           0           0  
      0.000274  1.831313  7.762677    -0.013610   -0.032322    0.008177  
     -1.585827  4.577888  7.771950    -0.011403    0.051474    0.000077  
      3.171380  1.831313  7.762677     0.046401   -0.045186    0.018332  
      1.585827  4.577572  7.762677     0.004491   -0.090771   -0.026594  
      0.002782  1.832761 10.951143     0.017889   -0.041589    0.013853  
     -1.585827  4.577888 10.935097    -0.009527    0.043015    0.000151  
      3.168872  1.832761 10.951143    -0.006901   -0.035828    0.031259  
      1.585827  4.574676 10.951143     0.010004   -0.017314   -0.045313  
      1.585827  2.746733 12.495177     0.011661   -0.052620   -0.000032  
 
  16 f  =    9.612390 THz    60.396428 2PiTHz  320.634821 cm-1    39.753633 meV
             X         Y         Z           dx          dy          dz
      0.000000  1.831155  3.109023            0           0           0  
     -1.585827  4.577888  3.109023            0           0           0  
      3.171654  1.831155  3.109023            0           0           0  
      1.585827  4.577888  3.109023            0           0           0  
      1.585827  0.916700  9.347574     0.014906   -0.001237   -0.000510  
      0.000972  3.661749  9.347574     0.001409    0.011083   -0.001780  
      4.757481  0.915578  9.331420     0.017173    0.003813    0.000009  
      3.170681  3.661749  9.347574    -0.002547   -0.006747    0.002288  
      1.585827  0.915578  1.536945            0           0           0  
     -0.000000  3.662310  1.536945            0           0           0  
      4.757481  0.915578  1.536945            0           0           0  
      3.171654  3.662310  1.536945            0           0           0  
      1.585827  0.915578  4.681101            0           0           0  
     -0.000000  3.662310  4.681101            0           0           0  
      4.757481  0.915578  4.681101            0           0           0  
      3.171654  3.662310  4.681101            0           0           0  
      0.000274  1.831313  7.762677    -0.080082   -0.038644    0.025934  
     -1.585827  4.577888  7.771950     0.051643    0.011348    0.000063  
      3.171380  1.831313  7.762677    -0.066788    0.021411   -0.020085  
      1.585827  4.577572  7.762677    -0.021260   -0.020096   -0.005919  
      0.002782  1.832761 10.951143    -0.021602    0.003714    0.044229  
     -1.585827  4.577888 10.935097     0.042974    0.009530    0.000150  
      3.168872  1.832761 10.951143    -0.027167   -0.020919   -0.034351  
      1.585827  4.574676 10.951143    -0.045670   -0.003871   -0.010066  
      1.585827  2.746733 12.495177    -0.052635   -0.011639    0.000011  
 
  17 f  =    9.571671 THz    60.140580 2PiTHz  319.276565 cm-1    39.585231 meV
             X         Y         Z           dx          dy          dz
      0.000000  1.831155  3.109023            0           0           0  
     -1.585827  4.577888  3.109023            0           0           0  
      3.171654  1.831155  3.109023            0           0           0  
      1.585827  4.577888  3.109023            0           0           0  
      1.585827  0.916700  9.347574     0.000000    0.005767   -0.001605  
      0.000972  3.661749  9.347574     0.004994   -0.002921   -0.001596  
      4.757481  0.915578  9.331420    -0.000013   -0.000028    0.013837  
      3.170681  3.661749  9.347574    -0.004970   -0.002883   -0.001623  
      1.585827  0.915578  1.536945            0           0           0  
     -0.000000  3.662310  1.536945            0           0           0  
      4.757481  0.915578  1.536945            0           0           0  
      3.171654  3.662310  1.536945            0           0           0  
      1.585827  0.915578  4.681101            0           0           0  
     -0.000000  3.662310  4.681101            0           0           0  
      4.757481  0.915578  4.681101            0           0           0  
      3.171654  3.662310  4.681101            0           0           0  
      0.000274  1.831313  7.762677     0.008329    0.004928   -0.024173  
     -1.585827  4.577888  7.771950    -0.000122   -0.000060    0.063738  
      3.171380  1.831313  7.762677    -0.008209    0.004749   -0.024119  
      1.585827  4.577572  7.762677    -0.000042   -0.009380   -0.024086  
      0.002782  1.832761 10.951143     0.020649    0.012083   -0.052553  
     -1.585827  4.577888 10.935097     0.000038   -0.000072    0.115816  
      3.168872  1.832761 10.951143    -0.020695    0.011975   -0.052394  
      1.585827  4.574676 10.951143    -0.000031   -0.023861   -0.052400  
      1.585827  2.746733 12.495177     0.000082    0.000046   -0.007916  
 
  18 f  =    9.486043 THz    59.602568 2PiTHz  316.420347 cm-1    39.231105 meV
             X         Y         Z           dx          dy          dz
      0.000000  1.831155  3.109023            0           0           0  
     -1.585827  4.577888  3.109023            0           0           0  
      3.171654  1.831155  3.109023            0           0           0  
      1.585827  4.577888  3.109023            0           0           0  
      1.585827  0.916700  9.347574    -0.002007    0.017649    0.010879  
      0.000972  3.661749  9.347574    -0.010486    0.010429   -0.008833  
      4.757481  0.915578  9.331420    -0.001207    0.003290    0.000013  
      3.170681  3.661749  9.347574    -0.000018    0.006689   -0.002049  
      1.585827  0.915578  1.536945            0           0           0  
     -0.000000  3.662310  1.536945            0           0           0  
      4.757481  0.915578  1.536945            0           0           0  
      3.171654  3.662310  1.536945            0           0           0  
      1.585827  0.915578  4.681101            0           0           0  
     -0.000000  3.662310  4.681101            0           0           0  
      4.757481  0.915578  4.681101            0           0           0  
      3.171654  3.662310  4.681101            0           0           0  
      0.000274  1.831313  7.762677     0.033365   -0.051866   -0.000899  
     -1.585827  4.577888  7.771950     0.025196   -0.070345    0.000044  
      3.171380  1.831313  7.762677    -0.030569   -0.029003   -0.003827  
      1.585827  4.577572  7.762677     0.021179    0.014909    0.004667  
      0.002782  1.832761 10.951143     0.042058   -0.071956   -0.007760  
     -1.585827  4.577888 10.935097    -0.011658    0.032332    0.000079  
      3.168872  1.832761 10.951143    -0.029021   -0.046383   -0.033091  
      1.585827  4.574676 10.951143     0.028719    0.002345    0.040740  
      1.585827  2.746733 12.495177    -0.002216    0.006460   -0.000014  
 
  19 f  =    9.485761 THz    59.600792 2PiTHz  316.410916 cm-1    39.229936 meV
             X         Y         Z           dx          dy          dz
      0.000000  1.831155  3.109023            0           0           0  
     -1.585827  4.577888  3.109023            0           0           0  
      3.171654  1.831155  3.109023            0           0           0  
      1.585827  4.577888  3.109023            0           0           0  
      1.585827  0.916700  9.347574    -0.005581   -0.006332   -0.003908  
      0.000972  3.661749  9.347574    -0.012720    0.002150   -0.007467  
      4.757481  0.915578  9.331420    -0.003329   -0.001185    0.000021  
      3.170681  3.661749  9.347574    -0.016486   -0.008327    0.011366  
      1.585827  0.915578  1.536945            0           0           0  
     -0.000000  3.662310  1.536945            0           0           0  
      4.757481  0.915578  1.536945            0           0           0  
      3.171654  3.662310  1.536945            0           0           0  
      1.585827  0.915578  4.681101            0           0           0  
     -0.000000  3.662310  4.681101            0           0           0  
      4.757481  0.915578  4.681101            0           0           0  
      3.171654  3.662310  4.681101            0           0           0  
      0.000274  1.831313  7.762677    -0.007720   -0.017415    0.004830  
     -1.585827  4.577888  7.771950     0.070178    0.025234    0.000068  
      3.171380  1.831313  7.762677     0.015225    0.046556   -0.003214  
      1.585827  4.577572  7.762677     0.058858   -0.005340   -0.001704  
      0.002782  1.832761 10.951143     0.005427   -0.014288    0.042540  
     -1.585827  4.577888 10.935097    -0.032418   -0.011619    0.000108  
      3.168872  1.832761 10.951143     0.030937    0.056887   -0.028006  
      1.585827  4.574676 10.951143     0.079767   -0.000866   -0.014684  
      1.585827  2.746733 12.495177    -0.006329   -0.002314    0.000010  
 
  20 f  =    9.231235 THz    58.001557 2PiTHz  307.920840 cm-1    38.177301 meV
             X         Y         Z           dx          dy          dz
      0.000000  1.831155  3.109023            0           0           0  
     -1.585827  4.577888  3.109023            0           0           0  
      3.171654  1.831155  3.109023            0           0           0  
      1.585827  4.577888  3.109023            0           0           0  
      1.585827  0.916700  9.347574     0.003997    0.000404    0.001235  
      0.000972  3.661749  9.347574    -0.001604    0.002679   -0.008318  
      4.757481  0.915578  9.331420    -0.005199    0.000726    0.000000  
      3.170681  3.661749  9.347574    -0.000768   -0.003311    0.007082  
      1.585827  0.915578  1.536945            0           0           0  
     -0.000000  3.662310  1.536945            0           0           0  
      4.757481  0.915578  1.536945            0           0           0  
      3.171654  3.662310  1.536945            0           0           0  
      1.585827  0.915578  4.681101            0           0           0  
     -0.000000  3.662310  4.681101            0           0           0  
      4.757481  0.915578  4.681101            0           0           0  
      3.171654  3.662310  4.681101            0           0           0  
      0.000274  1.831313  7.762677     0.041238    0.031378    0.027681  
     -1.585827  4.577888  7.771950    -0.046493    0.006495    0.000006  
      3.171380  1.831313  7.762677     0.050352   -0.033657   -0.032526  
      1.585827  4.577572  7.762677    -0.010550   -0.008996    0.004850  
      0.002782  1.832761 10.951143    -0.037951   -0.027487    0.065673  
     -1.585827  4.577888 10.935097     0.060956   -0.008538   -0.000021  
      3.168872  1.832761 10.951143    -0.045937    0.029951   -0.077140  
      1.585827  4.574676 10.951143     0.007788    0.008161    0.011486  
      1.585827  2.746733 12.495177     0.006709   -0.000954   -0.000004  
 
  21 f  =    9.230969 THz    57.999886 2PiTHz  307.911966 cm-1    38.176201 meV
             X         Y         Z           dx          dy          dz
      0.000000  1.831155  3.109023            0           0           0  
     -1.585827  4.577888  3.109023            0           0           0  
      3.171654  1.831155  3.109023            0           0           0  
      1.585827  4.577888  3.109023            0           0           0  
      1.585827  0.916700  9.347574    -0.000558    0.002930    0.008896  
      0.000972  3.661749  9.347574    -0.002836   -0.002684   -0.003378  
      4.757481  0.915578  9.331420     0.000725    0.005196    0.000003  
      3.170681  3.661749  9.347574     0.003162   -0.001848   -0.005523  
      1.585827  0.915578  1.536945            0           0           0  
     -0.000000  3.662310  1.536945            0           0           0  
      4.757481  0.915578  1.536945            0           0           0  
      3.171654  3.662310  1.536945            0           0           0  
      1.585827  0.915578  4.681101            0           0           0  
     -0.000000  3.662310  4.681101            0           0           0  
      4.757481  0.915578  4.681101            0           0           0  
      3.171654  3.662310  4.681101            0           0           0  
      0.000274  1.831313  7.762677    -0.038884   -0.012763   -0.021581  
     -1.585827  4.577888  7.771950     0.006500    0.046467    0.000011  
      3.171380  1.831313  7.762677     0.026095   -0.003730   -0.013197  
      1.585827  4.577572  7.762677     0.001496   -0.064535    0.034771  
      0.002782  1.832761 10.951143     0.034593    0.012736   -0.051208  
     -1.585827  4.577888 10.935097    -0.008486   -0.060933   -0.000001  
      3.168872  1.832761 10.951143    -0.022880    0.004748   -0.031279  
      1.585827  4.574676 10.951143    -0.001102    0.058526    0.082499  
      1.585827  2.746733 12.495177    -0.000926   -0.006686    0.000016  
 
  22 f  =    8.997427 THz    56.532498 2PiTHz  300.121845 cm-1    37.210350 meV
             X         Y         Z           dx          dy          dz
      0.000000  1.831155  3.109023            0           0           0  
     -1.585827  4.577888  3.109023            0           0           0  
      3.171654  1.831155  3.109023            0           0           0  
      1.585827  4.577888  3.109023            0           0           0  
      1.585827  0.916700  9.347574    -0.004058    0.000000   -0.000001  
      0.000972  3.661749  9.347574     0.002022    0.003508   -0.000005  
      4.757481  0.915578  9.331420    -0.000004   -0.000002    0.000003  
      3.170681  3.661749  9.347574     0.002018   -0.003508    0.000005  
      1.585827  0.915578  1.536945            0           0           0  
     -0.000000  3.662310  1.536945            0           0           0  
      4.757481  0.915578  1.536945            0           0           0  
      3.171654  3.662310  1.536945            0           0           0  
      1.585827  0.915578  4.681101            0           0           0  
     -0.000000  3.662310  4.681101            0           0           0  
      4.757481  0.915578  4.681101            0           0           0  
      3.171654  3.662310  4.681101            0           0           0  
      0.000274  1.831313  7.762677    -0.029529    0.051196    0.000006  
     -1.585827  4.577888  7.771950     0.000029   -0.000013    0.000010  
      3.171380  1.831313  7.762677    -0.029543   -0.051182   -0.000009  
      1.585827  4.577572  7.762677     0.059160    0.000014   -0.000010  
      0.002782  1.832761 10.951143     0.041250   -0.071469    0.000012  
     -1.585827  4.577888 10.935097    -0.000029    0.000021    0.000015  
      3.168872  1.832761 10.951143     0.041253    0.071453   -0.000009  
      1.585827  4.574676 10.951143    -0.082470   -0.000015   -0.000025  
      1.585827  2.746733 12.495177     0.000021    0.000005   -0.000010  
 
  23 f  =    8.383937 THz    52.677831 2PiTHz  279.658043 cm-1    34.673163 meV
             X         Y         Z           dx          dy          dz
      0.000000  1.831155  3.109023            0           0           0  
     -1.585827  4.577888  3.109023            0           0           0  
      3.171654  1.831155  3.109023            0           0           0  
      1.585827  4.577888  3.109023            0           0           0  
      1.585827  0.916700  9.347574     0.000747    0.002986    0.001299  
      0.000972  3.661749  9.347574     0.001152    0.000662    0.000294  
      4.757481  0.915578  9.331420    -0.001570   -0.001878    0.000000  
      3.170681  3.661749  9.347574     0.002962    0.002173   -0.001595  
      1.585827  0.915578  1.536945            0           0           0  
     -0.000000  3.662310  1.536945            0           0           0  
      4.757481  0.915578  1.536945            0           0           0  
      3.171654  3.662310  1.536945            0           0           0  
      1.585827  0.915578  4.681101            0           0           0  
     -0.000000  3.662310  4.681101            0           0           0  
      4.757481  0.915578  4.681101            0           0           0  
      3.171654  3.662310  4.681101            0           0           0  
      0.000274  1.831313  7.762677     0.025350    0.037534    0.007254  
     -1.585827  4.577888  7.771950     0.041380    0.049584   -0.000002  
      3.171380  1.831313  7.762677     0.034783    0.045441   -0.001313  
      1.585827  4.577572  7.762677     0.036877    0.033313   -0.005940  
      0.002782  1.832761 10.951143    -0.013714   -0.043601    0.009263  
     -1.585827  4.577888 10.935097    -0.041682   -0.049954    0.000001  
      3.168872  1.832761 10.951143    -0.049504   -0.073485   -0.001677  
      1.585827  4.574676 10.951143    -0.057464   -0.027560   -0.007588  
      1.585827  2.746733 12.495177     0.034628    0.041487    0.000002  
 
  24 f  =    8.383771 THz    52.676787 2PiTHz  279.652498 cm-1    34.672475 meV
             X         Y         Z           dx          dy          dz
      0.000000  1.831155  3.109023            0           0           0  
     -1.585827  4.577888  3.109023            0           0           0  
      3.171654  1.831155  3.109023            0           0           0  
      1.585827  4.577888  3.109023            0           0           0  
      1.585827  0.916700  9.347574     0.000897   -0.002492   -0.001087  
      0.000972  3.661749  9.347574     0.003221   -0.002087    0.001674  
      4.757481  0.915578  9.331420    -0.001881    0.001569    0.000004  
      3.170681  3.661749  9.347574     0.001709   -0.000278   -0.000586  
      1.585827  0.915578  1.536945            0           0           0  
     -0.000000  3.662310  1.536945            0           0           0  
      4.757481  0.915578  1.536945            0           0           0  
      3.171654  3.662310  1.536945            0           0           0  
      1.585827  0.915578  4.681101            0           0           0  
     -0.000000  3.662310  4.681101            0           0           0  
      4.757481  0.915578  4.681101            0           0           0  
      3.171654  3.662310  4.681101            0           0           0  
      0.000274  1.831313  7.762677     0.039979   -0.039331    0.002657  
     -1.585827  4.577888  7.771950     0.049593   -0.041371   -0.000001  
      3.171380  1.831313  7.762677     0.032095   -0.029888   -0.007600  
      1.585827  4.577572  7.762677     0.044190   -0.027811    0.004948  
      0.002782  1.832761 10.951143    -0.052829    0.066757    0.003398  
     -1.585827  4.577888 10.935097    -0.049934    0.041672   -0.000001  
      3.168872  1.832761 10.951143    -0.022948    0.030937   -0.009730  
      1.585827  4.574676 10.951143    -0.068888    0.023001    0.006319  
      1.585827  2.746733 12.495177     0.041476   -0.034630   -0.000047  
 
  25 f  =    7.677017 THz    48.236122 2PiTHz  256.077732 cm-1    31.749578 meV
             X         Y         Z           dx          dy          dz
      0.000000  1.831155  3.109023            0           0           0  
     -1.585827  4.577888  3.109023            0           0           0  
      3.171654  1.831155  3.109023            0           0           0  
      1.585827  4.577888  3.109023            0           0           0  
      1.585827  0.916700  9.347574    -0.000001   -0.001217   -0.000088  
      0.000972  3.661749  9.347574    -0.001055    0.000612   -0.000088  
      4.757481  0.915578  9.331420    -0.000005    0.000003   -0.018260  
      3.170681  3.661749  9.347574     0.001053    0.000610   -0.000090  
      1.585827  0.915578  1.536945            0           0           0  
     -0.000000  3.662310  1.536945            0           0           0  
      4.757481  0.915578  1.536945            0           0           0  
      3.171654  3.662310  1.536945            0           0           0  
      1.585827  0.915578  4.681101            0           0           0  
     -0.000000  3.662310  4.681101            0           0           0  
      4.757481  0.915578  4.681101            0           0           0  
      3.171654  3.662310  4.681101            0           0           0  
      0.000274  1.831313  7.762677     0.000074    0.000025    0.008463  
     -1.585827  4.577888  7.771950     0.000009   -0.000008   -0.003481  
      3.171380  1.831313  7.762677    -0.000045    0.000016    0.008474  
      1.585827  4.577572  7.762677     0.000010   -0.000074    0.008470  
      0.002782  1.832761 10.951143     0.056706    0.032745    0.009841  
     -1.585827  4.577888 10.935097     0.000002    0.000005   -0.002714  
      3.168872  1.832761 10.951143    -0.056709    0.032747    0.009845  
      1.585827  4.574676 10.951143    -0.000010   -0.065481    0.009844  
      1.585827  2.746733 12.495177     0.000018   -0.000046    0.290767  
 
  26 f  =    6.202633 THz    38.972293 2PiTHz  206.897571 cm-1    25.652018 meV
             X         Y         Z           dx          dy          dz
      0.000000  1.831155  3.109023            0           0           0  
     -1.585827  4.577888  3.109023            0           0           0  
      3.171654  1.831155  3.109023            0           0           0  
      1.585827  4.577888  3.109023            0           0           0  
      1.585827  0.916700  9.347574    -0.000876    0.002679   -0.003621  
      0.000972  3.661749  9.347574    -0.002474    0.002033    0.004271  
      4.757481  0.915578  9.331420     0.013892   -0.017708    0.000001  
      3.170681  3.661749  9.347574    -0.001115    0.000968   -0.000650  
      1.585827  0.915578  1.536945            0           0           0  
     -0.000000  3.662310  1.536945            0           0           0  
      4.757481  0.915578  1.536945            0           0           0  
      3.171654  3.662310  1.536945            0           0           0  
      1.585827  0.915578  4.681101            0           0           0  
     -0.000000  3.662310  4.681101            0           0           0  
      4.757481  0.915578  4.681101            0           0           0  
      3.171654  3.662310  4.681101            0           0           0  
      0.000274  1.831313  7.762677     0.005210   -0.002459   -0.001684  
     -1.585827  4.577888  7.771950     0.004124   -0.005237   -0.000002  
      3.171380  1.831313  7.762677     0.017796   -0.012343    0.011075  
      1.585827  4.577572  7.762677     0.002969   -0.018308   -0.009387  
      0.002782  1.832761 10.951143    -0.001535   -0.012415   -0.004758  
     -1.585827  4.577888 10.935097    -0.004789    0.006114    0.000005  
      3.168872  1.832761 10.951143    -0.044812    0.021520    0.031309  
      1.585827  4.574676 10.951143     0.006234    0.042010   -0.026553  
      1.585827  2.746733 12.495177    -0.204942    0.261218    0.000023  
 
  27 f  =    6.202390 THz    38.970764 2PiTHz  206.889451 cm-1    25.651011 meV
             X         Y         Z           dx          dy          dz
      0.000000  1.831155  3.109023            0           0           0  
     -1.585827  4.577888  3.109023            0           0           0  
      3.171654  1.831155  3.109023            0           0           0  
      1.585827  4.577888  3.109023            0           0           0  
      1.585827  0.916700  9.347574     0.001115    0.002101   -0.002843  
      0.000972  3.661749  9.347574     0.001756    0.000500   -0.001717  
      4.757481  0.915578  9.331420    -0.017708   -0.013893   -0.000001  
      3.170681  3.661749  9.347574     0.002817    0.001856    0.004561  
      1.585827  0.915578  1.536945            0           0           0  
     -0.000000  3.662310  1.536945            0           0           0  
      4.757481  0.915578  1.536945            0           0           0  
      3.171654  3.662310  1.536945            0           0           0  
      1.585827  0.915578  4.681101            0           0           0  
     -0.000000  3.662310  4.681101            0           0           0  
      4.757481  0.915578  4.681101            0           0           0  
      3.171654  3.662310  4.681101            0           0           0  
      0.000274  1.831313  7.762677    -0.019594   -0.012112    0.011810  
     -1.585827  4.577888  7.771950    -0.005257   -0.004110    0.000002  
      3.171380  1.831313  7.762677    -0.009720    0.000492   -0.004444  
      1.585827  4.577572  7.762677    -0.003777   -0.014362   -0.007366  
      0.002782  1.832761 10.951143     0.046509    0.025197    0.033413  
     -1.585827  4.577888 10.935097     0.006101    0.004795   -0.000003  
      3.168872  1.832761 10.951143     0.012560   -0.018051   -0.012578  
      1.585827  4.574676 10.951143    -0.007941    0.032966   -0.020835  
      1.585827  2.746733 12.495177     0.261220    0.204931    0.000013  
 
  28 f  =    4.227975 THz    26.565151 2PiTHz  141.030069 cm-1    17.485492 meV
             X         Y         Z           dx          dy          dz
      0.000000  1.831155  3.109023            0           0           0  
     -1.585827  4.577888  3.109023            0           0           0  
      3.171654  1.831155  3.109023            0           0           0  
      1.585827  4.577888  3.109023            0           0           0  
      1.585827  0.916700  9.347574     0.001220   -0.000109    0.043161  
      0.000972  3.661749  9.347574     0.000996    0.001746    0.006844  
      4.757481  0.915578  9.331420    -0.002408   -0.003162   -0.000012  
      3.170681  3.661749  9.347574    -0.000509    0.000608   -0.049993  
      1.585827  0.915578  1.536945            0           0           0  
     -0.000000  3.662310  1.536945            0           0           0  
      4.757481  0.915578  1.536945            0           0           0  
      3.171654  3.662310  1.536945            0           0           0  
      1.585827  0.915578  4.681101            0           0           0  
     -0.000000  3.662310  4.681101            0           0           0  
      4.757481  0.915578  4.681101            0           0           0  
      3.171654  3.662310  4.681101            0           0           0  
      0.000274  1.831313  7.762677     0.011307   -0.005719    0.023763  
     -1.585827  4.577888  7.771950     0.016367    0.021524    0.000005  
      3.171380  1.831313  7.762677    -0.012787   -0.024038   -0.003253  
      1.585827  4.577572  7.762677    -0.016602    0.005973   -0.020519  
      0.002782  1.832761 10.951143    -0.010211    0.005876    0.024654  
     -1.585827  4.577888 10.935097    -0.014827   -0.019507   -0.000000  
      3.168872  1.832761 10.951143     0.012385    0.023054   -0.003373  
      1.585827  4.574676 10.951143     0.015960   -0.005085   -0.021277  
      1.585827  2.746733 12.495177     0.011149    0.014652   -0.000006  
 
  29 f  =    4.227689 THz    26.563356 2PiTHz  141.020539 cm-1    17.484311 meV
             X         Y         Z           dx          dy          dz
      0.000000  1.831155  3.109023            0           0           0  
     -1.585827  4.577888  3.109023            0           0           0  
      3.171654  1.831155  3.109023            0           0           0  
      1.585827  4.577888  3.109023            0           0           0  
      1.585827  0.916700  9.347574    -0.001604   -0.000105    0.032813  
      0.000972  3.661749  9.347574     0.000238    0.000162   -0.053784  
      4.757481  0.915578  9.331420     0.003163   -0.002406    0.000005  
      3.170681  3.661749  9.347574    -0.000875    0.001645    0.020966  
      1.585827  0.915578  1.536945            0           0           0  
     -0.000000  3.662310  1.536945            0           0           0  
      4.757481  0.915578  1.536945            0           0           0  
      3.171654  3.662310  1.536945            0           0           0  
      1.585827  0.915578  4.681101            0           0           0  
     -0.000000  3.662310  4.681101            0           0           0  
      4.757481  0.915578  4.681101            0           0           0  
      3.171654  3.662310  4.681101            0           0           0  
      0.000274  1.831313  7.762677     0.010133   -0.023352   -0.009960  
     -1.585827  4.577888  7.771950    -0.021529    0.016377   -0.000011  
      3.171380  1.831313  7.762677    -0.008184    0.000739    0.025569  
      1.585827  4.577572  7.762677     0.021838    0.004557   -0.015596  
      0.002782  1.832761 10.951143    -0.010018    0.022301   -0.010344  
     -1.585827  4.577888 10.935097     0.019498   -0.014828    0.000010  
      3.168872  1.832761 10.951143     0.007157   -0.000293    0.026517  
      1.585827  4.574676 10.951143    -0.020991   -0.003873   -0.016182  
      1.585827  2.746733 12.495177    -0.014653    0.011132   -0.000005  
 
  30 f  =    4.180970 THz    26.269811 2PiTHz  139.462154 cm-1    17.291096 meV
             X         Y         Z           dx          dy          dz
      0.000000  1.831155  3.109023            0           0           0  
     -1.585827  4.577888  3.109023            0           0           0  
      3.171654  1.831155  3.109023            0           0           0  
      1.585827  4.577888  3.109023            0           0           0  
      1.585827  0.916700  9.347574    -0.000012    0.001695   -0.019183  
      0.000972  3.661749  9.347574     0.001467   -0.000857   -0.019184  
      4.757481  0.915578  9.331420     0.000009   -0.000000    0.058907  
      3.170681  3.661749  9.347574    -0.001459   -0.000836   -0.019203  
      1.585827  0.915578  1.536945            0           0           0  
     -0.000000  3.662310  1.536945            0           0           0  
      4.757481  0.915578  1.536945            0           0           0  
      3.171654  3.662310  1.536945            0           0           0  
      1.585827  0.915578  4.681101            0           0           0  
     -0.000000  3.662310  4.681101            0           0           0  
      4.757481  0.915578  4.681101            0           0           0  
      3.171654  3.662310  4.681101            0           0           0  
      0.000274  1.831313  7.762677    -0.021997   -0.012696    0.006707  
     -1.585827  4.577888  7.771950     0.000005    0.000002   -0.022994  
      3.171380  1.831313  7.762677     0.021979   -0.012697    0.006700  
      1.585827  4.577572  7.762677    -0.000012    0.025388    0.006699  
      0.002782  1.832761 10.951143     0.017908    0.010346    0.006134  
     -1.585827  4.577888 10.935097     0.000002    0.000005   -0.027389  
      3.168872  1.832761 10.951143    -0.017917    0.010346    0.006125  
      1.585827  4.574676 10.951143    -0.000004   -0.020692    0.006117  
      1.585827  2.746733 12.495177     0.000020   -0.000007    0.029495  
 
  31 f  =    3.178678 THz    19.972224 2PiTHz  106.029291 cm-1    13.145951 meV
             X         Y         Z           dx          dy          dz
      0.000000  1.831155  3.109023            0           0           0  
     -1.585827  4.577888  3.109023            0           0           0  
      3.171654  1.831155  3.109023            0           0           0  
      1.585827  4.577888  3.109023            0           0           0  
      1.585827  0.916700  9.347574    -0.021251   -0.008531    0.000083  
      0.000972  3.661749  9.347574     0.031470   -0.025928   -0.000385  
      4.757481  0.915578  9.331420    -0.029347    0.005979   -0.000004  
      3.170681  3.661749  9.347574     0.020474    0.028213    0.000308  
      1.585827  0.915578  1.536945            0           0           0  
     -0.000000  3.662310  1.536945            0           0           0  
      4.757481  0.915578  1.536945            0           0           0  
      3.171654  3.662310  1.536945            0           0           0  
      1.585827  0.915578  4.681101            0           0           0  
     -0.000000  3.662310  4.681101            0           0           0  
      4.757481  0.915578  4.681101            0           0           0  
      3.171654  3.662310  4.681101            0           0           0  
      0.000274  1.831313  7.762677    -0.017101   -0.017349   -0.005049  
     -1.585827  4.577888  7.771950     0.032290   -0.006584   -0.000034  
      3.171380  1.831313  7.762677    -0.024259    0.017522    0.006422  
      1.585827  4.577572  7.762677     0.009814    0.006259   -0.001340  
      0.002782  1.832761 10.951143    -0.018399   -0.020225    0.004450  
     -1.585827  4.577888 10.935097     0.033517   -0.006833    0.000044  
      3.168872  1.832761 10.951143    -0.026618    0.019902   -0.005681  
      1.585827  4.574676 10.951143     0.012552    0.006950    0.001180  
      1.585827  2.746733 12.495177    -0.049267    0.010044   -0.000026  
 
  32 f  =    3.178386 THz    19.970387 2PiTHz  106.019538 cm-1    13.144741 meV
             X         Y         Z           dx          dy          dz
      0.000000  1.831155  3.109023            0           0           0  
     -1.585827  4.577888  3.109023            0           0           0  
      3.171654  1.831155  3.109023            0           0           0  
      1.585827  4.577888  3.109023            0           0           0  
      1.585827  0.916700  9.347574    -0.004321    0.041756   -0.000387  
      0.000972  3.661749  9.347574    -0.021731   -0.011068    0.000129  
      4.757481  0.915578  9.331420    -0.005984   -0.029361   -0.000023  
      3.170681  3.661749  9.347574     0.032314   -0.000011    0.000271  
      1.585827  0.915578  1.536945            0           0           0  
     -0.000000  3.662310  1.536945            0           0           0  
      4.757481  0.915578  1.536945            0           0           0  
      3.171654  3.662310  1.536945            0           0           0  
      1.585827  0.915578  4.681101            0           0           0  
     -0.000000  3.662310  4.681101            0           0           0  
      4.757481  0.915578  4.681101            0           0           0  
      3.171654  3.662310  4.681101            0           0           0  
      0.000274  1.831313  7.762677    -0.021742   -0.003973   -0.004521  
     -1.585827  4.577888  7.771950     0.006583    0.032289    0.000136  
      3.171380  1.831313  7.762677     0.013316    0.003151   -0.002182  
      1.585827  4.577572  7.762677     0.001992   -0.030730    0.006575  
      0.002782  1.832761 10.951143    -0.024755   -0.003299    0.004012  
     -1.585827  4.577888 10.935097     0.006833    0.033511   -0.000137  
      3.168872  1.832761 10.951143     0.015585    0.004893    0.001941  
      1.585827  4.574676 10.951143     0.002548   -0.034087   -0.005802  
      1.585827  2.746733 12.495177    -0.010036   -0.049316    0.000076  
 
  33 f  =    3.112636 THz    19.557272 2PiTHz  103.826377 cm-1    12.872824 meV
             X         Y         Z           dx          dy          dz
      0.000000  1.831155  3.109023            0           0           0  
     -1.585827  4.577888  3.109023            0           0           0  
      3.171654  1.831155  3.109023            0           0           0  
      1.585827  4.577888  3.109023            0           0           0  
      1.585827  0.916700  9.347574    -0.000035   -0.040006   -0.000607  
      0.000972  3.661749  9.347574    -0.034904    0.020127   -0.000579  
      4.757481  0.915578  9.331420     0.000008   -0.000129    0.004153  
      3.170681  3.661749  9.347574     0.034938    0.020013   -0.000614  
      1.585827  0.915578  1.536945            0           0           0  
     -0.000000  3.662310  1.536945            0           0           0  
      4.757481  0.915578  1.536945            0           0           0  
      3.171654  3.662310  1.536945            0           0           0  
      1.585827  0.915578  4.681101            0           0           0  
     -0.000000  3.662310  4.681101            0           0           0  
      4.757481  0.915578  4.681101            0           0           0  
      3.171654  3.662310  4.681101            0           0           0  
      0.000274  1.831313  7.762677     0.003601    0.002170    0.010220  
     -1.585827  4.577888  7.771950     0.000010    0.000127   -0.033149  
      3.171380  1.831313  7.762677    -0.003614    0.002067    0.010199  
      1.585827  4.577572  7.762677     0.000038   -0.004394    0.010250  
      0.002782  1.832761 10.951143     0.003118    0.001885   -0.012631  
     -1.585827  4.577888 10.935097    -0.000010    0.000136    0.035291  
      3.168872  1.832761 10.951143    -0.003129    0.001804   -0.012641  
      1.585827  4.574676 10.951143     0.000059   -0.003852   -0.012665  
      1.585827  2.746733 12.495177     0.000037   -0.000212   -0.019102  
 
  34 f  =    3.023240 THz    18.995578 2PiTHz  100.844436 cm-1    12.503111 meV
             X         Y         Z           dx          dy          dz
      0.000000  1.831155  3.109023            0           0           0  
     -1.585827  4.577888  3.109023            0           0           0  
      3.171654  1.831155  3.109023            0           0           0  
      1.585827  4.577888  3.109023            0           0           0  
      1.585827  0.916700  9.347574    -0.037878    0.000066   -0.000003  
      0.000972  3.661749  9.347574     0.018941    0.032908    0.000002  
      4.757481  0.915578  9.331420     0.000115   -0.000009   -0.000004  
      3.170681  3.661749  9.347574     0.018860   -0.032959    0.000002  
      1.585827  0.915578  1.536945            0           0           0  
     -0.000000  3.662310  1.536945            0           0           0  
      4.757481  0.915578  1.536945            0           0           0  
      3.171654  3.662310  1.536945            0           0           0  
      1.585827  0.915578  4.681101            0           0           0  
     -0.000000  3.662310  4.681101            0           0           0  
      4.757481  0.915578  4.681101            0           0           0  
      3.171654  3.662310  4.681101            0           0           0  
      0.000274  1.831313  7.762677    -0.015890    0.027672   -0.000009  
     -1.585827  4.577888  7.771950    -0.000093    0.000009    0.000044  
      3.171380  1.831313  7.762677    -0.015867   -0.027675   -0.000022  
      1.585827  4.577572  7.762677     0.031868    0.000000   -0.000009  
      0.002782  1.832761 10.951143    -0.016698    0.029105    0.000017  
     -1.585827  4.577888 10.935097    -0.000094    0.000011   -0.000046  
      3.168872  1.832761 10.951143    -0.016678   -0.029110    0.000016  
      1.585827  4.574676 10.951143     0.033507   -0.000004    0.000020  
      1.585827  2.746733 12.495177     0.000228   -0.000018    0.000025  
 
  35 f  =    0.646115 THz     4.059663 2PiTHz   21.552090 cm-1     2.672117 meV
             X         Y         Z           dx          dy          dz
      0.000000  1.831155  3.109023            0           0           0  
     -1.585827  4.577888  3.109023            0           0           0  
      3.171654  1.831155  3.109023            0           0           0  
      1.585827  4.577888  3.109023            0           0           0  
      1.585827  0.916700  9.347574     0.000008   -0.000189   -0.031722  
      0.000972  3.661749  9.347574    -0.000157    0.000094   -0.031722  
      4.757481  0.915578  9.331420    -0.000002   -0.000006   -0.031554  
      3.170681  3.661749  9.347574     0.000163    0.000089   -0.031721  
      1.585827  0.915578  1.536945            0           0           0  
     -0.000000  3.662310  1.536945            0           0           0  
      4.757481  0.915578  1.536945            0           0           0  
      3.171654  3.662310  1.536945            0           0           0  
      1.585827  0.915578  4.681101            0           0           0  
     -0.000000  3.662310  4.681101            0           0           0  
      4.757481  0.915578  4.681101            0           0           0  
      3.171654  3.662310  4.681101            0           0           0  
      0.000274  1.831313  7.762677    -0.000040   -0.000029   -0.031188  
     -1.585827  4.577888  7.771950     0.000003   -0.000004   -0.031466  
      3.171380  1.831313  7.762677     0.000047   -0.000029   -0.031193  
      1.585827  4.577572  7.762677     0.000004    0.000046   -0.031192  
      0.002782  1.832761 10.951143    -0.000102   -0.000064   -0.031914  
     -1.585827  4.577888 10.935097     0.000003   -0.000003   -0.031661  
      3.168872  1.832761 10.951143     0.000107   -0.000062   -0.031906  
      1.585827  4.574676 10.951143     0.000005    0.000119   -0.031907  
      1.585827  2.746733 12.495177    -0.000006   -0.000005   -0.032867  
 
  36 f  =    0.353180 THz     2.219098 2PiTHz   11.780832 cm-1     1.460636 meV
             X         Y         Z           dx          dy          dz
      0.000000  1.831155  3.109023            0           0           0  
     -1.585827  4.577888  3.109023            0           0           0  
      3.171654  1.831155  3.109023            0           0           0  
      1.585827  4.577888  3.109023            0           0           0  
      1.585827  0.916700  9.347574     0.031562   -0.003335    0.000001  
      0.000972  3.661749  9.347574     0.031486   -0.003322    0.000022  
      4.757481  0.915578  9.331420     0.031412   -0.003332    0.000003  
      3.170681  3.661749  9.347574     0.031480   -0.003368   -0.000013  
      1.585827  0.915578  1.536945            0           0           0  
     -0.000000  3.662310  1.536945            0           0           0  
      4.757481  0.915578  1.536945            0           0           0  
      3.171654  3.662310  1.536945            0           0           0  
      1.585827  0.915578  4.681101            0           0           0  
     -0.000000  3.662310  4.681101            0           0           0  
      4.757481  0.915578  4.681101            0           0           0  
      3.171654  3.662310  4.681101            0           0           0  
      0.000274  1.831313  7.762677     0.031303   -0.003313    0.000056  
     -1.585827  4.577888  7.771950     0.031309   -0.003322    0.000007  
      3.171380  1.831313  7.762677     0.031305   -0.003323   -0.000058  
      1.585827  4.577572  7.762677     0.031281   -0.003320    0.000007  
      0.002782  1.832761 10.951143     0.031617   -0.003362   -0.000018  
     -1.585827  4.577888 10.935097     0.031594   -0.003352   -0.000001  
      3.168872  1.832761 10.951143     0.031617   -0.003342    0.000030  
      1.585827  4.574676 10.951143     0.031613   -0.003353    0.000004  
      1.585827  2.746733 12.495177     0.031720   -0.003365    0.000008  
 
  37 f  =    0.352100 THz     2.212309 2PiTHz   11.744791 cm-1     1.456168 meV
             X         Y         Z           dx          dy          dz
      0.000000  1.831155  3.109023            0           0           0  
     -1.585827  4.577888  3.109023            0           0           0  
      3.171654  1.831155  3.109023            0           0           0  
      1.585827  4.577888  3.109023            0           0           0  
      1.585827  0.916700  9.347574     0.003354    0.031480    0.000016  
      0.000972  3.661749  9.347574     0.003362    0.031531   -0.000010  
      4.757481  0.915578  9.331420     0.003325    0.031405   -0.000003  
      3.170681  3.661749  9.347574     0.003316    0.031523   -0.000014  
      1.585827  0.915578  1.536945            0           0           0  
     -0.000000  3.662310  1.536945            0           0           0  
      4.757481  0.915578  1.536945            0           0           0  
      3.171654  3.662310  1.536945            0           0           0  
      1.585827  0.915578  4.681101            0           0           0  
     -0.000000  3.662310  4.681101            0           0           0  
      4.757481  0.915578  4.681101            0           0           0  
      3.171654  3.662310  4.681101            0           0           0  
      0.000274  1.831313  7.762677     0.003331    0.031290    0.000037  
     -1.585827  4.577888  7.771950     0.003319    0.031304   -0.000004  
      3.171380  1.831313  7.762677     0.003310    0.031292    0.000019  
      1.585827  4.577572  7.762677     0.003317    0.031308   -0.000063  
      0.002782  1.832761 10.951143     0.003346    0.031616   -0.000021  
     -1.585827  4.577888 10.935097     0.003350    0.031594    0.000000  
      3.168872  1.832761 10.951143     0.003361    0.031623   -0.000007  
      1.585827  4.574676 10.951143     0.003352    0.031610    0.000015  
      1.585827  2.746733 12.495177     0.003355    0.031736   -0.000008  
 
  38 fi =    2.351455 THz    14.774627 2PiTHz   78.436095 cm-1     9.724832 meV
             X         Y         Z           dx          dy          dz
      0.000000  1.831155  3.109023            0           0           0  
     -1.585827  4.577888  3.109023            0           0           0  
      3.171654  1.831155  3.109023            0           0           0  
      1.585827  4.577888  3.109023            0           0           0  
      1.585827  0.916700  9.347574     0.038700   -0.000331   -0.000111  
      0.000972  3.661749  9.347574     0.006323    0.020870   -0.001604  
      4.757481  0.915578  9.331420    -0.047290   -0.002637    0.000019  
      3.170681  3.661749  9.347574     0.004164   -0.017813    0.001712  
      1.585827  0.915578  1.536945            0           0           0  
     -0.000000  3.662310  1.536945            0           0           0  
      4.757481  0.915578  1.536945            0           0           0  
      3.171654  3.662310  1.536945            0           0           0  
      1.585827  0.915578  4.681101            0           0           0  
     -0.000000  3.662310  4.681101            0           0           0  
      4.757481  0.915578  4.681101            0           0           0  
      3.171654  3.662310  4.681101            0           0           0  
      0.000274  1.831313  7.762677    -0.002476   -0.007431    0.026116  
     -1.585827  4.577888  7.771950    -0.001131   -0.000068    0.000002  
      3.171380  1.831313  7.762677    -0.001587    0.008195   -0.024482  
      1.585827  4.577572  7.762677     0.011520   -0.000357   -0.001622  
      0.002782  1.832761 10.951143    -0.007909   -0.008607   -0.035708  
     -1.585827  4.577888 10.935097     0.000667    0.000034   -0.000007  
      3.168872  1.832761 10.951143    -0.006939    0.008903    0.033496  
      1.585827  4.574676 10.951143     0.007762   -0.000700    0.002232  
      1.585827  2.746733 12.495177    -0.064517   -0.003592    0.000006  
 
  39 fi =    2.353957 THz    14.790351 2PiTHz   78.519568 cm-1     9.735181 meV
             X         Y         Z           dx          dy          dz
      0.000000  1.831155  3.109023            0           0           0  
     -1.585827  4.577888  3.109023            0           0           0  
      3.171654  1.831155  3.109023            0           0           0  
      1.585827  4.577888  3.109023            0           0           0  
      1.585827  0.916700  9.347574     0.002152    0.005924    0.001918  
      0.000972  3.661749  9.347574    -0.019031   -0.026482   -0.001054  
      4.757481  0.915578  9.331420    -0.002637    0.047287   -0.000003  
      3.170681  3.661749  9.347574     0.019632   -0.028631   -0.000868  
      1.585827  0.915578  1.536945            0           0           0  
     -0.000000  3.662310  1.536945            0           0           0  
      4.757481  0.915578  1.536945            0           0           0  
      3.171654  3.662310  1.536945            0           0           0  
      1.585827  0.915578  4.681101            0           0           0  
     -0.000000  3.662310  4.681101            0           0           0  
      4.757481  0.915578  4.681101            0           0           0  
      3.171654  3.662310  4.681101            0           0           0  
      0.000274  1.831313  7.762677     0.007702   -0.007448   -0.013202  
     -1.585827  4.577888  7.771950    -0.000063    0.001134   -0.000001  
      3.171380  1.831313  7.762677    -0.007940   -0.006578   -0.016015  
      1.585827  4.577572  7.762677     0.000639    0.006523    0.029212  
      0.002782  1.832761 10.951143     0.008340   -0.003187    0.018052  
     -1.585827  4.577888 10.935097     0.000040   -0.000668   -0.000002  
      3.168872  1.832761 10.951143    -0.009175   -0.002215    0.021903  
      1.585827  4.574676 10.951143     0.000430    0.012465   -0.039958  
      1.585827  2.746733 12.495177    -0.003596    0.064484    0.000000  
 
