 Eigenvectors and eigenvalues of the dynamical matrix
 ----------------------------------------------------
 
 
   1 f  =    9.828062 THz    61.751537 2PiTHz  327.828875 cm-1    40.645582 meV
             X         Y         Z           dx          dy          dz
     -0.000000  1.900397  3.253954            0           0           0  
     -1.645793  4.750992  3.253954            0           0           0  
      3.291584  1.900397  3.253954            0           0           0  
      1.645792  4.750992  3.253954            0           0           0  
      1.645792  0.956365  9.779493     0.000000   -0.001518    0.000335  
      0.005340  3.797710  9.779493    -0.001316    0.000759    0.000334  
      4.937376  0.950198  9.750908    -0.000000   -0.000001    0.009757  
      3.286243  3.797710  9.779493     0.001316    0.000759    0.000335  
      1.645792  0.950198  1.569568            0           0           0  
     -0.000001  3.800794  1.569568            0           0           0  
      4.937376  0.950198  1.569568            0           0           0  
      3.291584  3.800794  1.569568            0           0           0  
      1.645792  0.950198  4.938340            0           0           0  
     -0.000001  3.800794  4.938340            0           0           0  
      4.937376  0.950198  4.938340            0           0           0  
      3.291584  3.800794  4.938340            0           0           0  
      0.002719  1.901967  8.077687    -0.000473   -0.000272   -0.004768  
     -1.645793  4.750992  8.092460     0.000000   -0.000000   -0.003171  
      3.288864  1.901967  8.077687     0.000472   -0.000272   -0.004768  
      1.645792  4.747852  8.077687    -0.000001    0.000548   -0.004768  
      0.000430  1.900645 11.486028    -0.021807   -0.012591   -0.011379  
     -1.645793  4.750992 11.474550    -0.000000    0.000000   -0.001722  
      3.291154  1.900645 11.486028     0.021807   -0.012591   -0.011380  
      1.645792  4.750496 11.486028    -0.000001    0.025181   -0.011380  
      1.645793  2.850595 13.171966    -0.000000   -0.000000    0.363278  
 
   2 f  =    8.280412 THz    52.027363 2PiTHz  276.204813 cm-1    34.245017 meV
             X         Y         Z           dx          dy          dz
     -0.000000  1.900397  3.253954            0           0           0  
     -1.645793  4.750992  3.253954            0           0           0  
      3.291584  1.900397  3.253954            0           0           0  
      1.645792  4.750992  3.253954            0           0           0  
      1.645792  0.956365  9.779493     0.000001   -0.000164    0.027493  
      0.005340  3.797710  9.779493    -0.000141    0.000083    0.027494  
      4.937376  0.950198  9.750908    -0.000001    0.000002    0.014243  
      3.286243  3.797710  9.779493     0.000142    0.000082    0.027493  
      1.645792  0.950198  1.569568            0           0           0  
     -0.000001  3.800794  1.569568            0           0           0  
      4.937376  0.950198  1.569568            0           0           0  
      3.291584  3.800794  1.569568            0           0           0  
      1.645792  0.950198  4.938340            0           0           0  
     -0.000001  3.800794  4.938340            0           0           0  
      4.937376  0.950198  4.938340            0           0           0  
      3.291584  3.800794  4.938340            0           0           0  
      0.002719  1.901967  8.077687    -0.002657   -0.001536   -0.031981  
     -1.645793  4.750992  8.092460    -0.000003   -0.000001   -0.034324  
      3.288864  1.901967  8.077687     0.002656   -0.001533   -0.031977  
      1.645792  4.747852  8.077687     0.000003    0.003064   -0.031981  
      0.000430  1.900645 11.486028     0.008733    0.005043   -0.020917  
     -1.645793  4.750992 11.474550    -0.000000    0.000001   -0.030450  
      3.291154  1.900645 11.486028    -0.008735    0.005042   -0.020920  
      1.645792  4.750496 11.486028    -0.000001   -0.010086   -0.020915  
      1.645793  2.850595 13.171966     0.000004    0.000001   -0.034893  
 
   3 f  =    7.689625 THz    48.315336 2PiTHz  256.498268 cm-1    31.801718 meV
             X         Y         Z           dx          dy          dz
     -0.000000  1.900397  3.253954            0           0           0  
     -1.645793  4.750992  3.253954            0           0           0  
      3.291584  1.900397  3.253954            0           0           0  
      1.645792  4.750992  3.253954            0           0           0  
      1.645792  0.956365  9.779493    -0.001339   -0.000009    0.000112  
      0.005340  3.797710  9.779493     0.000221   -0.000902   -0.009608  
      4.937376  0.950198  9.750908     0.018151   -0.000186   -0.000002  
      3.286243  3.797710  9.779493     0.000202    0.000907    0.009499  
      1.645792  0.950198  1.569568            0           0           0  
     -0.000001  3.800794  1.569568            0           0           0  
      4.937376  0.950198  1.569568            0           0           0  
      3.291584  3.800794  1.569568            0           0           0  
      1.645792  0.950198  4.938340            0           0           0  
     -0.000001  3.800794  4.938340            0           0           0  
      4.937376  0.950198  4.938340            0           0           0  
      3.291584  3.800794  4.938340            0           0           0  
      0.002719  1.901967  8.077687    -0.007517    0.003161    0.018759  
     -1.645793  4.750992  8.092460     0.009722   -0.000094   -0.000002  
      3.288864  1.901967  8.077687    -0.007451   -0.002935   -0.018971  
      1.645792  4.747852  8.077687    -0.012745    0.000066    0.000218  
      0.000430  1.900645 11.486028    -0.025516   -0.024482   -0.026523  
     -1.645793  4.750992 11.474550    -0.008780    0.000091    0.000002  
      3.291154  1.900645 11.486028    -0.026005    0.024441    0.026823  
      1.645792  4.750496 11.486028     0.016625    0.000405   -0.000309  
      1.645793  2.850595 13.171966     0.282125   -0.002813   -0.000003  
 
   4 f  =    7.689540 THz    48.314805 2PiTHz  256.495449 cm-1    31.801368 meV
             X         Y         Z           dx          dy          dz
     -0.000000  1.900397  3.253954            0           0           0  
     -1.645793  4.750992  3.253954            0           0           0  
      3.291584  1.900397  3.253954            0           0           0  
      1.645792  4.750992  3.253954            0           0           0  
      1.645792  0.956365  9.779493    -0.000014    0.000748   -0.011037  
      0.005340  3.797710  9.779493    -0.000900   -0.000835    0.005420  
      4.937376  0.950198  9.750908     0.000183    0.018148    0.000003  
      3.286243  3.797710  9.779493     0.000911   -0.000813    0.005611  
      1.645792  0.950198  1.569568            0           0           0  
     -0.000001  3.800794  1.569568            0           0           0  
      4.937376  0.950198  1.569568            0           0           0  
      3.291584  3.800794  1.569568            0           0           0  
      1.645792  0.950198  4.938340            0           0           0  
     -0.000001  3.800794  4.938340            0           0           0  
      4.937376  0.950198  4.938340            0           0           0  
      3.291584  3.800794  4.938340            0           0           0  
      0.002719  1.901967  8.077687     0.002980   -0.010968    0.011080  
     -1.645793  4.750992  8.092460     0.000094    0.009714   -0.000008  
      3.288864  1.901967  8.077687    -0.003131   -0.011030    0.010699  
      1.645792  4.747852  8.077687    -0.000130   -0.005724   -0.021788  
      0.000430  1.900645 11.486028    -0.024724    0.002250   -0.015664  
     -1.645793  4.750992 11.474550    -0.000091   -0.008796    0.000008  
      3.291154  1.900645 11.486028     0.024209    0.002741   -0.015128  
      1.645792  4.750496 11.486028     0.000163   -0.039883    0.030806  
      1.645793  2.850595 13.171966     0.002821    0.282105    0.000010  
 
   5 f  =    7.302375 THz    45.882173 2PiTHz  243.581001 cm-1    30.200182 meV
             X         Y         Z           dx          dy          dz
     -0.000000  1.900397  3.253954            0           0           0  
     -1.645793  4.750992  3.253954            0           0           0  
      3.291584  1.900397  3.253954            0           0           0  
      1.645792  4.750992  3.253954            0           0           0  
      1.645792  0.956365  9.779493     0.000019   -0.018301   -0.003121  
      0.005340  3.797710  9.779493    -0.015835    0.009200   -0.003168  
      4.937376  0.950198  9.750908     0.000004    0.000009    0.011963  
      3.286243  3.797710  9.779493     0.015850    0.009194   -0.003105  
      1.645792  0.950198  1.569568            0           0           0  
     -0.000001  3.800794  1.569568            0           0           0  
      4.937376  0.950198  1.569568            0           0           0  
      3.291584  3.800794  1.569568            0           0           0  
      1.645792  0.950198  4.938340            0           0           0  
     -0.000001  3.800794  4.938340            0           0           0  
      4.937376  0.950198  4.938340            0           0           0  
      3.291584  3.800794  4.938340            0           0           0  
      0.002719  1.901967  8.077687     0.013901    0.008032   -0.019282  
     -1.645793  4.750992  8.092460     0.000023   -0.000027    0.072708  
      3.288864  1.901967  8.077687    -0.013924    0.007992   -0.019278  
      1.645792  4.747852  8.077687    -0.000039   -0.016113   -0.019159  
      0.000430  1.900645 11.486028     0.002146    0.001209    0.009696  
     -1.645793  4.750992 11.474550    -0.000040   -0.000018   -0.049497  
      3.291154  1.900645 11.486028    -0.002160    0.001233    0.009641  
      1.645792  4.750496 11.486028     0.000018   -0.002542    0.009620  
      1.645793  2.850595 13.171966    -0.000077    0.000091   -0.001595  
 
   6 f  =    7.261627 THz    45.626149 2PiTHz  242.221807 cm-1    30.031663 meV
             X         Y         Z           dx          dy          dz
     -0.000000  1.900397  3.253954            0           0           0  
     -1.645793  4.750992  3.253954            0           0           0  
      3.291584  1.900397  3.253954            0           0           0  
      1.645792  4.750992  3.253954            0           0           0  
      1.645792  0.956365  9.779493    -0.014105   -0.003229    0.013847  
      0.005340  3.797710  9.779493     0.005713   -0.003927   -0.029334  
      4.937376  0.950198  9.750908    -0.000962    0.000513    0.000007  
      3.286243  3.797710  9.779493    -0.003661    0.013562    0.015482  
      1.645792  0.950198  1.569568            0           0           0  
     -0.000001  3.800794  1.569568            0           0           0  
      4.937376  0.950198  1.569568            0           0           0  
      3.291584  3.800794  1.569568            0           0           0  
      1.645792  0.950198  4.938340            0           0           0  
     -0.000001  3.800794  4.938340            0           0           0  
      4.937376  0.950198  4.938340            0           0           0  
      3.291584  3.800794  4.938340            0           0           0  
      0.002719  1.901967  8.077687    -0.002259    0.023494    0.027294  
     -1.645793  4.750992  8.092460     0.021460   -0.011474   -0.000093  
      3.288864  1.901967  8.077687     0.015585   -0.009929   -0.051658  
      1.645792  4.747852  8.077687    -0.022269   -0.008727    0.024340  
      0.000430  1.900645 11.486028     0.015020   -0.004557    0.000589  
     -1.645793  4.750992 11.474550    -0.018613    0.009976    0.000079  
      3.291154  1.900645 11.486028     0.017787   -0.009773   -0.001121  
      1.645792  4.750496 11.486028     0.011912   -0.009565    0.000566  
      1.645793  2.850595 13.171966    -0.110042    0.058877    0.000012  
 
   7 f  =    7.261378 THz    45.624585 2PiTHz  242.213506 cm-1    30.030634 meV
             X         Y         Z           dx          dy          dz
     -0.000000  1.900397  3.253954            0           0           0  
     -1.645793  4.750992  3.253954            0           0           0  
      3.291584  1.900397  3.253954            0           0           0  
      1.645792  4.750992  3.253954            0           0           0  
      1.645792  0.956365  9.779493     0.007531   -0.006052    0.025889  
      0.005340  3.797710  9.779493     0.008196    0.013723   -0.000948  
      4.937376  0.950198  9.750908     0.000529    0.000976   -0.000006  
      3.286243  3.797710  9.779493    -0.009296    0.004390   -0.024939  
      1.645792  0.950198  1.569568            0           0           0  
     -0.000001  3.800794  1.569568            0           0           0  
      4.937376  0.950198  1.569568            0           0           0  
      3.291584  3.800794  1.569568            0           0           0  
      1.645792  0.950198  4.938340            0           0           0  
     -0.000001  3.800794  4.938340            0           0           0  
      4.937376  0.950198  4.938340            0           0           0  
      3.291584  3.800794  4.938340            0           0           0  
      0.002719  1.901967  8.077687    -0.020275    0.003675   -0.043846  
     -1.645793  4.750992  8.092460    -0.011483   -0.021452   -0.000049  
      3.288864  1.901967  8.077687     0.013146    0.021561   -0.001691  
      1.645792  4.747852  8.077687     0.011926   -0.016306    0.045573  
      0.000430  1.900645 11.486028    -0.011362   -0.014808   -0.000999  
     -1.645793  4.750992 11.474550     0.009971    0.018627    0.000038  
      3.291154  1.900645 11.486028    -0.006179   -0.012047   -0.000031  
      1.645792  4.750496 11.486028    -0.006388   -0.017910    0.001012  
      1.645793  2.850595 13.171966     0.058814    0.110057   -0.000001  
 
   8 f  =    7.131935 THz    44.811270 2PiTHz  237.895748 cm-1    29.495300 meV
             X         Y         Z           dx          dy          dz
     -0.000000  1.900397  3.253954            0           0           0  
     -1.645793  4.750992  3.253954            0           0           0  
      3.291584  1.900397  3.253954            0           0           0  
      1.645792  4.750992  3.253954            0           0           0  
      1.645792  0.956365  9.779493     0.023553    0.000016   -0.005575  
      0.005340  3.797710  9.779493     0.008447    0.014607   -0.016739  
      4.937376  0.950198  9.750908    -0.006228   -0.001535   -0.000003  
      3.286243  3.797710  9.779493     0.003329   -0.005830    0.022301  
      1.645792  0.950198  1.569568            0           0           0  
     -0.000001  3.800794  1.569568            0           0           0  
      4.937376  0.950198  1.569568            0           0           0  
      3.291584  3.800794  1.569568            0           0           0  
      1.645792  0.950198  4.938340            0           0           0  
     -0.000001  3.800794  4.938340            0           0           0  
      4.937376  0.950198  4.938340            0           0           0  
      3.291584  3.800794  4.938340            0           0           0  
      0.002719  1.901967  8.077687    -0.004853    0.008282   -0.039413  
     -1.645793  4.750992  8.092460     0.019739    0.004885   -0.000121  
      3.288864  1.901967  8.077687    -0.012067   -0.020838    0.029448  
      1.645792  4.747852  8.077687    -0.033727   -0.000045    0.009856  
      0.000430  1.900645 11.486028    -0.014289   -0.012432    0.037377  
     -1.645793  4.750992 11.474550    -0.027627   -0.006831    0.000116  
      3.291154  1.900645 11.486028    -0.007571    0.014723   -0.027931  
      1.645792  4.750496 11.486028     0.012539   -0.004672   -0.009303  
      1.645793  2.850595 13.171966     0.001452    0.000409    0.000040  
 
   9 f  =    7.131552 THz    44.808862 2PiTHz  237.882968 cm-1    29.493716 meV
             X         Y         Z           dx          dy          dz
     -0.000000  1.900397  3.253954            0           0           0  
     -1.645793  4.750992  3.253954            0           0           0  
      3.291584  1.900397  3.253954            0           0           0  
      1.645792  4.750992  3.253954            0           0           0  
      1.645792  0.956365  9.779493     0.005858    0.000059    0.022526  
      0.005340  3.797710  9.779493    -0.008758   -0.015103   -0.016109  
      4.937376  0.950198  9.750908    -0.001534    0.006259    0.000020  
      3.286243  3.797710  9.779493     0.011721   -0.020172   -0.006450  
      1.645792  0.950198  1.569568            0           0           0  
     -0.000001  3.800794  1.569568            0           0           0  
      4.937376  0.950198  1.569568            0           0           0  
      3.291584  3.800794  1.569568            0           0           0  
      1.645792  0.950198  4.938340            0           0           0  
     -0.000001  3.800794  4.938340            0           0           0  
      4.937376  0.950198  4.938340            0           0           0  
      3.291584  3.800794  4.938340            0           0           0  
      0.002719  1.901967  8.077687    -0.016662    0.028888    0.011273  
     -1.645793  4.750992  8.092460     0.004848   -0.019829    0.000006  
      3.288864  1.901967  8.077687     0.012436    0.021693    0.028376  
      1.645792  4.747852  8.077687    -0.008362   -0.000009   -0.039868  
      0.000430  1.900645 11.486028     0.010849   -0.008112   -0.010682  
     -1.645793  4.750992 11.474550    -0.006880    0.027543    0.000034  
      3.291154  1.900645 11.486028    -0.016299   -0.001380   -0.026891  
      1.645792  4.750496 11.486028     0.003088    0.018753    0.037776  
      1.645793  2.850595 13.171966     0.000344   -0.001560    0.000034  
 
  10 f  =    7.102184 THz    44.624338 2PiTHz  236.903358 cm-1    29.372260 meV
             X         Y         Z           dx          dy          dz
     -0.000000  1.900397  3.253954            0           0           0  
     -1.645793  4.750992  3.253954            0           0           0  
      3.291584  1.900397  3.253954            0           0           0  
      1.645792  4.750992  3.253954            0           0           0  
      1.645792  0.956365  9.779493     0.000029   -0.002435    0.006368  
      0.005340  3.797710  9.779493    -0.002135    0.001238    0.006253  
      4.937376  0.950198  9.750908    -0.000018    0.000023   -0.013407  
      3.286243  3.797710  9.779493     0.002144    0.001209    0.006362  
      1.645792  0.950198  1.569568            0           0           0  
     -0.000001  3.800794  1.569568            0           0           0  
      4.937376  0.950198  1.569568            0           0           0  
      3.291584  3.800794  1.569568            0           0           0  
      1.645792  0.950198  4.938340            0           0           0  
     -0.000001  3.800794  4.938340            0           0           0  
      4.937376  0.950198  4.938340            0           0           0  
      3.291584  3.800794  4.938340            0           0           0  
      0.002719  1.901967  8.077687    -0.019213   -0.011011    0.036784  
     -1.645793  4.750992  8.092460     0.000059   -0.000059    0.028694  
      3.288864  1.901967  8.077687     0.019207   -0.011091    0.036855  
      1.645792  4.747852  8.077687    -0.000077    0.022121    0.036765  
      0.000430  1.900645 11.486028    -0.000764   -0.000498   -0.033687  
     -1.645793  4.750992 11.474550    -0.000052    0.000015   -0.046165  
      3.291154  1.900645 11.486028     0.000758   -0.000453   -0.033816  
      1.645792  4.750496 11.486028     0.000039    0.000900   -0.033671  
      1.645793  2.850595 13.171966    -0.000078    0.000051   -0.016397  
 
  11 f  =    6.944918 THz    43.636205 2PiTHz  231.657520 cm-1    28.721859 meV
             X         Y         Z           dx          dy          dz
     -0.000000  1.900397  3.253954            0           0           0  
     -1.645793  4.750992  3.253954            0           0           0  
      3.291584  1.900397  3.253954            0           0           0  
      1.645792  4.750992  3.253954            0           0           0  
      1.645792  0.956365  9.779493     0.012045   -0.014914   -0.001996  
      0.005340  3.797710  9.779493     0.029046   -0.015885    0.004426  
      4.937376  0.950198  9.750908     0.016146   -0.008141    0.000015  
      3.286243  3.797710  9.779493     0.021383   -0.000688   -0.002430  
      1.645792  0.950198  1.569568            0           0           0  
     -0.000001  3.800794  1.569568            0           0           0  
      4.937376  0.950198  1.569568            0           0           0  
      3.291584  3.800794  1.569568            0           0           0  
      1.645792  0.950198  4.938340            0           0           0  
     -0.000001  3.800794  4.938340            0           0           0  
      4.937376  0.950198  4.938340            0           0           0  
      3.291584  3.800794  4.938340            0           0           0  
      0.002719  1.901967  8.077687    -0.016966    0.003195    0.008912  
     -1.645793  4.750992  8.092460    -0.047148    0.023754    0.000021  
      3.288864  1.901967  8.077687    -0.021125    0.011321   -0.016138  
      1.645792  4.747852  8.077687    -0.012028    0.010755    0.007318  
      0.000430  1.900645 11.486028    -0.014669    0.017167   -0.000035  
     -1.645793  4.750992 11.474550    -0.036300    0.018289   -0.000022  
      3.291154  1.900645 11.486028    -0.007257    0.002458   -0.000057  
      1.645792  4.750496 11.486028    -0.023716    0.003387   -0.000031  
      1.645793  2.850595 13.171966    -0.051488    0.025948   -0.000039  
 
  12 f  =    6.944890 THz    43.636031 2PiTHz  231.656595 cm-1    28.721744 meV
             X         Y         Z           dx          dy          dz
     -0.000000  1.900397  3.253954            0           0           0  
     -1.645793  4.750992  3.253954            0           0           0  
      3.291584  1.900397  3.253954            0           0           0  
      1.645792  4.750992  3.253954            0           0           0  
      1.645792  0.956365  9.779493    -0.006050   -0.029597   -0.003916  
      0.005340  3.797710  9.779493    -0.005122   -0.012616    0.000221  
      4.937376  0.950198  9.750908    -0.008137   -0.016139    0.000039  
      3.286243  3.797710  9.779493    -0.020286   -0.020313    0.003684  
      1.645792  0.950198  1.569568            0           0           0  
     -0.000001  3.800794  1.569568            0           0           0  
      4.937376  0.950198  1.569568            0           0           0  
      3.291584  3.800794  1.569568            0           0           0  
      1.645792  0.950198  4.938340            0           0           0  
     -0.000001  3.800794  4.938340            0           0           0  
      4.937376  0.950198  4.938340            0           0           0  
      3.291584  3.800794  4.938340            0           0           0  
      0.002719  1.901967  8.077687     0.013689    0.016472   -0.013525  
     -1.645793  4.750992  8.092460     0.023770    0.047110    0.000050  
      3.288864  1.901967  8.077687     0.005485    0.012388   -0.000833  
      1.645792  4.747852  8.077687     0.006044    0.021344    0.014439  
      0.000430  1.900645 11.486028    -0.001820    0.015726   -0.000060  
     -1.645793  4.750992 11.474550     0.018292    0.036350   -0.000048  
      3.291154  1.900645 11.486028     0.012845    0.023166   -0.000119  
      1.645792  4.750496 11.486028     0.011946    0.006742    0.000040  
      1.645793  2.850595 13.171966     0.025932    0.051586   -0.000068  
 
  13 f  =    6.874432 THz    43.193328 2PiTHz  229.306355 cm-1    28.430352 meV
             X         Y         Z           dx          dy          dz
     -0.000000  1.900397  3.253954            0           0           0  
     -1.645793  4.750992  3.253954            0           0           0  
      3.291584  1.900397  3.253954            0           0           0  
      1.645792  4.750992  3.253954            0           0           0  
      1.645792  0.956365  9.779493     0.000014    0.009511   -0.004186  
      0.005340  3.797710  9.779493     0.008172   -0.004704   -0.004197  
      4.937376  0.950198  9.750908    -0.000002    0.000030    0.029264  
      3.286243  3.797710  9.779493    -0.008186   -0.004709   -0.004193  
      1.645792  0.950198  1.569568            0           0           0  
     -0.000001  3.800794  1.569568            0           0           0  
      4.937376  0.950198  1.569568            0           0           0  
      3.291584  3.800794  1.569568            0           0           0  
      1.645792  0.950198  4.938340            0           0           0  
     -0.000001  3.800794  4.938340            0           0           0  
      4.937376  0.950198  4.938340            0           0           0  
      3.291584  3.800794  4.938340            0           0           0  
      0.002719  1.901967  8.077687     0.041203    0.023780    0.016177  
     -1.645793  4.750992  8.092460     0.000008   -0.000084   -0.002925  
      3.288864  1.901967  8.077687    -0.041211    0.023769    0.016222  
      1.645792  4.747852  8.077687     0.000012   -0.047643    0.016129  
      0.000430  1.900645 11.486028    -0.000985   -0.000603   -0.026883  
     -1.645793  4.750992 11.474550     0.000004   -0.000063    0.001284  
      3.291154  1.900645 11.486028     0.000960   -0.000594   -0.026911  
      1.645792  4.750496 11.486028     0.000016    0.001144   -0.026891  
      1.645793  2.850595 13.171966     0.000030   -0.000135   -0.045417  
 
  14 f  =    6.815022 THz    42.820043 2PiTHz  227.324650 cm-1    28.184652 meV
             X         Y         Z           dx          dy          dz
     -0.000000  1.900397  3.253954            0           0           0  
     -1.645793  4.750992  3.253954            0           0           0  
      3.291584  1.900397  3.253954            0           0           0  
      1.645792  4.750992  3.253954            0           0           0  
      1.645792  0.956365  9.779493     0.028386   -0.000000   -0.000001  
      0.005340  3.797710  9.779493    -0.014181   -0.024592    0.000002  
      4.937376  0.950198  9.750908    -0.000034   -0.000013   -0.000008  
      3.286243  3.797710  9.779493    -0.014172    0.024581    0.000002  
      1.645792  0.950198  1.569568            0           0           0  
     -0.000001  3.800794  1.569568            0           0           0  
      4.937376  0.950198  1.569568            0           0           0  
      3.291584  3.800794  1.569568            0           0           0  
      1.645792  0.950198  4.938340            0           0           0  
     -0.000001  3.800794  4.938340            0           0           0  
      4.937376  0.950198  4.938340            0           0           0  
      3.291584  3.800794  4.938340            0           0           0  
      0.002719  1.901967  8.077687    -0.017499    0.030367   -0.000045  
     -1.645793  4.750992  8.092460    -0.000025   -0.000005   -0.000005  
      3.288864  1.901967  8.077687    -0.017489   -0.030357    0.000041  
      1.645792  4.747852  8.077687     0.035024    0.000028   -0.000000  
      0.000430  1.900645 11.486028    -0.016717    0.028974    0.000018  
     -1.645793  4.750992 11.474550    -0.000040   -0.000007    0.000001  
      3.291154  1.900645 11.486028    -0.016712   -0.028952   -0.000008  
      1.645792  4.750496 11.486028     0.033448    0.000005    0.000007  
      1.645793  2.850595 13.171966     0.000082    0.000043    0.000016  
 
  15 f  =    6.636577 THz    41.698844 2PiTHz  221.372382 cm-1    27.446665 meV
             X         Y         Z           dx          dy          dz
     -0.000000  1.900397  3.253954            0           0           0  
     -1.645793  4.750992  3.253954            0           0           0  
      3.291584  1.900397  3.253954            0           0           0  
      1.645792  4.750992  3.253954            0           0           0  
      1.645792  0.956365  9.779493     0.000104   -0.020646   -0.004523  
      0.005340  3.797710  9.779493     0.013884    0.003712    0.002227  
      4.937376  0.950198  9.750908     0.000274    0.031163   -0.000006  
      3.286243  3.797710  9.779493    -0.014114    0.003486    0.002297  
      1.645792  0.950198  1.569568            0           0           0  
     -0.000001  3.800794  1.569568            0           0           0  
      4.937376  0.950198  1.569568            0           0           0  
      3.291584  3.800794  1.569568            0           0           0  
      1.645792  0.950198  4.938340            0           0           0  
     -0.000001  3.800794  4.938340            0           0           0  
      4.937376  0.950198  4.938340            0           0           0  
      3.291584  3.800794  4.938340            0           0           0  
      0.002719  1.901967  8.077687    -0.027179   -0.002743    0.013645  
     -1.645793  4.750992  8.092460     0.000200    0.022941   -0.000011  
      3.288864  1.901967  8.077687     0.026590   -0.002281    0.013215  
      1.645792  4.747852  8.077687     0.000134   -0.049061   -0.026855  
      0.000430  1.900645 11.486028    -0.007205   -0.005494    0.010969  
     -1.645793  4.750992 11.474550     0.000234    0.027088    0.000002  
      3.291154  1.900645 11.486028     0.006964   -0.005383    0.010655  
      1.645792  4.750496 11.486028     0.000003   -0.017704   -0.021608  
      1.645793  2.850595 13.171966    -0.000997   -0.113696    0.000017  
 
  16 f  =    6.636237 THz    41.696709 2PiTHz  221.361051 cm-1    27.445260 meV
             X         Y         Z           dx          dy          dz
     -0.000000  1.900397  3.253954            0           0           0  
     -1.645793  4.750992  3.253954            0           0           0  
      3.291584  1.900397  3.253954            0           0           0  
      1.645792  4.750992  3.253954            0           0           0  
      1.645792  0.956365  9.779493     0.011708    0.000190    0.000038  
      0.005340  3.797710  9.779493    -0.012694    0.013946   -0.003940  
      4.937376  0.950198  9.750908     0.031158   -0.000268   -0.000006  
      3.286243  3.797710  9.779493    -0.012445   -0.014003    0.003904  
      1.645792  0.950198  1.569568            0           0           0  
     -0.000001  3.800794  1.569568            0           0           0  
      4.937376  0.950198  1.569568            0           0           0  
      3.291584  3.800794  1.569568            0           0           0  
      1.645792  0.950198  4.938340            0           0           0  
     -0.000001  3.800794  4.938340            0           0           0  
      4.937376  0.950198  4.938340            0           0           0  
      3.291584  3.800794  4.938340            0           0           0  
      0.002719  1.901967  8.077687    -0.033331   -0.026862    0.023157  
     -1.645793  4.750992  8.092460     0.022886   -0.000208   -0.000011  
      3.288864  1.901967  8.077687    -0.033799    0.026889   -0.023378  
      1.645792  4.747852  8.077687     0.013073    0.000431    0.000228  
      0.000430  1.900645 11.486028    -0.013555   -0.007028    0.018657  
     -1.645793  4.750992 11.474550     0.027026   -0.000246    0.000007  
      3.291154  1.900645 11.486028    -0.013691    0.007115   -0.018847  
      1.645792  4.750496 11.486028    -0.001295    0.000153    0.000192  
      1.645793  2.850595 13.171966    -0.113745    0.000981    0.000013  
 
  17 f  =    6.313084 THz    39.666276 2PiTHz  210.581812 cm-1    26.108805 meV
             X         Y         Z           dx          dy          dz
     -0.000000  1.900397  3.253954            0           0           0  
     -1.645793  4.750992  3.253954            0           0           0  
      3.291584  1.900397  3.253954            0           0           0  
      1.645792  4.750992  3.253954            0           0           0  
      1.645792  0.956365  9.779493     0.001923    0.004095    0.006477  
      0.005340  3.797710  9.779493     0.002521    0.006449   -0.001658  
      4.937376  0.950198  9.750908     0.001458    0.005146    0.000003  
      3.286243  3.797710  9.779493     0.000165    0.005795   -0.004821  
      1.645792  0.950198  1.569568            0           0           0  
     -0.000001  3.800794  1.569568            0           0           0  
      4.937376  0.950198  1.569568            0           0           0  
      3.291584  3.800794  1.569568            0           0           0  
      1.645792  0.950198  4.938340            0           0           0  
     -0.000001  3.800794  4.938340            0           0           0  
      4.937376  0.950198  4.938340            0           0           0  
      3.291584  3.800794  4.938340            0           0           0  
      0.002719  1.901967  8.077687     0.021557   -0.029629   -0.003031  
     -1.645793  4.750992  8.092460     0.010434    0.036990   -0.000007  
      3.288864  1.901967  8.077687    -0.026478   -0.043188   -0.001062  
      1.645792  4.747852  8.077687    -0.014176    0.005189    0.004098  
      0.000430  1.900645 11.486028     0.021794   -0.027699   -0.015944  
     -1.645793  4.750992 11.474550     0.012125    0.042940    0.000010  
      3.291154  1.900645 11.486028    -0.025733   -0.041130   -0.005477  
      1.645792  4.750496 11.486028    -0.013577    0.006755    0.021413  
      1.645793  2.850595 13.171966    -0.001293   -0.004546   -0.000012  
 
  18 f  =    6.312865 THz    39.664901 2PiTHz  210.574513 cm-1    26.107900 meV
             X         Y         Z           dx          dy          dz
     -0.000000  1.900397  3.253954            0           0           0  
     -1.645793  4.750992  3.253954            0           0           0  
      3.291584  1.900397  3.253954            0           0           0  
      1.645792  4.750992  3.253954            0           0           0  
      1.645792  0.956365  9.779493    -0.006822    0.001157    0.001830  
      0.005340  3.797710  9.779493    -0.004422    0.000541   -0.006526  
      4.937376  0.950198  9.750908    -0.005168    0.001453   -0.000001  
      3.286243  3.797710  9.779493    -0.005088    0.002917    0.004694  
      1.645792  0.950198  1.569568            0           0           0  
     -0.000001  3.800794  1.569568            0           0           0  
      4.937376  0.950198  1.569568            0           0           0  
      3.291584  3.800794  1.569568            0           0           0  
      1.645792  0.950198  4.938340            0           0           0  
     -0.000001  3.800794  4.938340            0           0           0  
      4.937376  0.950198  4.938340            0           0           0  
      3.291584  3.800794  4.938340            0           0           0  
      0.002719  1.901967  8.077687     0.015477   -0.034276    0.002973  
     -1.645793  4.750992  8.092460    -0.037029    0.010439   -0.000003  
      3.288864  1.901967  8.077687     0.001929    0.013720   -0.004152  
      1.645792  4.747852  8.077687     0.050256    0.001469    0.001177  
      0.000430  1.900645 11.486028     0.013700   -0.033461    0.015495  
     -1.645793  4.750992 11.474550    -0.042965    0.012112    0.000005  
      3.291154  1.900645 11.486028     0.000298    0.014045   -0.021542  
      1.645792  4.750496 11.486028     0.048127    0.001904    0.006054  
      1.645793  2.850595 13.171966     0.004612   -0.001276    0.000001  
 
  19 f  =    6.051997 THz    38.025818 2PiTHz  201.872885 cm-1    25.029037 meV
             X         Y         Z           dx          dy          dz
     -0.000000  1.900397  3.253954            0           0           0  
     -1.645793  4.750992  3.253954            0           0           0  
      3.291584  1.900397  3.253954            0           0           0  
      1.645792  4.750992  3.253954            0           0           0  
      1.645792  0.956365  9.779493    -0.000001   -0.004281    0.002703  
      0.005340  3.797710  9.779493    -0.003707    0.002143    0.002710  
      4.937376  0.950198  9.750908     0.000002   -0.000006   -0.015607  
      3.286243  3.797710  9.779493     0.003710    0.002143    0.002707  
      1.645792  0.950198  1.569568            0           0           0  
     -0.000001  3.800794  1.569568            0           0           0  
      4.937376  0.950198  1.569568            0           0           0  
      3.291584  3.800794  1.569568            0           0           0  
      1.645792  0.950198  4.938340            0           0           0  
     -0.000001  3.800794  4.938340            0           0           0  
      4.937376  0.950198  4.938340            0           0           0  
      3.291584  3.800794  4.938340            0           0           0  
      0.002719  1.901967  8.077687     0.016877    0.009741    0.017607  
     -1.645793  4.750992  8.092460    -0.000004   -0.000010   -0.054751  
      3.288864  1.901967  8.077687    -0.016868    0.009732    0.017603  
      1.645792  4.747852  8.077687     0.000011   -0.019471    0.017604  
      0.000430  1.900645 11.486028    -0.006567   -0.003801    0.027609  
     -1.645793  4.750992 11.474550     0.000004    0.000011   -0.065946  
      3.291154  1.900645 11.486028     0.006563   -0.003788    0.027613  
      1.645792  4.750496 11.486028    -0.000010    0.007585    0.027605  
      1.645793  2.850595 13.171966     0.000005    0.000017    0.024176  
 
  20 f  =    5.704046 THz    35.839581 2PiTHz  190.266511 cm-1    23.590030 meV
             X         Y         Z           dx          dy          dz
     -0.000000  1.900397  3.253954            0           0           0  
     -1.645793  4.750992  3.253954            0           0           0  
      3.291584  1.900397  3.253954            0           0           0  
      1.645792  4.750992  3.253954            0           0           0  
      1.645792  0.956365  9.779493    -0.001240    0.000775   -0.006023  
      0.005340  3.797710  9.779493     0.000897    0.002739    0.004640  
      4.937376  0.950198  9.750908     0.002696   -0.008646   -0.000007  
      3.286243  3.797710  9.779493    -0.001878    0.003603    0.001386  
      1.645792  0.950198  1.569568            0           0           0  
     -0.000001  3.800794  1.569568            0           0           0  
      4.937376  0.950198  1.569568            0           0           0  
      3.291584  3.800794  1.569568            0           0           0  
      1.645792  0.950198  4.938340            0           0           0  
     -0.000001  3.800794  4.938340            0           0           0  
      4.937376  0.950198  4.938340            0           0           0  
      3.291584  3.800794  4.938340            0           0           0  
      0.002719  1.901967  8.077687     0.006669    0.005653    0.006201  
     -1.645793  4.750992  8.092460     0.012088   -0.038776    0.000012  
      3.288864  1.901967  8.077687    -0.024401    0.015362    0.020771  
      1.645792  4.747852  8.077687    -0.000482    0.037398   -0.026965  
      0.000430  1.900645 11.486028     0.002827   -0.017669    0.009489  
     -1.645793  4.750992 11.474550    -0.014565    0.046685    0.000005  
      3.291154  1.900645 11.486028     0.012759   -0.020782    0.031788  
      1.645792  4.750496 11.486028     0.005113   -0.027899   -0.041302  
      1.645793  2.850595 13.171966    -0.015294    0.049060    0.000060  
 
  21 f  =    5.704016 THz    35.839387 2PiTHz  190.265483 cm-1    23.589903 meV
             X         Y         Z           dx          dy          dz
     -0.000000  1.900397  3.253954            0           0           0  
     -1.645793  4.750992  3.253954            0           0           0  
      3.291584  1.900397  3.253954            0           0           0  
      1.645792  4.750992  3.253954            0           0           0  
      1.645792  0.956365  9.779493     0.003971    0.000241   -0.001879  
      0.005340  3.797710  9.779493     0.002006    0.002378   -0.004277  
      4.937376  0.950198  9.750908    -0.008649   -0.002693    0.000007  
      3.286243  3.797710  9.779493     0.001143   -0.000396    0.006154  
      1.645792  0.950198  1.569568            0           0           0  
     -0.000001  3.800794  1.569568            0           0           0  
      4.937376  0.950198  1.569568            0           0           0  
      3.291584  3.800794  1.569568            0           0           0  
      1.645792  0.950198  4.938340            0           0           0  
     -0.000001  3.800794  4.938340            0           0           0  
      4.937376  0.950198  4.938340            0           0           0  
      3.291584  3.800794  4.938340            0           0           0  
      0.002719  1.901967  8.077687     0.033277    0.018807    0.027553  
     -1.645793  4.750992  8.092460    -0.038778   -0.012099    0.000005  
      3.288864  1.901967  8.077687     0.023604   -0.012255   -0.019153  
      1.645792  4.747852  8.077687     0.001547    0.011670   -0.008416  
      0.000430  1.900645 11.486028    -0.026565   -0.011006    0.042200  
     -1.645793  4.750992 11.474550     0.046678    0.014556    0.000009  
      3.291154  1.900645 11.486028    -0.023421   -0.001014   -0.029324  
      1.645792  4.750496 11.486028    -0.016362   -0.008681   -0.012879  
      1.645793  2.850595 13.171966     0.049060    0.015286   -0.000057  
 
  22 f  =    5.607955 THz    35.235819 2PiTHz  187.061234 cm-1    23.192627 meV
             X         Y         Z           dx          dy          dz
     -0.000000  1.900397  3.253954            0           0           0  
     -1.645793  4.750992  3.253954            0           0           0  
      3.291584  1.900397  3.253954            0           0           0  
      1.645792  4.750992  3.253954            0           0           0  
      1.645792  0.956365  9.779493    -0.000001    0.001401    0.001206  
      0.005340  3.797710  9.779493     0.001211   -0.000699    0.001204  
      4.937376  0.950198  9.750908    -0.000002    0.000004   -0.018797  
      3.286243  3.797710  9.779493    -0.001211   -0.000700    0.001201  
      1.645792  0.950198  1.569568            0           0           0  
     -0.000001  3.800794  1.569568            0           0           0  
      4.937376  0.950198  1.569568            0           0           0  
      3.291584  3.800794  1.569568            0           0           0  
      1.645792  0.950198  4.938340            0           0           0  
     -0.000001  3.800794  4.938340            0           0           0  
      4.937376  0.950198  4.938340            0           0           0  
      3.291584  3.800794  4.938340            0           0           0  
      0.002719  1.901967  8.077687     0.010253    0.005924    0.004850  
     -1.645793  4.750992  8.092460    -0.000021    0.000019    0.004532  
      3.288864  1.901967  8.077687    -0.010218    0.005893    0.004841  
      1.645792  4.747852  8.077687     0.000004   -0.011832    0.004856  
      0.000430  1.900645 11.486028     0.047695    0.027523   -0.000992  
     -1.645793  4.750992 11.474550     0.000027   -0.000022    0.005134  
      3.291154  1.900645 11.486028    -0.047717    0.027553   -0.001012  
      1.645792  4.750496 11.486028    -0.000004   -0.055075   -0.000980  
      1.645793  2.850595 13.171966     0.000004   -0.000037    0.169040  
 
  23 f  =    5.447079 THz    34.225007 2PiTHz  181.695001 cm-1    22.527299 meV
             X         Y         Z           dx          dy          dz
     -0.000000  1.900397  3.253954            0           0           0  
     -1.645793  4.750992  3.253954            0           0           0  
      3.291584  1.900397  3.253954            0           0           0  
      1.645792  4.750992  3.253954            0           0           0  
      1.645792  0.956365  9.779493     0.001116    0.000001    0.000001  
      0.005340  3.797710  9.779493    -0.000559   -0.000969    0.000002  
      4.937376  0.950198  9.750908     0.000003    0.000003   -0.000002  
      3.286243  3.797710  9.779493    -0.000558    0.000966   -0.000004  
      1.645792  0.950198  1.569568            0           0           0  
     -0.000001  3.800794  1.569568            0           0           0  
      4.937376  0.950198  1.569568            0           0           0  
      3.291584  3.800794  1.569568            0           0           0  
      1.645792  0.950198  4.938340            0           0           0  
     -0.000001  3.800794  4.938340            0           0           0  
      4.937376  0.950198  4.938340            0           0           0  
      3.291584  3.800794  4.938340            0           0           0  
      0.002719  1.901967  8.077687     0.022974   -0.039776   -0.000003  
     -1.645793  4.750992  8.092460    -0.000011    0.000006   -0.000006  
      3.288864  1.901967  8.077687     0.022968    0.039779    0.000002  
      1.645792  4.747852  8.077687    -0.045941   -0.000007    0.000006  
      0.000430  1.900645 11.486028    -0.022962    0.039762    0.000006  
     -1.645793  4.750992 11.474550     0.000017   -0.000005   -0.000008  
      3.291154  1.900645 11.486028    -0.022970   -0.039754   -0.000002  
      1.645792  4.750496 11.486028     0.045927   -0.000006    0.000008  
      1.645793  2.850595 13.171966    -0.000014   -0.000005    0.000023  
 
  24 f  =    5.125195 THz    32.202551 2PiTHz  170.958110 cm-1    21.196095 meV
             X         Y         Z           dx          dy          dz
     -0.000000  1.900397  3.253954            0           0           0  
     -1.645793  4.750992  3.253954            0           0           0  
      3.291584  1.900397  3.253954            0           0           0  
      1.645792  4.750992  3.253954            0           0           0  
      1.645792  0.956365  9.779493    -0.002175   -0.000248    0.000216  
      0.005340  3.797710  9.779493    -0.002675    0.000097    0.002046  
      4.937376  0.950198  9.750908     0.010402    0.000892    0.000002  
      3.286243  3.797710  9.779493    -0.002731   -0.000500   -0.002261  
      1.645792  0.950198  1.569568            0           0           0  
     -0.000001  3.800794  1.569568            0           0           0  
      4.937376  0.950198  1.569568            0           0           0  
      3.291584  3.800794  1.569568            0           0           0  
      1.645792  0.950198  4.938340            0           0           0  
     -0.000001  3.800794  4.938340            0           0           0  
      4.937376  0.950198  4.938340            0           0           0  
      3.291584  3.800794  4.938340            0           0           0  
      0.002719  1.901967  8.077687    -0.010177    0.013257   -0.011941  
     -1.645793  4.750992  8.092460    -0.049251   -0.004229   -0.000004  
      3.288864  1.901967  8.077687    -0.012884   -0.018367    0.010812  
      1.645792  4.747852  8.077687    -0.038892   -0.000204    0.001125  
      0.000430  1.900645 11.486028     0.007347   -0.021008   -0.019153  
     -1.645793  4.750992 11.474550     0.041400    0.003553   -0.000000  
      3.291154  1.900645 11.486028     0.011519    0.027419    0.017346  
      1.645792  4.750496 11.486028     0.051347   -0.000384    0.001811  
      1.645793  2.850595 13.171966    -0.110068   -0.009452   -0.000020  
 
  25 f  =    5.125145 THz    32.202234 2PiTHz  170.956427 cm-1    21.195886 meV
             X         Y         Z           dx          dy          dz
     -0.000000  1.900397  3.253954            0           0           0  
     -1.645793  4.750992  3.253954            0           0           0  
      3.291584  1.900397  3.253954            0           0           0  
      1.645792  4.750992  3.253954            0           0           0  
      1.645792  0.956365  9.779493     0.000188   -0.002873    0.002494  
      0.005340  3.797710  9.779493     0.000534   -0.002376   -0.001432  
      4.937376  0.950198  9.750908    -0.000893    0.010400   -0.000003  
      3.286243  3.797710  9.779493    -0.000070   -0.002324   -0.001062  
      1.645792  0.950198  1.569568            0           0           0  
     -0.000001  3.800794  1.569568            0           0           0  
      4.937376  0.950198  1.569568            0           0           0  
      3.291584  3.800794  1.569568            0           0           0  
      1.645792  0.950198  4.938340            0           0           0  
     -0.000001  3.800794  4.938340            0           0           0  
      4.937376  0.950198  4.938340            0           0           0  
      3.291584  3.800794  4.938340            0           0           0  
      0.002719  1.901967  8.077687     0.016795   -0.031126   -0.005593  
     -1.645793  4.750992  8.092460     0.004232   -0.049250    0.000003  
      3.288864  1.901967  8.077687    -0.014819   -0.028415   -0.007545  
      1.645792  4.747852  8.077687     0.003335   -0.002390    0.013142  
      0.000430  1.900645 11.486028    -0.025019    0.039463   -0.008973  
     -1.645793  4.750992 11.474550    -0.003550    0.041385    0.000005  
      3.291154  1.900645 11.486028     0.023397    0.035303   -0.012103  
      1.645792  4.750496 11.486028    -0.004411   -0.004563    0.021075  
      1.645793  2.850595 13.171966     0.009447   -0.110107    0.000022  
 
  26 f  =    4.662827 THz    29.297406 2PiTHz  155.535164 cm-1    19.283894 meV
             X         Y         Z           dx          dy          dz
     -0.000000  1.900397  3.253954            0           0           0  
     -1.645793  4.750992  3.253954            0           0           0  
      3.291584  1.900397  3.253954            0           0           0  
      1.645792  4.750992  3.253954            0           0           0  
      1.645792  0.956365  9.779493     0.001748   -0.001819    0.006448  
      0.005340  3.797710  9.779493     0.001175   -0.002077   -0.007286  
      4.937376  0.950198  9.750908    -0.010682    0.014712    0.000015  
      3.286243  3.797710  9.779493     0.001685   -0.002446    0.000824  
      1.645792  0.950198  1.569568            0           0           0  
     -0.000001  3.800794  1.569568            0           0           0  
      4.937376  0.950198  1.569568            0           0           0  
      3.291584  3.800794  1.569568            0           0           0  
      1.645792  0.950198  4.938340            0           0           0  
     -0.000001  3.800794  4.938340            0           0           0  
      4.937376  0.950198  4.938340            0           0           0  
      3.291584  3.800794  4.938340            0           0           0  
      0.002719  1.901967  8.077687    -0.010648    0.009469    0.001114  
     -1.645793  4.750992  8.092460    -0.011071    0.015270   -0.000011  
      3.288864  1.901967  8.077687    -0.031358    0.024496   -0.009737  
      1.645792  4.747852  8.077687    -0.007990    0.034914    0.008630  
      0.000430  1.900645 11.486028     0.007809   -0.002431    0.002203  
     -1.645793  4.750992 11.474550     0.013800   -0.019024   -0.000015  
      3.291154  1.900645 11.486028     0.040885   -0.026452   -0.019299  
      1.645792  4.750496 11.486028     0.003545   -0.043100    0.017106  
      1.645793  2.850595 13.171966     0.106382   -0.146553   -0.000001  
 
  27 f  =    4.662629 THz    29.296163 2PiTHz  155.528565 cm-1    19.283076 meV
             X         Y         Z           dx          dy          dz
     -0.000000  1.900397  3.253954            0           0           0  
     -1.645793  4.750992  3.253954            0           0           0  
      3.291584  1.900397  3.253954            0           0           0  
      1.645792  4.750992  3.253954            0           0           0  
      1.645792  0.956365  9.779493    -0.002406   -0.001317    0.004678  
      0.005340  3.797710  9.779493    -0.002159   -0.001898    0.003251  
      4.937376  0.950198  9.750908     0.014717    0.010679    0.000008  
      3.286243  3.797710  9.779493    -0.001784   -0.001388   -0.007933  
      1.645792  0.950198  1.569568            0           0           0  
     -0.000001  3.800794  1.569568            0           0           0  
      4.937376  0.950198  1.569568            0           0           0  
      3.291584  3.800794  1.569568            0           0           0  
      1.645792  0.950198  4.938340            0           0           0  
     -0.000001  3.800794  4.938340            0           0           0  
      4.937376  0.950198  4.938340            0           0           0  
      3.291584  3.800794  4.938340            0           0           0  
      0.002719  1.901967  8.077687     0.036446    0.022675   -0.010603  
     -1.645793  4.750992  8.092460     0.015266    0.011090   -0.000004  
      3.288864  1.901967  8.077687     0.021414    0.001958    0.004338  
      1.645792  4.747852  8.077687     0.011001    0.025349    0.006265  
      0.000430  1.900645 11.486028    -0.045550   -0.027042   -0.021025  
     -1.645793  4.750992 11.474550    -0.019017   -0.013801   -0.000002  
      3.291154  1.900645 11.486028    -0.021533    0.006056    0.008608  
      1.645792  4.750496 11.486028    -0.004887   -0.031271    0.012414  
      1.645793  2.850595 13.171966    -0.146571   -0.106377   -0.000030  
 
  28 f  =    3.590945 THz    22.562572 2PiTHz  119.781026 cm-1    14.850948 meV
             X         Y         Z           dx          dy          dz
     -0.000000  1.900397  3.253954            0           0           0  
     -1.645793  4.750992  3.253954            0           0           0  
      3.291584  1.900397  3.253954            0           0           0  
      1.645792  4.750992  3.253954            0           0           0  
      1.645792  0.956365  9.779493    -0.000001    0.001403   -0.015823  
      0.005340  3.797710  9.779493     0.001209   -0.000707   -0.015743  
      4.937376  0.950198  9.750908     0.000007    0.000006    0.051188  
      3.286243  3.797710  9.779493    -0.001212   -0.000703   -0.015669  
      1.645792  0.950198  1.569568            0           0           0  
     -0.000001  3.800794  1.569568            0           0           0  
      4.937376  0.950198  1.569568            0           0           0  
      3.291584  3.800794  1.569568            0           0           0  
      1.645792  0.950198  4.938340            0           0           0  
     -0.000001  3.800794  4.938340            0           0           0  
      4.937376  0.950198  4.938340            0           0           0  
      3.291584  3.800794  4.938340            0           0           0  
      0.002719  1.901967  8.077687    -0.022434   -0.012921    0.006862  
     -1.645793  4.750992  8.092460    -0.000027   -0.000048   -0.023413  
      3.288864  1.901967  8.077687     0.022441   -0.012896    0.006909  
      1.645792  4.747852  8.077687     0.000024    0.025860    0.006956  
      0.000430  1.900645 11.486028     0.016802    0.009673    0.007152  
     -1.645793  4.750992 11.474550     0.000016    0.000050   -0.028421  
      3.291154  1.900645 11.486028    -0.016819    0.009653    0.007204  
      1.645792  4.750496 11.486028    -0.000033   -0.019360    0.007241  
      1.645793  2.850595 13.171966    -0.000044    0.000003    0.019216  
 
  29 f  =    3.573139 THz    22.450692 2PiTHz  119.187076 cm-1    14.777307 meV
             X         Y         Z           dx          dy          dz
     -0.000000  1.900397  3.253954            0           0           0  
     -1.645793  4.750992  3.253954            0           0           0  
      3.291584  1.900397  3.253954            0           0           0  
      1.645792  4.750992  3.253954            0           0           0  
      1.645792  0.956365  9.779493     0.001562   -0.000233    0.037944  
      0.005340  3.797710  9.779493     0.001594    0.002746   -0.000414  
      4.937376  0.950198  9.750908    -0.003335   -0.005897    0.000101  
      3.286243  3.797710  9.779493    -0.001010    0.001279   -0.037624  
      1.645792  0.950198  1.569568            0           0           0  
     -0.000001  3.800794  1.569568            0           0           0  
      4.937376  0.950198  1.569568            0           0           0  
      3.291584  3.800794  1.569568            0           0           0  
      1.645792  0.950198  4.938340            0           0           0  
     -0.000001  3.800794  4.938340            0           0           0  
      4.937376  0.950198  4.938340            0           0           0  
      3.291584  3.800794  4.938340            0           0           0  
      0.002719  1.901967  8.077687     0.010287   -0.010089    0.024275  
     -1.645793  4.750992  8.092460     0.012551    0.022192   -0.000047  
      3.288864  1.901967  8.077687    -0.013661   -0.023686    0.000266  
      1.645792  4.747852  8.077687    -0.013462    0.004005   -0.024500  
      0.000430  1.900645 11.486028    -0.009898    0.009873    0.024997  
     -1.645793  4.750992 11.474550    -0.010786   -0.019066   -0.000064  
      3.291154  1.900645 11.486028     0.013301    0.023044    0.000269  
      1.645792  4.750496 11.486028     0.013101   -0.003745   -0.025219  
      1.645793  2.850595 13.171966     0.012818    0.022670    0.000037  
 
  30 f  =    3.572976 THz    22.449668 2PiTHz  119.181637 cm-1    14.776633 meV
             X         Y         Z           dx          dy          dz
     -0.000000  1.900397  3.253954            0           0           0  
     -1.645793  4.750992  3.253954            0           0           0  
      3.291584  1.900397  3.253954            0           0           0  
      1.645792  4.750992  3.253954            0           0           0  
      1.645792  0.956365  9.779493    -0.002763   -0.000136    0.021483  
      0.005340  3.797710  9.779493     0.000218   -0.000159   -0.043630  
      4.937376  0.950198  9.750908     0.005895   -0.003335   -0.000001  
      3.286243  3.797710  9.779493    -0.001249    0.002437    0.022147  
      1.645792  0.950198  1.569568            0           0           0  
     -0.000001  3.800794  1.569568            0           0           0  
      4.937376  0.950198  1.569568            0           0           0  
      3.291584  3.800794  1.569568            0           0           0  
      1.645792  0.950198  4.938340            0           0           0  
     -0.000001  3.800794  4.938340            0           0           0  
      4.937376  0.950198  4.938340            0           0           0  
      3.291584  3.800794  4.938340            0           0           0  
      0.002719  1.901967  8.077687     0.009783   -0.021555   -0.014289  
     -1.645793  4.750992  8.092460    -0.022188    0.012556   -0.000003  
      3.288864  1.901967  8.077687    -0.003817    0.002485    0.028156  
      1.645792  4.747852  8.077687     0.023802    0.002243   -0.013865  
      0.000430  1.900645 11.486028    -0.009596    0.020936   -0.014716  
     -1.645793  4.750992 11.474550     0.019061   -0.010786    0.000003  
      3.291154  1.900645 11.486028     0.003567   -0.002337    0.028989  
      1.645792  4.750496 11.486028    -0.023163   -0.002103   -0.014273  
      1.645793  2.850595 13.171966    -0.022686    0.012810    0.000003  
 
  31 f  =    2.557773 THz    16.070961 2PiTHz   85.318118 cm-1    10.578094 meV
             X         Y         Z           dx          dy          dz
     -0.000000  1.900397  3.253954            0           0           0  
     -1.645793  4.750992  3.253954            0           0           0  
      3.291584  1.900397  3.253954            0           0           0  
      1.645792  4.750992  3.253954            0           0           0  
      1.645792  0.956365  9.779493    -0.018014   -0.004413    0.000108  
      0.005340  3.797710  9.779493     0.024697   -0.022525   -0.000800  
      4.937376  0.950198  9.750908    -0.025131    0.003158   -0.000000  
      3.286243  3.797710  9.779493     0.018895    0.023721    0.000693  
      1.645792  0.950198  1.569568            0           0           0  
     -0.000001  3.800794  1.569568            0           0           0  
      4.937376  0.950198  1.569568            0           0           0  
      3.291584  3.800794  1.569568            0           0           0  
      1.645792  0.950198  4.938340            0           0           0  
     -0.000001  3.800794  4.938340            0           0           0  
      4.937376  0.950198  4.938340            0           0           0  
      3.291584  3.800794  4.938340            0           0           0  
      0.002719  1.901967  8.077687    -0.017507   -0.017295   -0.005726  
     -1.645793  4.750992  8.092460     0.030627   -0.003848    0.000006  
      3.288864  1.901967  8.077687    -0.021828    0.017252    0.006618  
      1.645792  4.747852  8.077687     0.010028    0.003726   -0.000895  
      0.000430  1.900645 11.486028    -0.019059   -0.019330    0.004269  
     -1.645793  4.750992 11.474550     0.032435   -0.004077   -0.000007  
      3.291154  1.900645 11.486028    -0.023880    0.019167   -0.004935  
      1.645792  4.750496 11.486028     0.011619    0.004095    0.000671  
      1.645793  2.850595 13.171966    -0.045739    0.005745    0.000003  
 
  32 f  =    2.557478 THz    16.069111 2PiTHz   85.308298 cm-1    10.576876 meV
             X         Y         Z           dx          dy          dz
     -0.000000  1.900397  3.253954            0           0           0  
     -1.645793  4.750992  3.253954            0           0           0  
      3.291584  1.900397  3.253954            0           0           0  
      1.645792  4.750992  3.253954            0           0           0  
      1.645792  0.956365  9.779493     0.002254   -0.035150    0.000862  
      0.005340  3.797710  9.779493     0.020305    0.007690   -0.000337  
      4.937376  0.950198  9.750908     0.003159    0.025149    0.000003  
      3.286243  3.797710  9.779493    -0.025780    0.001869   -0.000524  
      1.645792  0.950198  1.569568            0           0           0  
     -0.000001  3.800794  1.569568            0           0           0  
      4.937376  0.950198  1.569568            0           0           0  
      3.291584  3.800794  1.569568            0           0           0  
      1.645792  0.950198  4.938340            0           0           0  
     -0.000001  3.800794  4.938340            0           0           0  
      4.937376  0.950198  4.938340            0           0           0  
      3.291584  3.800794  4.938340            0           0           0  
      0.002719  1.901967  8.077687     0.019675    0.002013    0.004338  
     -1.645793  4.750992  8.092460    -0.003848   -0.030632   -0.000002  
      3.288864  1.901967  8.077687    -0.014736   -0.002339    0.002789  
      1.645792  4.747852  8.077687    -0.001253    0.029643   -0.007117  
      0.000430  1.900645 11.486028     0.021867    0.001795   -0.003231  
     -1.645793  4.750992 11.474550    -0.004079   -0.032441    0.000004  
      3.291154  1.900645 11.486028    -0.016482   -0.003056   -0.002077  
      1.645792  4.750496 11.486028    -0.001453    0.032577    0.005304  
      1.645793  2.850595 13.171966     0.005745    0.045758    0.000000  
 
  33 f  =    2.485669 THz    15.617917 2PiTHz   82.912982 cm-1    10.279895 meV
             X         Y         Z           dx          dy          dz
     -0.000000  1.900397  3.253954            0           0           0  
     -1.645793  4.750992  3.253954            0           0           0  
      3.291584  1.900397  3.253954            0           0           0  
      1.645792  4.750992  3.253954            0           0           0  
      1.645792  0.956365  9.779493    -0.031761    0.000020   -0.000000  
      0.005340  3.797710  9.779493     0.015928    0.027405   -0.000002  
      4.937376  0.950198  9.750908    -0.000059   -0.000003    0.000001  
      3.286243  3.797710  9.779493     0.015920   -0.027419    0.000001  
      1.645792  0.950198  1.569568            0           0           0  
     -0.000001  3.800794  1.569568            0           0           0  
      4.937376  0.950198  1.569568            0           0           0  
      3.291584  3.800794  1.569568            0           0           0  
      1.645792  0.950198  4.938340            0           0           0  
     -0.000001  3.800794  4.938340            0           0           0  
      4.937376  0.950198  4.938340            0           0           0  
      3.291584  3.800794  4.938340            0           0           0  
      0.002719  1.901967  8.077687    -0.014919    0.025704   -0.000020  
     -1.645793  4.750992  8.092460     0.000081    0.000005    0.000010  
      3.288864  1.901967  8.077687    -0.014906   -0.025702    0.000012  
      1.645792  4.747852  8.077687     0.029759   -0.000003   -0.000001  
      0.000430  1.900645 11.486028    -0.015828    0.027261    0.000018  
     -1.645793  4.750992 11.474550     0.000088    0.000006   -0.000012  
      3.291154  1.900645 11.486028    -0.015817   -0.027257   -0.000005  
      1.645792  4.750496 11.486028     0.031578   -0.000008    0.000001  
      1.645793  2.850595 13.171966    -0.000130   -0.000006    0.000007  
 
  34 f  =    1.937915 THz    12.176280 2PiTHz   64.641892 cm-1     8.014569 meV
             X         Y         Z           dx          dy          dz
     -0.000000  1.900397  3.253954            0           0           0  
     -1.645793  4.750992  3.253954            0           0           0  
      3.291584  1.900397  3.253954            0           0           0  
      1.645792  4.750992  3.253954            0           0           0  
      1.645792  0.956365  9.779493     0.000003    0.036843    0.000734  
      0.005340  3.797710  9.779493     0.031899   -0.018423    0.000735  
      4.937376  0.950198  9.750908     0.000006    0.000006   -0.005252  
      3.286243  3.797710  9.779493    -0.031926   -0.018409    0.000737  
      1.645792  0.950198  1.569568            0           0           0  
     -0.000001  3.800794  1.569568            0           0           0  
      4.937376  0.950198  1.569568            0           0           0  
      3.291584  3.800794  1.569568            0           0           0  
      1.645792  0.950198  4.938340            0           0           0  
     -0.000001  3.800794  4.938340            0           0           0  
      4.937376  0.950198  4.938340            0           0           0  
      3.291584  3.800794  4.938340            0           0           0  
      0.002719  1.901967  8.077687    -0.002549   -0.001471   -0.010213  
     -1.645793  4.750992  8.092460    -0.000014    0.000003    0.032663  
      3.288864  1.901967  8.077687     0.002552   -0.001460   -0.010204  
      1.645792  4.747852  8.077687    -0.000015    0.002957   -0.010215  
      0.000430  1.900645 11.486028    -0.002794   -0.001609    0.011658  
     -1.645793  4.750992 11.474550    -0.000009    0.000000   -0.035201  
      3.291154  1.900645 11.486028     0.002797   -0.001602    0.011647  
      1.645792  4.750496 11.486028    -0.000025    0.003241    0.011660  
      1.645793  2.850595 13.171966     0.000008    0.000006    0.020038  
 
  35 f  =    0.593721 THz     3.730458 2PiTHz   19.804393 cm-1     2.455431 meV
             X         Y         Z           dx          dy          dz
     -0.000000  1.900397  3.253954            0           0           0  
     -1.645793  4.750992  3.253954            0           0           0  
      3.291584  1.900397  3.253954            0           0           0  
      1.645792  4.750992  3.253954            0           0           0  
      1.645792  0.956365  9.779493    -0.000001   -0.000284   -0.027064  
      0.005340  3.797710  9.779493    -0.000250    0.000146   -0.027064  
      4.937376  0.950198  9.750908    -0.000004    0.000006   -0.026781  
      3.286243  3.797710  9.779493     0.000246    0.000145   -0.027063  
      1.645792  0.950198  1.569568            0           0           0  
     -0.000001  3.800794  1.569568            0           0           0  
      4.937376  0.950198  1.569568            0           0           0  
      3.291584  3.800794  1.569568            0           0           0  
      1.645792  0.950198  4.938340            0           0           0  
     -0.000001  3.800794  4.938340            0           0           0  
      4.937376  0.950198  4.938340            0           0           0  
      3.291584  3.800794  4.938340            0           0           0  
      0.002719  1.901967  8.077687    -0.000074   -0.000039   -0.026542  
     -1.645793  4.750992  8.092460    -0.000002    0.000001   -0.026923  
      3.288864  1.901967  8.077687     0.000070   -0.000041   -0.026544  
      1.645792  4.747852  8.077687    -0.000001    0.000087   -0.026541  
      0.000430  1.900645 11.486028    -0.000053   -0.000027   -0.027382  
     -1.645793  4.750992 11.474550    -0.000002    0.000003   -0.027009  
      3.291154  1.900645 11.486028     0.000046   -0.000026   -0.027379  
      1.645792  4.750496 11.486028    -0.000002    0.000065   -0.027381  
      1.645793  2.850595 13.171966    -0.000006    0.000009   -0.028266  
 
  36 f  =    0.332749 THz     2.090721 2PiTHz   11.099296 cm-1     1.376137 meV
             X         Y         Z           dx          dy          dz
     -0.000000  1.900397  3.253954            0           0           0  
     -1.645793  4.750992  3.253954            0           0           0  
      3.291584  1.900397  3.253954            0           0           0  
      1.645792  4.750992  3.253954            0           0           0  
      1.645792  0.956365  9.779493     0.000423    0.026970    0.000041  
      0.005340  3.797710  9.779493     0.000452    0.027050   -0.000015  
      4.937376  0.950198  9.750908     0.000412    0.026857    0.000003  
      3.286243  3.797710  9.779493     0.000385    0.027048   -0.000017  
      1.645792  0.950198  1.569568            0           0           0  
     -0.000001  3.800794  1.569568            0           0           0  
      4.937376  0.950198  1.569568            0           0           0  
      3.291584  3.800794  1.569568            0           0           0  
      1.645792  0.950198  4.938340            0           0           0  
     -0.000001  3.800794  4.938340            0           0           0  
      4.937376  0.950198  4.938340            0           0           0  
      3.291584  3.800794  4.938340            0           0           0  
      0.002719  1.901967  8.077687     0.000423    0.026776    0.000063  
     -1.645793  4.750992  8.092460     0.000417    0.026823   -0.000005  
      3.288864  1.901967  8.077687     0.000406    0.026778    0.000054  
      1.645792  4.747852  8.077687     0.000414    0.026787   -0.000102  
      0.000430  1.900645 11.486028     0.000396    0.027196   -0.000020  
     -1.645793  4.750992 11.474550     0.000422    0.027149    0.000013  
      3.291154  1.900645 11.486028     0.000444    0.027200   -0.000010  
      1.645792  4.750496 11.486028     0.000420    0.027154    0.000033  
      1.645793  2.850595 13.171966     0.000414    0.027232   -0.000000  
 
  37 f  =    0.332225 THz     2.087431 2PiTHz   11.081833 cm-1     1.373972 meV
             X         Y         Z           dx          dy          dz
     -0.000000  1.900397  3.253954            0           0           0  
     -1.645793  4.750992  3.253954            0           0           0  
      3.291584  1.900397  3.253954            0           0           0  
      1.645792  4.750992  3.253954            0           0           0  
      1.645792  0.956365  9.779493     0.027082   -0.000409   -0.000003  
      0.005340  3.797710  9.779493     0.027001   -0.000387    0.000029  
      4.937376  0.950198  9.750908     0.026852   -0.000412   -0.000001  
      3.286243  3.797710  9.779493     0.026991   -0.000464   -0.000035  
      1.645792  0.950198  1.569568            0           0           0  
     -0.000001  3.800794  1.569568            0           0           0  
      4.937376  0.950198  1.569568            0           0           0  
      3.291584  3.800794  1.569568            0           0           0  
      1.645792  0.950198  4.938340            0           0           0  
     -0.000001  3.800794  4.938340            0           0           0  
      4.937376  0.950198  4.938340            0           0           0  
      3.291584  3.800794  4.938340            0           0           0  
      0.002719  1.901967  8.077687     0.026784   -0.000420    0.000090  
     -1.645793  4.750992  8.092460     0.026819   -0.000415    0.000004  
      3.288864  1.901967  8.077687     0.026785   -0.000416   -0.000103  
      1.645792  4.747852  8.077687     0.026774   -0.000407   -0.000001  
      0.000430  1.900645 11.486028     0.027171   -0.000451   -0.000036  
     -1.645793  4.750992 11.474550     0.027152   -0.000422   -0.000009  
      3.291154  1.900645 11.486028     0.027170   -0.000391    0.000039  
      1.645792  4.750496 11.486028     0.027204   -0.000417   -0.000005  
      1.645793  2.850595 13.171966     0.027210   -0.000419   -0.000000  
 
  38 fi =    2.352148 THz    14.778983 2PiTHz   78.459216 cm-1     9.727699 meV
             X         Y         Z           dx          dy          dz
     -0.000000  1.900397  3.253954            0           0           0  
     -1.645793  4.750992  3.253954            0           0           0  
      3.291584  1.900397  3.253954            0           0           0  
      1.645792  4.750992  3.253954            0           0           0  
      1.645792  0.956365  9.779493    -0.032497   -0.002715   -0.000907  
      0.005340  3.797710  9.779493     0.004058   -0.005360    0.002066  
      4.937376  0.950198  9.750908     0.038296   -0.018535    0.000000  
      3.286243  3.797710  9.779493    -0.011909    0.027624   -0.001165  
      1.645792  0.950198  1.569568            0           0           0  
     -0.000001  3.800794  1.569568            0           0           0  
      4.937376  0.950198  1.569568            0           0           0  
      3.291584  3.800794  1.569568            0           0           0  
      1.645792  0.950198  4.938340            0           0           0  
     -0.000001  3.800794  4.938340            0           0           0  
      4.937376  0.950198  4.938340            0           0           0  
      3.291584  3.800794  4.938340            0           0           0  
      0.002719  1.901967  8.077687    -0.001251    0.007665   -0.014724  
     -1.645793  4.750992  8.092460     0.001165   -0.000560   -0.000007  
      3.288864  1.901967  8.077687     0.003906   -0.002984    0.026153  
      1.645792  4.747852  8.077687    -0.007890   -0.002121   -0.011430  
      0.000430  1.900645 11.486028     0.002536    0.007068    0.020907  
     -1.645793  4.750992 11.474550    -0.000137    0.000069    0.000005  
      3.291154  1.900645 11.486028     0.008593   -0.005450   -0.037145  
      1.645792  4.750496 11.486028    -0.005279   -0.004438    0.016229  
      1.645793  2.850595 13.171966     0.054025   -0.026158   -0.000003  
 
  39 fi =    2.352676 THz    14.782297 2PiTHz   78.476810 cm-1     9.729880 meV
             X         Y         Z           dx          dy          dz
     -0.000000  1.900397  3.253954            0           0           0  
     -1.645793  4.750992  3.253954            0           0           0  
      3.291584  1.900397  3.253954            0           0           0  
      1.645792  4.750992  3.253954            0           0           0  
      1.645792  0.956365  9.779493    -0.015736    0.005603    0.001868  
      0.005340  3.797710  9.779493    -0.018403   -0.030965   -0.000151  
      4.937376  0.950198  9.750908     0.018540    0.038284    0.000001  
      3.286243  3.797710  9.779493     0.014599   -0.014988   -0.001715  
      1.645792  0.950198  1.569568            0           0           0  
     -0.000001  3.800794  1.569568            0           0           0  
      4.937376  0.950198  1.569568            0           0           0  
      3.291584  3.800794  1.569568            0           0           0  
      1.645792  0.950198  4.938340            0           0           0  
     -0.000001  3.800794  4.938340            0           0           0  
      4.937376  0.950198  4.938340            0           0           0  
      3.291584  3.800794  4.938340            0           0           0  
      0.002719  1.901967  8.077687     0.005957   -0.002252   -0.021699  
     -1.645793  4.750992  8.092460     0.000558    0.001167    0.000001  
      3.288864  1.901967  8.077687    -0.004686   -0.007409   -0.001902  
      1.645792  4.747852  8.077687    -0.003826    0.004382    0.023604  
      0.000430  1.900645 11.486028     0.008948    0.001362    0.030817  
     -1.645793  4.750992 11.474550    -0.000066   -0.000131   -0.000003  
      3.291154  1.900645 11.486028    -0.003561   -0.004696    0.002703  
      1.645792  4.750496 11.486028    -0.002562    0.009166   -0.033518  
      1.645793  2.850595 13.171966     0.026159    0.053996   -0.000003  
 
