 Eigenvectors and eigenvalues of the dynamical matrix
 ----------------------------------------------------
 
 
   1 f  =   11.403595 THz    71.650899 2PiTHz  380.382978 cm-1    47.161457 meV
             X         Y         Z           dx          dy          dz
      1.732400  4.346127  5.088808            0           0           0  
      1.732400 10.645227  5.088808            0           0           0  
      0.000000  1.269899  5.712453            0           0           0  
      0.000000  7.568998  5.712453            0           0           0  
      1.732400  2.151017  8.653465            0           0           0  
      1.732400  8.450117  8.653465            0           0           0  
      0.000000  5.362298  9.280790            0           0           0  
      0.000000 11.661398  9.280790            0           0           0  
      0.000000  2.079324 12.248772     0.000000    0.000056    0.000266  
      0.000000  8.401579 12.181999    -0.000000    0.000068   -0.000009  
      1.732400  5.157507 12.844442    -0.000000   -0.000050   -0.000228  
      1.732400 11.508795 12.798810     0.000000   -0.000523   -0.000017  
      0.000000  4.347685 15.764534     0.000001    0.010778   -0.015269  
      0.000000 10.578626 15.765049    -0.000000    0.000365    0.000114  
      1.732400  1.000518 16.451639    -0.000001    0.003916    0.001963  
      1.732400  7.420255 16.373267    -0.000000   -0.000351    0.000270  
      0.000000  3.736248  7.090247            0           0           0  
      0.000000 10.035348  7.090247            0           0           0  
      1.732400  5.982003  7.278785            0           0           0  
      1.732400 12.281103  7.278785            0           0           0  
      1.732400  2.673855 14.271283     0.000000   -0.001113   -0.000233  
      1.732400  9.030864 14.179007     0.000000    0.000018   -0.000404  
      0.000000  0.462529 14.415654     0.000000    0.000811   -0.000290  
      0.000000  6.785137 14.380433    -0.000001   -0.000772    0.000348  
      1.732400  3.445467 17.483794    -0.000016   -0.270212    0.292086  
 
   2 f  =    9.986114 THz    62.744607 2PiTHz  333.100921 cm-1    41.299232 meV
             X         Y         Z           dx          dy          dz
      1.732400  4.346127  5.088808            0           0           0  
      1.732400 10.645227  5.088808            0           0           0  
      0.000000  1.269899  5.712453            0           0           0  
      0.000000  7.568998  5.712453            0           0           0  
      1.732400  2.151017  8.653465            0           0           0  
      1.732400  8.450117  8.653465            0           0           0  
      0.000000  5.362298  9.280790            0           0           0  
      0.000000 11.661398  9.280790            0           0           0  
      0.000000  2.079324 12.248772     0.000327    0.000000   -0.000000  
      0.000000  8.401579 12.181999    -0.000018   -0.000000   -0.000001  
      1.732400  5.157507 12.844442    -0.000098   -0.000001   -0.000000  
      1.732400 11.508795 12.798810    -0.000051    0.000001   -0.000001  
      0.000000  4.347685 15.764534    -0.018981   -0.000001   -0.000000  
      0.000000 10.578626 15.765049    -0.000004    0.000001   -0.000000  
      1.732400  1.000518 16.451639     0.000704    0.000003    0.000001  
      1.732400  7.420255 16.373267     0.000261   -0.000000    0.000000  
      0.000000  3.736248  7.090247            0           0           0  
      0.000000 10.035348  7.090247            0           0           0  
      1.732400  5.982003  7.278785            0           0           0  
      1.732400 12.281103  7.278785            0           0           0  
      1.732400  2.673855 14.271283    -0.000517   -0.000000    0.000001  
      1.732400  9.030864 14.179007    -0.000080    0.000000    0.000001  
      0.000000  0.462529 14.415654    -0.000043    0.000000   -0.000000  
      0.000000  6.785137 14.380433    -0.000003   -0.000000    0.000000  
      1.732400  3.445467 17.483794     0.398228   -0.000057   -0.000029  
 
   3 f  =    9.710196 THz    61.010964 2PiTHz  323.897291 cm-1    40.158128 meV
             X         Y         Z           dx          dy          dz
      1.732400  4.346127  5.088808            0           0           0  
      1.732400 10.645227  5.088808            0           0           0  
      0.000000  1.269899  5.712453            0           0           0  
      0.000000  7.568998  5.712453            0           0           0  
      1.732400  2.151017  8.653465            0           0           0  
      1.732400  8.450117  8.653465            0           0           0  
      0.000000  5.362298  9.280790            0           0           0  
      0.000000 11.661398  9.280790            0           0           0  
      0.000000  2.079324 12.248772     0.000000    0.000476   -0.000226  
      0.000000  8.401579 12.181999     0.000000   -0.000229    0.000144  
      1.732400  5.157507 12.844442    -0.000001    0.000429    0.000323  
      1.732400 11.508795 12.798810    -0.000000   -0.000885    0.000013  
      0.000000  4.347685 15.764534     0.000004   -0.003359    0.003823  
      0.000000 10.578626 15.765049     0.000000    0.000011   -0.000193  
      1.732400  1.000518 16.451639    -0.000001    0.017724    0.007249  
      1.732400  7.420255 16.373267     0.000000   -0.000380    0.000383  
      0.000000  3.736248  7.090247            0           0           0  
      0.000000 10.035348  7.090247            0           0           0  
      1.732400  5.982003  7.278785            0           0           0  
      1.732400 12.281103  7.278785            0           0           0  
      1.732400  2.673855 14.271283    -0.000000   -0.001051    0.002121  
      1.732400  9.030864 14.179007    -0.000001    0.000461   -0.000153  
      0.000000  0.462529 14.415654     0.000001    0.000121   -0.000626  
      0.000000  6.785137 14.380433     0.000000    0.000464   -0.000562  
      1.732400  3.445467 17.483794    -0.000062   -0.291839   -0.269275  
 
   4 f  =    7.038502 THz    44.224213 2PiTHz  234.779160 cm-1    29.108893 meV
             X         Y         Z           dx          dy          dz
      1.732400  4.346127  5.088808            0           0           0  
      1.732400 10.645227  5.088808            0           0           0  
      0.000000  1.269899  5.712453            0           0           0  
      0.000000  7.568998  5.712453            0           0           0  
      1.732400  2.151017  8.653465            0           0           0  
      1.732400  8.450117  8.653465            0           0           0  
      0.000000  5.362298  9.280790            0           0           0  
      0.000000 11.661398  9.280790            0           0           0  
      0.000000  2.079324 12.248772    -0.000000   -0.000940    0.006108  
      0.000000  8.401579 12.181999    -0.000002   -0.000332    0.041706  
      1.732400  5.157507 12.844442    -0.000001    0.002539    0.008902  
      1.732400 11.508795 12.798810     0.000002   -0.005677    0.005324  
      0.000000  4.347685 15.764534    -0.000001   -0.004106    0.003582  
      0.000000 10.578626 15.765049    -0.000001    0.002578    0.009912  
      1.732400  1.000518 16.451639     0.000000   -0.000125    0.003546  
      1.732400  7.420255 16.373267     0.000001   -0.002593    0.041364  
      0.000000  3.736248  7.090247            0           0           0  
      0.000000 10.035348  7.090247            0           0           0  
      1.732400  5.982003  7.278785            0           0           0  
      1.732400 12.281103  7.278785            0           0           0  
      1.732400  2.673855 14.271283     0.000002    0.000416   -0.003605  
      1.732400  9.030864 14.179007     0.000003    0.002382   -0.039134  
      0.000000  0.462529 14.415654    -0.000001    0.002844   -0.005729  
      0.000000  6.785137 14.380433    -0.000003    0.000305   -0.034882  
      1.732400  3.445467 17.483794     0.000004    0.002032    0.006612  
 
   5 f  =    6.862236 THz    43.116703 2PiTHz  228.899570 cm-1    28.379917 meV
             X         Y         Z           dx          dy          dz
      1.732400  4.346127  5.088808            0           0           0  
      1.732400 10.645227  5.088808            0           0           0  
      0.000000  1.269899  5.712453            0           0           0  
      0.000000  7.568998  5.712453            0           0           0  
      1.732400  2.151017  8.653465            0           0           0  
      1.732400  8.450117  8.653465            0           0           0  
      0.000000  5.362298  9.280790            0           0           0  
      0.000000 11.661398  9.280790            0           0           0  
      0.000000  2.079324 12.248772     0.000002    0.006629   -0.051238  
      0.000000  8.401579 12.181999    -0.000000    0.000169    0.005812  
      1.732400  5.157507 12.844442     0.000001    0.003872   -0.002218  
      1.732400 11.508795 12.798810    -0.000000   -0.003507   -0.008914  
      0.000000  4.347685 15.764534    -0.000001   -0.002658   -0.005235  
      0.000000 10.578626 15.765049     0.000002    0.010348   -0.002299  
      1.732400  1.000518 16.451639    -0.000001   -0.001478   -0.028843  
      1.732400  7.420255 16.373267     0.000001   -0.000663    0.005348  
      0.000000  3.736248  7.090247            0           0           0  
      0.000000 10.035348  7.090247            0           0           0  
      1.732400  5.982003  7.278785            0           0           0  
      1.732400 12.281103  7.278785            0           0           0  
      1.732400  2.673855 14.271283    -0.000003    0.005978    0.030440  
      1.732400  9.030864 14.179007    -0.000002   -0.001345   -0.005880  
      0.000000  0.462529 14.415654     0.000002   -0.012139    0.040212  
      0.000000  6.785137 14.380433     0.000001   -0.001009   -0.004162  
      1.732400  3.445467 17.483794    -0.000003   -0.009239   -0.003802  
 
   6 f  =    6.513956 THz    40.928393 2PiTHz  217.282188 cm-1    26.939546 meV
             X         Y         Z           dx          dy          dz
      1.732400  4.346127  5.088808            0           0           0  
      1.732400 10.645227  5.088808            0           0           0  
      0.000000  1.269899  5.712453            0           0           0  
      0.000000  7.568998  5.712453            0           0           0  
      1.732400  2.151017  8.653465            0           0           0  
      1.732400  8.450117  8.653465            0           0           0  
      0.000000  5.362298  9.280790            0           0           0  
      0.000000 11.661398  9.280790            0           0           0  
      0.000000  2.079324 12.248772    -0.000001    0.004187    0.002427  
      0.000000  8.401579 12.181999     0.000002   -0.016834   -0.004676  
      1.732400  5.157507 12.844442     0.000001    0.000307    0.014843  
      1.732400 11.508795 12.798810    -0.000002    0.011578   -0.009236  
      0.000000  4.347685 15.764534    -0.000001   -0.012061    0.007411  
      0.000000 10.578626 15.765049     0.000002   -0.000208   -0.012943  
      1.732400  1.000518 16.451639    -0.000001   -0.003748    0.002413  
      1.732400  7.420255 16.373267    -0.000001    0.016200    0.009079  
      0.000000  3.736248  7.090247            0           0           0  
      0.000000 10.035348  7.090247            0           0           0  
      1.732400  5.982003  7.278785            0           0           0  
      1.732400 12.281103  7.278785            0           0           0  
      1.732400  2.673855 14.271283     0.000000    0.006309   -0.014327  
      1.732400  9.030864 14.179007    -0.000003   -0.011970    0.040831  
      0.000000  0.462529 14.415654     0.000002   -0.006374    0.011294  
      0.000000  6.785137 14.380433     0.000001    0.012801   -0.044706  
      1.732400  3.445467 17.483794    -0.000004   -0.013196    0.012891  
 
   7 f  =    6.352550 THz    39.914250 2PiTHz  211.898265 cm-1    26.272025 meV
             X         Y         Z           dx          dy          dz
      1.732400  4.346127  5.088808            0           0           0  
      1.732400 10.645227  5.088808            0           0           0  
      0.000000  1.269899  5.712453            0           0           0  
      0.000000  7.568998  5.712453            0           0           0  
      1.732400  2.151017  8.653465            0           0           0  
      1.732400  8.450117  8.653465            0           0           0  
      0.000000  5.362298  9.280790            0           0           0  
      0.000000 11.661398  9.280790            0           0           0  
      0.000000  2.079324 12.248772     0.000002   -0.017882   -0.008837  
      0.000000  8.401579 12.181999     0.000002   -0.007146   -0.004666  
      1.732400  5.157507 12.844442    -0.000001    0.016150   -0.002710  
      1.732400 11.508795 12.798810    -0.000000    0.005896    0.008246  
      0.000000  4.347685 15.764534     0.000001   -0.005708   -0.007527  
      0.000000 10.578626 15.765049    -0.000001   -0.016763    0.000660  
      1.732400  1.000518 16.451639    -0.000000    0.016348   -0.009187  
      1.732400  7.420255 16.373267     0.000001    0.006630    0.005695  
      0.000000  3.736248  7.090247            0           0           0  
      0.000000 10.035348  7.090247            0           0           0  
      1.732400  5.982003  7.278785            0           0           0  
      1.732400 12.281103  7.278785            0           0           0  
      1.732400  2.673855 14.271283    -0.000003   -0.019040    0.045618  
      1.732400  9.030864 14.179007    -0.000002    0.000935    0.013927  
      0.000000  0.462529 14.415654    -0.000000    0.019329   -0.032501  
      0.000000  6.785137 14.380433     0.000001   -0.000304   -0.014652  
      1.732400  3.445467 17.483794     0.000000    0.020806    0.010415  
 
   8 f  =    6.215862 THz    39.055413 2PiTHz  207.338840 cm-1    25.706728 meV
             X         Y         Z           dx          dy          dz
      1.732400  4.346127  5.088808            0           0           0  
      1.732400 10.645227  5.088808            0           0           0  
      0.000000  1.269899  5.712453            0           0           0  
      0.000000  7.568998  5.712453            0           0           0  
      1.732400  2.151017  8.653465            0           0           0  
      1.732400  8.450117  8.653465            0           0           0  
      0.000000  5.362298  9.280790            0           0           0  
      0.000000 11.661398  9.280790            0           0           0  
      0.000000  2.079324 12.248772     0.000000   -0.001589   -0.001487  
      0.000000  8.401579 12.181999    -0.000003   -0.004078    0.039551  
      1.732400  5.157507 12.844442     0.000001   -0.005709   -0.005657  
      1.732400 11.508795 12.798810    -0.000001    0.005410   -0.000857  
      0.000000  4.347685 15.764534    -0.000001   -0.012866    0.000130  
      0.000000 10.578626 15.765049    -0.000001    0.001824    0.005347  
      1.732400  1.000518 16.451639     0.000002    0.001731    0.002026  
      1.732400  7.420255 16.373267    -0.000005    0.003861   -0.039408  
      0.000000  3.736248  7.090247            0           0           0  
      0.000000 10.035348  7.090247            0           0           0  
      1.732400  5.982003  7.278785            0           0           0  
      1.732400 12.281103  7.278785            0           0           0  
      1.732400  2.673855 14.271283     0.000002    0.002225    0.006038  
      1.732400  9.030864 14.179007     0.000004   -0.035687   -0.006680  
      0.000000  0.462529 14.415654    -0.000005    0.001460   -0.005648  
      0.000000  6.785137 14.380433     0.000003    0.040066    0.006334  
      1.732400  3.445467 17.483794     0.000001   -0.003143    0.010383  
 
   9 f  =    6.032871 THz    37.905646 2PiTHz  201.234913 cm-1    24.949938 meV
             X         Y         Z           dx          dy          dz
      1.732400  4.346127  5.088808            0           0           0  
      1.732400 10.645227  5.088808            0           0           0  
      0.000000  1.269899  5.712453            0           0           0  
      0.000000  7.568998  5.712453            0           0           0  
      1.732400  2.151017  8.653465            0           0           0  
      1.732400  8.450117  8.653465            0           0           0  
      0.000000  5.362298  9.280790            0           0           0  
      0.000000 11.661398  9.280790            0           0           0  
      0.000000  2.079324 12.248772     0.000005    0.000495   -0.029643  
      0.000000  8.401579 12.181999    -0.000002   -0.001684   -0.004878  
      1.732400  5.157507 12.844442     0.000001   -0.003115   -0.001526  
      1.732400 11.508795 12.798810    -0.000001    0.002824    0.013845  
      0.000000  4.347685 15.764534    -0.000001   -0.009470   -0.004914  
      0.000000 10.578626 15.765049    -0.000000    0.000342   -0.000573  
      1.732400  1.000518 16.451639     0.000003   -0.001883    0.044962  
      1.732400  7.420255 16.373267    -0.000003    0.001504    0.003247  
      0.000000  3.736248  7.090247            0           0           0  
      0.000000 10.035348  7.090247            0           0           0  
      1.732400  5.982003  7.278785            0           0           0  
      1.732400 12.281103  7.278785            0           0           0  
      1.732400  2.673855 14.271283    -0.000009    0.035535    0.010285  
      1.732400  9.030864 14.179007     0.000005    0.005705    0.000019  
      0.000000  0.462529 14.415654     0.000002   -0.033605   -0.025109  
      0.000000  6.785137 14.380433     0.000002   -0.000401    0.000379  
      1.732400  3.445467 17.483794    -0.000003    0.010450    0.012817  
 
  10 f  =    5.272532 THz    33.128297 2PiTHz  175.872746 cm-1    21.805432 meV
             X         Y         Z           dx          dy          dz
      1.732400  4.346127  5.088808            0           0           0  
      1.732400 10.645227  5.088808            0           0           0  
      0.000000  1.269899  5.712453            0           0           0  
      0.000000  7.568998  5.712453            0           0           0  
      1.732400  2.151017  8.653465            0           0           0  
      1.732400  8.450117  8.653465            0           0           0  
      0.000000  5.362298  9.280790            0           0           0  
      0.000000 11.661398  9.280790            0           0           0  
      0.000000  2.079324 12.248772    -0.000003    0.004511    0.001374  
      0.000000  8.401579 12.181999    -0.000002   -0.001377   -0.001576  
      1.732400  5.157507 12.844442     0.000001   -0.030016   -0.014345  
      1.732400 11.508795 12.798810    -0.000001   -0.028646   -0.002879  
      0.000000  4.347685 15.764534    -0.000000   -0.034123    0.001238  
      0.000000 10.578626 15.765049     0.000000   -0.036008   -0.011541  
      1.732400  1.000518 16.451639     0.000002    0.003368   -0.003357  
      1.732400  7.420255 16.373267     0.000005   -0.003458    0.008897  
      0.000000  3.736248  7.090247            0           0           0  
      0.000000 10.035348  7.090247            0           0           0  
      1.732400  5.982003  7.278785            0           0           0  
      1.732400 12.281103  7.278785            0           0           0  
      1.732400  2.673855 14.271283     0.000003    0.013506    0.000888  
      1.732400  9.030864 14.179007     0.000005    0.030444    0.002002  
      0.000000  0.462529 14.415654    -0.000002    0.017276    0.007168  
      0.000000  6.785137 14.380433    -0.000007    0.026410    0.004155  
      1.732400  3.445467 17.483794    -0.000001   -0.007361    0.022463  
 
  11 f  =    4.997268 THz    31.398758 2PiTHz  166.690902 cm-1    20.667029 meV
             X         Y         Z           dx          dy          dz
      1.732400  4.346127  5.088808            0           0           0  
      1.732400 10.645227  5.088808            0           0           0  
      0.000000  1.269899  5.712453            0           0           0  
      0.000000  7.568998  5.712453            0           0           0  
      1.732400  2.151017  8.653465            0           0           0  
      1.732400  8.450117  8.653465            0           0           0  
      0.000000  5.362298  9.280790            0           0           0  
      0.000000 11.661398  9.280790            0           0           0  
      0.000000  2.079324 12.248772    -0.000015   -0.010171    0.007414  
      0.000000  8.401579 12.181999     0.000003    0.011533   -0.013985  
      1.732400  5.157507 12.844442    -0.000001    0.001298    0.023080  
      1.732400 11.508795 12.798810    -0.000002   -0.013477   -0.030943  
      0.000000  4.347685 15.764534    -0.000007   -0.023656   -0.025864  
      0.000000 10.578626 15.765049     0.000003    0.003248    0.030983  
      1.732400  1.000518 16.451639     0.000005   -0.008584    0.006253  
      1.732400  7.420255 16.373267    -0.000001    0.012642   -0.002966  
      0.000000  3.736248  7.090247            0           0           0  
      0.000000 10.035348  7.090247            0           0           0  
      1.732400  5.982003  7.278785            0           0           0  
      1.732400 12.281103  7.278785            0           0           0  
      1.732400  2.673855 14.271283     0.000019    0.028718    0.005663  
      1.732400  9.030864 14.179007    -0.000004   -0.018526   -0.003513  
      0.000000  0.462529 14.415654    -0.000006    0.026254    0.002540  
      0.000000  6.785137 14.380433     0.000003   -0.017477   -0.000528  
      1.732400  3.445467 17.483794    -0.000008   -0.002398   -0.011300  
 
  12 f  =    4.838184 THz    30.399208 2PiTHz  161.384453 cm-1    20.009113 meV
             X         Y         Z           dx          dy          dz
      1.732400  4.346127  5.088808            0           0           0  
      1.732400 10.645227  5.088808            0           0           0  
      0.000000  1.269899  5.712453            0           0           0  
      0.000000  7.568998  5.712453            0           0           0  
      1.732400  2.151017  8.653465            0           0           0  
      1.732400  8.450117  8.653465            0           0           0  
      0.000000  5.362298  9.280790            0           0           0  
      0.000000 11.661398  9.280790            0           0           0  
      0.000000  2.079324 12.248772     0.042595   -0.000006    0.000014  
      0.000000  8.401579 12.181999     0.008947   -0.000001    0.000005  
      1.732400  5.157507 12.844442    -0.000590    0.000005    0.000014  
      1.732400 11.508795 12.798810    -0.003430   -0.000014   -0.000002  
      0.000000  4.347685 15.764534     0.010422   -0.000013   -0.000007  
      0.000000 10.578626 15.765049     0.000797   -0.000001    0.000005  
      1.732400  1.000518 16.451639    -0.022185   -0.000004   -0.000007  
      1.732400  7.420255 16.373267    -0.018962    0.000000   -0.000013  
      0.000000  3.736248  7.090247            0           0           0  
      0.000000 10.035348  7.090247            0           0           0  
      1.732400  5.982003  7.278785            0           0           0  
      1.732400 12.281103  7.278785            0           0           0  
      1.732400  2.673855 14.271283    -0.046577    0.000009   -0.000003  
      1.732400  9.030864 14.179007    -0.012611    0.000005   -0.000004  
      0.000000  0.462529 14.415654     0.026350    0.000011    0.000004  
      0.000000  6.785137 14.380433     0.020580   -0.000002   -0.000002  
      1.732400  3.445467 17.483794     0.009055   -0.000003    0.000002  
 
  13 f  =    4.750484 THz    29.848174 2PiTHz  158.459106 cm-1    19.646416 meV
             X         Y         Z           dx          dy          dz
      1.732400  4.346127  5.088808            0           0           0  
      1.732400 10.645227  5.088808            0           0           0  
      0.000000  1.269899  5.712453            0           0           0  
      0.000000  7.568998  5.712453            0           0           0  
      1.732400  2.151017  8.653465            0           0           0  
      1.732400  8.450117  8.653465            0           0           0  
      0.000000  5.362298  9.280790            0           0           0  
      0.000000 11.661398  9.280790            0           0           0  
      0.000000  2.079324 12.248772     0.029124    0.000011   -0.000087  
      0.000000  8.401579 12.181999    -0.005869    0.000011    0.000135  
      1.732400  5.157507 12.844442     0.000940    0.000077    0.000115  
      1.732400 11.508795 12.798810     0.013398   -0.000083   -0.000059  
      0.000000  4.347685 15.764534     0.012841    0.000129   -0.000007  
      0.000000 10.578626 15.765049     0.000153   -0.000176   -0.000062  
      1.732400  1.000518 16.451639     0.049320    0.000001    0.000087  
      1.732400  7.420255 16.373267     0.002028    0.000008   -0.000118  
      0.000000  3.736248  7.090247            0           0           0  
      0.000000 10.035348  7.090247            0           0           0  
      1.732400  5.982003  7.278785            0           0           0  
      1.732400 12.281103  7.278785            0           0           0  
      1.732400  2.673855 14.271283    -0.027071   -0.000003   -0.000033  
      1.732400  9.030864 14.179007     0.005781    0.000040    0.000028  
      0.000000  0.462529 14.415654    -0.045955    0.000045    0.000024  
      0.000000  6.785137 14.380433    -0.003841   -0.000067   -0.000019  
      1.732400  3.445467 17.483794     0.009445    0.000066   -0.000059  
 
  14 f  =    4.733765 THz    29.743122 2PiTHz  157.901400 cm-1    19.577270 meV
             X         Y         Z           dx          dy          dz
      1.732400  4.346127  5.088808            0           0           0  
      1.732400 10.645227  5.088808            0           0           0  
      0.000000  1.269899  5.712453            0           0           0  
      0.000000  7.568998  5.712453            0           0           0  
      1.732400  2.151017  8.653465            0           0           0  
      1.732400  8.450117  8.653465            0           0           0  
      0.000000  5.362298  9.280790            0           0           0  
      0.000000 11.661398  9.280790            0           0           0  
      0.000000  2.079324 12.248772     0.000137   -0.002790    0.019005  
      0.000000  8.401579 12.181999    -0.000006   -0.001435   -0.033509  
      1.732400  5.157507 12.844442     0.000013   -0.017289   -0.027173  
      1.732400 11.508795 12.798810     0.000057    0.018677    0.009471  
      0.000000  4.347685 15.764534     0.000061   -0.029806    0.003915  
      0.000000 10.578626 15.765049     0.000006    0.041369    0.015191  
      1.732400  1.000518 16.451639     0.000202    0.000192   -0.018005  
      1.732400  7.420255 16.373267     0.000046   -0.002369    0.029134  
      0.000000  3.736248  7.090247            0           0           0  
      0.000000 10.035348  7.090247            0           0           0  
      1.732400  5.982003  7.278785            0           0           0  
      1.732400 12.281103  7.278785            0           0           0  
      1.732400  2.673855 14.271283    -0.000129   -0.000538    0.006920  
      1.732400  9.030864 14.179007     0.000006   -0.010645   -0.006346  
      0.000000  0.462529 14.415654    -0.000189   -0.008723   -0.004578  
      0.000000  6.785137 14.380433    -0.000050    0.015856    0.004351  
      1.732400  3.445467 17.483794     0.000040   -0.015561    0.015355  
 
  15 f  =    4.642427 THz    29.169228 2PiTHz  154.854691 cm-1    19.199526 meV
             X         Y         Z           dx          dy          dz
      1.732400  4.346127  5.088808            0           0           0  
      1.732400 10.645227  5.088808            0           0           0  
      0.000000  1.269899  5.712453            0           0           0  
      0.000000  7.568998  5.712453            0           0           0  
      1.732400  2.151017  8.653465            0           0           0  
      1.732400  8.450117  8.653465            0           0           0  
      0.000000  5.362298  9.280790            0           0           0  
      0.000000 11.661398  9.280790            0           0           0  
      0.000000  2.079324 12.248772     0.011562   -0.000000   -0.000020  
      0.000000  8.401579 12.181999     0.025593   -0.000003    0.000028  
      1.732400  5.157507 12.844442     0.010271    0.000016    0.000014  
      1.732400 11.508795 12.798810    -0.000523   -0.000012   -0.000016  
      0.000000  4.347685 15.764534     0.003222    0.000023    0.000000  
      0.000000 10.578626 15.765049     0.006392   -0.000029    0.000001  
      1.732400  1.000518 16.451639    -0.007713   -0.000004    0.000025  
      1.732400  7.420255 16.373267     0.053400    0.000004   -0.000025  
      0.000000  3.736248  7.090247            0           0           0  
      0.000000 10.035348  7.090247            0           0           0  
      1.732400  5.982003  7.278785            0           0           0  
      1.732400 12.281103  7.278785            0           0           0  
      1.732400  2.673855 14.271283    -0.011827    0.000001   -0.000007  
      1.732400  9.030864 14.179007    -0.020523    0.000003    0.000005  
      0.000000  0.462529 14.415654     0.007656    0.000010    0.000003  
      0.000000  6.785137 14.380433    -0.046289   -0.000010   -0.000002  
      1.732400  3.445467 17.483794     0.002099    0.000015   -0.000009  
 
  16 f  =    4.538071 THz    28.513544 2PiTHz  151.373771 cm-1    18.767947 meV
             X         Y         Z           dx          dy          dz
      1.732400  4.346127  5.088808            0           0           0  
      1.732400 10.645227  5.088808            0           0           0  
      0.000000  1.269899  5.712453            0           0           0  
      0.000000  7.568998  5.712453            0           0           0  
      1.732400  2.151017  8.653465            0           0           0  
      1.732400  8.450117  8.653465            0           0           0  
      0.000000  5.362298  9.280790            0           0           0  
      0.000000 11.661398  9.280790            0           0           0  
      0.000000  2.079324 12.248772    -0.000007    0.003526   -0.028312  
      0.000000  8.401579 12.181999     0.000012    0.003194   -0.011151  
      1.732400  5.157507 12.844442     0.000001   -0.011074   -0.028234  
      1.732400 11.508795 12.798810     0.000000    0.002352   -0.037430  
      0.000000  4.347685 15.764534     0.000005    0.024994    0.028439  
      0.000000 10.578626 15.765049     0.000004   -0.014078    0.025230  
      1.732400  1.000518 16.451639    -0.000016    0.001726    0.028839  
      1.732400  7.420255 16.373267    -0.000023   -0.000437    0.022709  
      0.000000  3.736248  7.090247            0           0           0  
      0.000000 10.035348  7.090247            0           0           0  
      1.732400  5.982003  7.278785            0           0           0  
      1.732400 12.281103  7.278785            0           0           0  
      1.732400  2.673855 14.271283     0.000001   -0.012750   -0.005170  
      1.732400  9.030864 14.179007    -0.000014   -0.015063    0.001435  
      0.000000  0.462529 14.415654     0.000013    0.012708   -0.000954  
      0.000000  6.785137 14.380433     0.000017    0.008069    0.001506  
      1.732400  3.445467 17.483794     0.000005    0.007581    0.012107  
 
  17 f  =    4.426091 THz    27.809949 2PiTHz  147.638500 cm-1    18.304833 meV
             X         Y         Z           dx          dy          dz
      1.732400  4.346127  5.088808            0           0           0  
      1.732400 10.645227  5.088808            0           0           0  
      0.000000  1.269899  5.712453            0           0           0  
      0.000000  7.568998  5.712453            0           0           0  
      1.732400  2.151017  8.653465            0           0           0  
      1.732400  8.450117  8.653465            0           0           0  
      0.000000  5.362298  9.280790            0           0           0  
      0.000000 11.661398  9.280790            0           0           0  
      0.000000  2.079324 12.248772    -0.014127    0.000003    0.000002  
      0.000000  8.401579 12.181999     0.054365   -0.000001    0.000010  
      1.732400  5.157507 12.844442     0.001510   -0.000018    0.000004  
      1.732400 11.508795 12.798810     0.004069    0.000017    0.000029  
      0.000000  4.347685 15.764534    -0.001316    0.000003   -0.000011  
      0.000000 10.578626 15.765049     0.008623   -0.000014   -0.000008  
      1.732400  1.000518 16.451639     0.015617   -0.000002   -0.000015  
      1.732400  7.420255 16.373267    -0.021572    0.000003    0.000001  
      0.000000  3.736248  7.090247            0           0           0  
      0.000000 10.035348  7.090247            0           0           0  
      1.732400  5.982003  7.278785            0           0           0  
      1.732400 12.281103  7.278785            0           0           0  
      1.732400  2.673855 14.271283     0.011020    0.000008   -0.000001  
      1.732400  9.030864 14.179007    -0.046332    0.000004   -0.000003  
      0.000000  0.462529 14.415654    -0.013105   -0.000005   -0.000002  
      0.000000  6.785137 14.380433     0.015855   -0.000002    0.000002  
      1.732400  3.445467 17.483794    -0.001180   -0.000004   -0.000010  
 
  18 f  =    4.314238 THz    27.107159 2PiTHz  143.907501 cm-1    17.842248 meV
             X         Y         Z           dx          dy          dz
      1.732400  4.346127  5.088808            0           0           0  
      1.732400 10.645227  5.088808            0           0           0  
      0.000000  1.269899  5.712453            0           0           0  
      0.000000  7.568998  5.712453            0           0           0  
      1.732400  2.151017  8.653465            0           0           0  
      1.732400  8.450117  8.653465            0           0           0  
      0.000000  5.362298  9.280790            0           0           0  
      0.000000 11.661398  9.280790            0           0           0  
      0.000000  2.079324 12.248772    -0.000018    0.002818   -0.000385  
      0.000000  8.401579 12.181999     0.000023   -0.003255   -0.010170  
      1.732400  5.157507 12.844442     0.000001    0.038764   -0.004239  
      1.732400 11.508795 12.798810     0.000003   -0.048097   -0.006896  
      0.000000  4.347685 15.764534    -0.000002   -0.021308    0.022471  
      0.000000 10.578626 15.765049     0.000002    0.034626   -0.000754  
      1.732400  1.000518 16.451639     0.000003    0.005255    0.023696  
      1.732400  7.420255 16.373267    -0.000013   -0.009422   -0.018106  
      0.000000  3.736248  7.090247            0           0           0  
      0.000000 10.035348  7.090247            0           0           0  
      1.732400  5.982003  7.278785            0           0           0  
      1.732400 12.281103  7.278785            0           0           0  
      1.732400  2.673855 14.271283     0.000010   -0.015032    0.001700  
      1.732400  9.030864 14.179007    -0.000015    0.008780   -0.001589  
      0.000000  0.462529 14.415654    -0.000002    0.001111    0.002728  
      0.000000  6.785137 14.380433     0.000005    0.005596   -0.008442  
      1.732400  3.445467 17.483794    -0.000000    0.003919    0.036752  
 
  19 f  =    4.061682 THz    25.520301 2PiTHz  135.483133 cm-1    16.797760 meV
             X         Y         Z           dx          dy          dz
      1.732400  4.346127  5.088808            0           0           0  
      1.732400 10.645227  5.088808            0           0           0  
      0.000000  1.269899  5.712453            0           0           0  
      0.000000  7.568998  5.712453            0           0           0  
      1.732400  2.151017  8.653465            0           0           0  
      1.732400  8.450117  8.653465            0           0           0  
      0.000000  5.362298  9.280790            0           0           0  
      0.000000 11.661398  9.280790            0           0           0  
      0.000000  2.079324 12.248772    -0.000006    0.008901    0.005808  
      0.000000  8.401579 12.181999     0.000001    0.013189    0.006506  
      1.732400  5.157507 12.844442     0.000003    0.039970   -0.021642  
      1.732400 11.508795 12.798810     0.000004    0.032073   -0.009476  
      0.000000  4.347685 15.764534     0.000006   -0.042464    0.013602  
      0.000000 10.578626 15.765049    -0.000000   -0.032477    0.001662  
      1.732400  1.000518 16.451639    -0.000001    0.010066    0.000285  
      1.732400  7.420255 16.373267    -0.000004    0.015101   -0.000984  
      0.000000  3.736248  7.090247            0           0           0  
      0.000000 10.035348  7.090247            0           0           0  
      1.732400  5.982003  7.278785            0           0           0  
      1.732400 12.281103  7.278785            0           0           0  
      1.732400  2.673855 14.271283    -0.000002   -0.002600   -0.007710  
      1.732400  9.030864 14.179007    -0.000000   -0.000951   -0.006993  
      0.000000  0.462529 14.415654     0.000002   -0.011277    0.008369  
      0.000000  6.785137 14.380433     0.000001   -0.015656    0.007235  
      1.732400  3.445467 17.483794     0.000006   -0.011065    0.036118  
 
  20 f  =    3.938306 THz    24.745107 2PiTHz  131.367751 cm-1    16.287518 meV
             X         Y         Z           dx          dy          dz
      1.732400  4.346127  5.088808            0           0           0  
      1.732400 10.645227  5.088808            0           0           0  
      0.000000  1.269899  5.712453            0           0           0  
      0.000000  7.568998  5.712453            0           0           0  
      1.732400  2.151017  8.653465            0           0           0  
      1.732400  8.450117  8.653465            0           0           0  
      0.000000  5.362298  9.280790            0           0           0  
      0.000000 11.661398  9.280790            0           0           0  
      0.000000  2.079324 12.248772    -0.000005   -0.032919   -0.001419  
      0.000000  8.401579 12.181999     0.000001   -0.032687   -0.003241  
      1.732400  5.157507 12.844442     0.000001    0.026687    0.003997  
      1.732400 11.508795 12.798810    -0.000002    0.028013   -0.010397  
      0.000000  4.347685 15.764534    -0.000001    0.003667    0.009599  
      0.000000 10.578626 15.765049    -0.000001   -0.003384    0.011183  
      1.732400  1.000518 16.451639     0.000004   -0.026591   -0.004113  
      1.732400  7.420255 16.373267    -0.000005   -0.042560   -0.004613  
      0.000000  3.736248  7.090247            0           0           0  
      0.000000 10.035348  7.090247            0           0           0  
      1.732400  5.982003  7.278785            0           0           0  
      1.732400 12.281103  7.278785            0           0           0  
      1.732400  2.673855 14.271283     0.000005    0.016444   -0.002376  
      1.732400  9.030864 14.179007     0.000001    0.016705   -0.003120  
      0.000000  0.462529 14.415654    -0.000003    0.009137    0.003176  
      0.000000  6.785137 14.380433     0.000001    0.013376    0.001670  
      1.732400  3.445467 17.483794    -0.000001   -0.028777   -0.008130  
 
  21 f  =    3.820158 THz    24.002761 2PiTHz  127.426756 cm-1    15.798897 meV
             X         Y         Z           dx          dy          dz
      1.732400  4.346127  5.088808            0           0           0  
      1.732400 10.645227  5.088808            0           0           0  
      0.000000  1.269899  5.712453            0           0           0  
      0.000000  7.568998  5.712453            0           0           0  
      1.732400  2.151017  8.653465            0           0           0  
      1.732400  8.450117  8.653465            0           0           0  
      0.000000  5.362298  9.280790            0           0           0  
      0.000000 11.661398  9.280790            0           0           0  
      0.000000  2.079324 12.248772     0.000004    0.021113   -0.024582  
      0.000000  8.401579 12.181999    -0.000005    0.002030   -0.028575  
      1.732400  5.157507 12.844442     0.000003   -0.003771    0.043542  
      1.732400 11.508795 12.798810     0.000010    0.005955    0.029601  
      0.000000  4.347685 15.764534    -0.000002   -0.010977    0.016329  
      0.000000 10.578626 15.765049     0.000001   -0.016976    0.035431  
      1.732400  1.000518 16.451639    -0.000009    0.008941   -0.010538  
      1.732400  7.420255 16.373267     0.000002   -0.006250   -0.012577  
      0.000000  3.736248  7.090247            0           0           0  
      0.000000 10.035348  7.090247            0           0           0  
      1.732400  5.982003  7.278785            0           0           0  
      1.732400 12.281103  7.278785            0           0           0  
      1.732400  2.673855 14.271283     0.000002   -0.011339   -0.012329  
      1.732400  9.030864 14.179007     0.000003   -0.000493   -0.011688  
      0.000000  0.462529 14.415654    -0.000004    0.001315   -0.003489  
      0.000000  6.785137 14.380433    -0.000004    0.010251   -0.004634  
      1.732400  3.445467 17.483794    -0.000001   -0.005590    0.020728  
 
  22 f  =    3.554412 THz    22.333028 2PiTHz  118.562417 cm-1    14.699860 meV
             X         Y         Z           dx          dy          dz
      1.732400  4.346127  5.088808            0           0           0  
      1.732400 10.645227  5.088808            0           0           0  
      0.000000  1.269899  5.712453            0           0           0  
      0.000000  7.568998  5.712453            0           0           0  
      1.732400  2.151017  8.653465            0           0           0  
      1.732400  8.450117  8.653465            0           0           0  
      0.000000  5.362298  9.280790            0           0           0  
      0.000000 11.661398  9.280790            0           0           0  
      0.000000  2.079324 12.248772     0.000012    0.022730    0.011929  
      0.000000  8.401579 12.181999     0.000014   -0.008629   -0.000124  
      1.732400  5.157507 12.844442    -0.000009   -0.003822    0.024277  
      1.732400 11.508795 12.798810    -0.000013    0.014754   -0.039708  
      0.000000  4.347685 15.764534    -0.000022   -0.006701   -0.034574  
      0.000000 10.578626 15.765049    -0.000000    0.001387   -0.003140  
      1.732400  1.000518 16.451639     0.000005    0.031089    0.015536  
      1.732400  7.420255 16.373267     0.000000   -0.030308    0.007362  
      0.000000  3.736248  7.090247            0           0           0  
      0.000000 10.035348  7.090247            0           0           0  
      1.732400  5.982003  7.278785            0           0           0  
      1.732400 12.281103  7.278785            0           0           0  
      1.732400  2.673855 14.271283     0.000004   -0.017552    0.006989  
      1.732400  9.030864 14.179007    -0.000001    0.007059   -0.001599  
      0.000000  0.462529 14.415654     0.000003   -0.015962    0.001330  
      0.000000  6.785137 14.380433     0.000002    0.010834    0.005389  
      1.732400  3.445467 17.483794    -0.000026    0.046524   -0.001302  
 
  23 f  =    3.401698 THz    21.373500 2PiTHz  113.468436 cm-1    14.068287 meV
             X         Y         Z           dx          dy          dz
      1.732400  4.346127  5.088808            0           0           0  
      1.732400 10.645227  5.088808            0           0           0  
      0.000000  1.269899  5.712453            0           0           0  
      0.000000  7.568998  5.712453            0           0           0  
      1.732400  2.151017  8.653465            0           0           0  
      1.732400  8.450117  8.653465            0           0           0  
      0.000000  5.362298  9.280790            0           0           0  
      0.000000 11.661398  9.280790            0           0           0  
      0.000000  2.079324 12.248772     0.026981   -0.000016   -0.000034  
      0.000000  8.401579 12.181999     0.020328    0.000078   -0.000037  
      1.732400  5.157507 12.844442    -0.024021    0.000042    0.000024  
      1.732400 11.508795 12.798810    -0.055118    0.000006    0.000047  
      0.000000  4.347685 15.764534    -0.033075   -0.000016   -0.000004  
      0.000000 10.578626 15.765049    -0.023744   -0.000015   -0.000093  
      1.732400  1.000518 16.451639     0.028166   -0.000047    0.000035  
      1.732400  7.420255 16.373267     0.012355   -0.000032    0.000056  
      0.000000  3.736248  7.090247            0           0           0  
      0.000000 10.035348  7.090247            0           0           0  
      1.732400  5.982003  7.278785            0           0           0  
      1.732400 12.281103  7.278785            0           0           0  
      1.732400  2.673855 14.271283     0.009507   -0.000013   -0.000012  
      1.732400  9.030864 14.179007     0.009375   -0.000056   -0.000012  
      0.000000  0.462529 14.415654     0.008246    0.000041    0.000012  
      0.000000  6.785137 14.380433     0.006700    0.000029    0.000019  
      1.732400  3.445467 17.483794    -0.034938   -0.000030   -0.000011  
 
  24 f  =    3.381489 THz    21.246521 2PiTHz  112.794327 cm-1    13.984708 meV
             X         Y         Z           dx          dy          dz
      1.732400  4.346127  5.088808            0           0           0  
      1.732400 10.645227  5.088808            0           0           0  
      0.000000  1.269899  5.712453            0           0           0  
      0.000000  7.568998  5.712453            0           0           0  
      1.732400  2.151017  8.653465            0           0           0  
      1.732400  8.450117  8.653465            0           0           0  
      0.000000  5.362298  9.280790            0           0           0  
      0.000000 11.661398  9.280790            0           0           0  
      0.000000  2.079324 12.248772    -0.000054   -0.004121   -0.014247  
      0.000000  8.401579 12.181999    -0.000037    0.028024   -0.013689  
      1.732400  5.157507 12.844442     0.000039    0.015692    0.013600  
      1.732400 11.508795 12.798810     0.000122    0.007005    0.018430  
      0.000000  4.347685 15.764534     0.000079   -0.009124   -0.014539  
      0.000000 10.578626 15.765049     0.000052   -0.002877   -0.044101  
      1.732400  1.000518 16.451639    -0.000077   -0.020780    0.021794  
      1.732400  7.420255 16.373267    -0.000024   -0.015865    0.024252  
      0.000000  3.736248  7.090247            0           0           0  
      0.000000 10.035348  7.090247            0           0           0  
      1.732400  5.982003  7.278785            0           0           0  
      1.732400 12.281103  7.278785            0           0           0  
      1.732400  2.673855 14.271283    -0.000018   -0.009086   -0.004163  
      1.732400  9.030864 14.179007    -0.000018   -0.021669   -0.004838  
      0.000000  0.462529 14.415654    -0.000018    0.019281    0.006911  
      0.000000  6.785137 14.380433    -0.000015    0.012976    0.009128  
      1.732400  3.445467 17.483794     0.000084   -0.004961   -0.012527  
 
  25 f  =    3.334813 THz    20.953249 2PiTHz  111.237391 cm-1    13.791673 meV
             X         Y         Z           dx          dy          dz
      1.732400  4.346127  5.088808            0           0           0  
      1.732400 10.645227  5.088808            0           0           0  
      0.000000  1.269899  5.712453            0           0           0  
      0.000000  7.568998  5.712453            0           0           0  
      1.732400  2.151017  8.653465            0           0           0  
      1.732400  8.450117  8.653465            0           0           0  
      0.000000  5.362298  9.280790            0           0           0  
      0.000000 11.661398  9.280790            0           0           0  
      0.000000  2.079324 12.248772    -0.000012    0.030233   -0.013712  
      0.000000  8.401579 12.181999     0.000044   -0.032933    0.011170  
      1.732400  5.157507 12.844442    -0.000091   -0.005185   -0.017665  
      1.732400 11.508795 12.798810     0.000061    0.015013    0.015987  
      0.000000  4.347685 15.764534     0.000036   -0.013759   -0.030728  
      0.000000 10.578626 15.765049    -0.000139    0.013179    0.014409  
      1.732400  1.000518 16.451639    -0.000001   -0.029716    0.022449  
      1.732400  7.420255 16.373267     0.000037    0.014707   -0.006260  
      0.000000  3.736248  7.090247            0           0           0  
      0.000000 10.035348  7.090247            0           0           0  
      1.732400  5.982003  7.278785            0           0           0  
      1.732400 12.281103  7.278785            0           0           0  
      1.732400  2.673855 14.271283    -0.000004   -0.018497   -0.004408  
      1.732400  9.030864 14.179007     0.000021    0.013165    0.002804  
      0.000000  0.462529 14.415654     0.000007    0.020058    0.005107  
      0.000000  6.785137 14.380433     0.000021   -0.008819    0.000588  
      1.732400  3.445467 17.483794     0.000033   -0.005775   -0.027227  
 
  26 f  =    3.304609 THz    20.763469 2PiTHz  110.229882 cm-1    13.666757 meV
             X         Y         Z           dx          dy          dz
      1.732400  4.346127  5.088808            0           0           0  
      1.732400 10.645227  5.088808            0           0           0  
      0.000000  1.269899  5.712453            0           0           0  
      0.000000  7.568998  5.712453            0           0           0  
      1.732400  2.151017  8.653465            0           0           0  
      1.732400  8.450117  8.653465            0           0           0  
      0.000000  5.362298  9.280790            0           0           0  
      0.000000 11.661398  9.280790            0           0           0  
      0.000000  2.079324 12.248772     0.007928    0.000071   -0.000024  
      0.000000  8.401579 12.181999    -0.022471   -0.000075    0.000018  
      1.732400  5.157507 12.844442     0.027687    0.000006   -0.000044  
      1.732400 11.508795 12.798810    -0.039524    0.000022    0.000047  
      0.000000  4.347685 15.764534    -0.012811   -0.000022   -0.000073  
      0.000000 10.578626 15.765049     0.066101    0.000018    0.000031  
      1.732400  1.000518 16.451639     0.006526   -0.000064    0.000046  
      1.732400  7.420255 16.373267    -0.013900    0.000030   -0.000004  
      0.000000  3.736248  7.090247            0           0           0  
      0.000000 10.035348  7.090247            0           0           0  
      1.732400  5.982003  7.278785            0           0           0  
      1.732400 12.281103  7.278785            0           0           0  
      1.732400  2.673855 14.271283     0.002492   -0.000038   -0.000011  
      1.732400  9.030864 14.179007    -0.007932    0.000019    0.000005  
      0.000000  0.462529 14.415654    -0.002048    0.000042    0.000012  
      0.000000  6.785137 14.380433    -0.006320   -0.000014    0.000004  
      1.732400  3.445467 17.483794    -0.013071   -0.000009   -0.000067  
 
  27 f  =    3.201583 THz    20.116142 2PiTHz  106.793326 cm-1    13.240679 meV
             X         Y         Z           dx          dy          dz
      1.732400  4.346127  5.088808            0           0           0  
      1.732400 10.645227  5.088808            0           0           0  
      0.000000  1.269899  5.712453            0           0           0  
      0.000000  7.568998  5.712453            0           0           0  
      1.732400  2.151017  8.653465            0           0           0  
      1.732400  8.450117  8.653465            0           0           0  
      0.000000  5.362298  9.280790            0           0           0  
      0.000000 11.661398  9.280790            0           0           0  
      0.000000  2.079324 12.248772    -0.013103   -0.000024   -0.000006  
      0.000000  8.401579 12.181999     0.003947    0.000020    0.000008  
      1.732400  5.157507 12.844442    -0.053315   -0.000025    0.000023  
      1.732400 11.508795 12.798810    -0.027412    0.000013   -0.000018  
      0.000000  4.347685 15.764534     0.057777   -0.000011    0.000028  
      0.000000 10.578626 15.765049     0.022324    0.000014   -0.000008  
      1.732400  1.000518 16.451639    -0.002341    0.000018   -0.000003  
      1.732400  7.420255 16.373267     0.005743   -0.000004   -0.000014  
      0.000000  3.736248  7.090247            0           0           0  
      0.000000 10.035348  7.090247            0           0           0  
      1.732400  5.982003  7.278785            0           0           0  
      1.732400 12.281103  7.278785            0           0           0  
      1.732400  2.673855 14.271283     0.000506   -0.000000    0.000002  
      1.732400  9.030864 14.179007     0.002924    0.000011   -0.000001  
      0.000000  0.462529 14.415654    -0.002211   -0.000005   -0.000005  
      0.000000  6.785137 14.380433    -0.000658   -0.000007   -0.000003  
      1.732400  3.445467 17.483794     0.058343    0.000003    0.000036  
 
  28 f  =    3.119155 THz    19.598226 2PiTHz  104.043798 cm-1    12.899781 meV
             X         Y         Z           dx          dy          dz
      1.732400  4.346127  5.088808            0           0           0  
      1.732400 10.645227  5.088808            0           0           0  
      0.000000  1.269899  5.712453            0           0           0  
      0.000000  7.568998  5.712453            0           0           0  
      1.732400  2.151017  8.653465            0           0           0  
      1.732400  8.450117  8.653465            0           0           0  
      0.000000  5.362298  9.280790            0           0           0  
      0.000000 11.661398  9.280790            0           0           0  
      0.000000  2.079324 12.248772    -0.027465   -0.000072   -0.000061  
      0.000000  8.401579 12.181999     0.010025    0.000057    0.000048  
      1.732400  5.157507 12.844442     0.048436   -0.000115    0.000066  
      1.732400 11.508795 12.798810    -0.033778    0.000091   -0.000042  
      0.000000  4.347685 15.764534     0.034478   -0.000076    0.000073  
      0.000000 10.578626 15.765049    -0.031008    0.000087   -0.000052  
      1.732400  1.000518 16.451639     0.018853    0.000023    0.000033  
      1.732400  7.420255 16.373267    -0.017555   -0.000003   -0.000047  
      0.000000  3.736248  7.090247            0           0           0  
      0.000000 10.035348  7.090247            0           0           0  
      1.732400  5.982003  7.278785            0           0           0  
      1.732400 12.281103  7.278785            0           0           0  
      1.732400  2.673855 14.271283    -0.011961   -0.000037   -0.000005  
      1.732400  9.030864 14.179007     0.009206    0.000051    0.000002  
      0.000000  0.462529 14.415654     0.010277    0.000044   -0.000009  
      0.000000  6.785137 14.380433    -0.010006   -0.000051   -0.000001  
      1.732400  3.445467 17.483794     0.034655   -0.000018    0.000104  
 
  29 f  =    3.093109 THz    19.434579 2PiTHz  103.175022 cm-1    12.792067 meV
             X         Y         Z           dx          dy          dz
      1.732400  4.346127  5.088808            0           0           0  
      1.732400 10.645227  5.088808            0           0           0  
      0.000000  1.269899  5.712453            0           0           0  
      0.000000  7.568998  5.712453            0           0           0  
      1.732400  2.151017  8.653465            0           0           0  
      1.732400  8.450117  8.653465            0           0           0  
      0.000000  5.362298  9.280790            0           0           0  
      0.000000 11.661398  9.280790            0           0           0  
      0.000000  2.079324 12.248772    -0.000101    0.025141    0.018096  
      0.000000  8.401579 12.181999     0.000032   -0.018269   -0.015391  
      1.732400  5.157507 12.844442     0.000108    0.035142   -0.017074  
      1.732400 11.508795 12.798810    -0.000106   -0.027781    0.013599  
      0.000000  4.347685 15.764534     0.000157    0.023391   -0.025974  
      0.000000 10.578626 15.765049    -0.000107   -0.026850    0.015541  
      1.732400  1.000518 16.451639     0.000068   -0.007190   -0.009677  
      1.732400  7.420255 16.373267    -0.000045    0.000072    0.015909  
      0.000000  3.736248  7.090247            0           0           0  
      0.000000 10.035348  7.090247            0           0           0  
      1.732400  5.982003  7.278785            0           0           0  
      1.732400 12.281103  7.278785            0           0           0  
      1.732400  2.673855 14.271283    -0.000040    0.010235    0.001614  
      1.732400  9.030864 14.179007     0.000027   -0.016927   -0.000817  
      0.000000  0.462529 14.415654     0.000037   -0.012432    0.003065  
      0.000000  6.785137 14.380433    -0.000031    0.016143    0.000896  
      1.732400  3.445467 17.483794     0.000162    0.007045   -0.034816  
 
  30 f  =    2.751436 THz    17.287784 2PiTHz   91.778037 cm-1    11.379021 meV
             X         Y         Z           dx          dy          dz
      1.732400  4.346127  5.088808            0           0           0  
      1.732400 10.645227  5.088808            0           0           0  
      0.000000  1.269899  5.712453            0           0           0  
      0.000000  7.568998  5.712453            0           0           0  
      1.732400  2.151017  8.653465            0           0           0  
      1.732400  8.450117  8.653465            0           0           0  
      0.000000  5.362298  9.280790            0           0           0  
      0.000000 11.661398  9.280790            0           0           0  
      0.000000  2.079324 12.248772     0.000001   -0.034015    0.000160  
      0.000000  8.401579 12.181999     0.000006    0.018801   -0.004124  
      1.732400  5.157507 12.844442    -0.000001    0.005911    0.012774  
      1.732400 11.508795 12.798810     0.000002   -0.002264   -0.012732  
      0.000000  4.347685 15.764534    -0.000005    0.003276   -0.016846  
      0.000000 10.578626 15.765049     0.000003   -0.003563    0.015004  
      1.732400  1.000518 16.451639     0.000008   -0.027366    0.003325  
      1.732400  7.420255 16.373267    -0.000014    0.040458    0.003028  
      0.000000  3.736248  7.090247            0           0           0  
      0.000000 10.035348  7.090247            0           0           0  
      1.732400  5.982003  7.278785            0           0           0  
      1.732400 12.281103  7.278785            0           0           0  
      1.732400  2.673855 14.271283     0.000001   -0.022661   -0.002062  
      1.732400  9.030864 14.179007     0.000003    0.020208   -0.003633  
      0.000000  0.462529 14.415654     0.000005   -0.022495    0.002490  
      0.000000  6.785137 14.380433    -0.000008    0.024350    0.003779  
      1.732400  3.445467 17.483794    -0.000002   -0.014350   -0.025163  
 
  31 f  =    2.543278 THz    15.979886 2PiTHz   84.834618 cm-1    10.518147 meV
             X         Y         Z           dx          dy          dz
      1.732400  4.346127  5.088808            0           0           0  
      1.732400 10.645227  5.088808            0           0           0  
      0.000000  1.269899  5.712453            0           0           0  
      0.000000  7.568998  5.712453            0           0           0  
      1.732400  2.151017  8.653465            0           0           0  
      1.732400  8.450117  8.653465            0           0           0  
      0.000000  5.362298  9.280790            0           0           0  
      0.000000 11.661398  9.280790            0           0           0  
      0.000000  2.079324 12.248772     0.034397   -0.000035   -0.000013  
      0.000000  8.401579 12.181999     0.032126   -0.000076   -0.000011  
      1.732400  5.157507 12.844442     0.005528    0.000010   -0.000002  
      1.732400 11.508795 12.798810    -0.002743   -0.000008    0.000013  
      0.000000  4.347685 15.764534     0.007718    0.000005   -0.000014  
      0.000000 10.578626 15.765049    -0.000749    0.000002   -0.000014  
      1.732400  1.000518 16.451639    -0.036092    0.000058    0.000007  
      1.732400  7.420255 16.373267    -0.035759    0.000047    0.000015  
      0.000000  3.736248  7.090247            0           0           0  
      0.000000 10.035348  7.090247            0           0           0  
      1.732400  5.982003  7.278785            0           0           0  
      1.732400 12.281103  7.278785            0           0           0  
      1.732400  2.673855 14.271283     0.020093    0.000008   -0.000020  
      1.732400  9.030864 14.179007     0.024180   -0.000010   -0.000016  
      0.000000  0.462529 14.415654    -0.021369    0.000009    0.000016  
      0.000000  6.785137 14.380433    -0.024367   -0.000005    0.000021  
      1.732400  3.445467 17.483794     0.009976    0.000054    0.000008  
 
  32 f  =    2.514278 THz    15.797675 2PiTHz   83.867291 cm-1    10.398214 meV
             X         Y         Z           dx          dy          dz
      1.732400  4.346127  5.088808            0           0           0  
      1.732400 10.645227  5.088808            0           0           0  
      0.000000  1.269899  5.712453            0           0           0  
      0.000000  7.568998  5.712453            0           0           0  
      1.732400  2.151017  8.653465            0           0           0  
      1.732400  8.450117  8.653465            0           0           0  
      0.000000  5.362298  9.280790            0           0           0  
      0.000000 11.661398  9.280790            0           0           0  
      0.000000  2.079324 12.248772     0.000051    0.033265    0.009609  
      0.000000  8.401579 12.181999     0.000039    0.045014    0.008941  
      1.732400  5.157507 12.844442     0.000011   -0.002601   -0.005750  
      1.732400 11.508795 12.798810    -0.000001    0.002354   -0.010461  
      0.000000  4.347685 15.764534     0.000014   -0.000665    0.006047  
      0.000000 10.578626 15.765049     0.000001   -0.001327    0.011348  
      1.732400  1.000518 16.451639    -0.000049   -0.042892   -0.010200  
      1.732400  7.420255 16.373267    -0.000054   -0.028484   -0.009747  
      0.000000  3.736248  7.090247            0           0           0  
      0.000000 10.035348  7.090247            0           0           0  
      1.732400  5.982003  7.278785            0           0           0  
      1.732400 12.281103  7.278785            0           0           0  
      1.732400  2.673855 14.271283     0.000030   -0.001373    0.014308  
      1.732400  9.030864 14.179007     0.000028    0.007134    0.013623  
      0.000000  0.462529 14.415654    -0.000029   -0.006357   -0.014357  
      0.000000  6.785137 14.380433    -0.000039   -0.000261   -0.013990  
      1.732400  3.445467 17.483794     0.000016   -0.039267   -0.015260  
 
  33 f  =    1.838134 THz    11.549337 2PiTHz   61.313552 cm-1     7.601908 meV
             X         Y         Z           dx          dy          dz
      1.732400  4.346127  5.088808            0           0           0  
      1.732400 10.645227  5.088808            0           0           0  
      0.000000  1.269899  5.712453            0           0           0  
      0.000000  7.568998  5.712453            0           0           0  
      1.732400  2.151017  8.653465            0           0           0  
      1.732400  8.450117  8.653465            0           0           0  
      0.000000  5.362298  9.280790            0           0           0  
      0.000000 11.661398  9.280790            0           0           0  
      0.000000  2.079324 12.248772     0.029344   -0.000005   -0.000002  
      0.000000  8.401579 12.181999    -0.030552   -0.000003   -0.000003  
      1.732400  5.157507 12.844442    -0.010218   -0.000006    0.000004  
      1.732400 11.508795 12.798810     0.012218    0.000005   -0.000000  
      0.000000  4.347685 15.764534     0.016847   -0.000003    0.000005  
      0.000000 10.578626 15.765049    -0.015769    0.000002   -0.000010  
      1.732400  1.000518 16.451639     0.027385    0.000009    0.000006  
      1.732400  7.420255 16.373267    -0.027591   -0.000001   -0.000006  
      0.000000  3.736248  7.090247            0           0           0  
      0.000000 10.035348  7.090247            0           0           0  
      1.732400  5.982003  7.278785            0           0           0  
      1.732400 12.281103  7.278785            0           0           0  
      1.732400  2.673855 14.271283     0.025513    0.000002    0.000002  
      1.732400  9.030864 14.179007    -0.026965   -0.000001   -0.000005  
      0.000000  0.462529 14.415654     0.024486    0.000003    0.000003  
      0.000000  6.785137 14.380433    -0.024750   -0.000003   -0.000002  
      1.732400  3.445467 17.483794     0.016747    0.000009    0.000010  
 
  34 f  =    1.647266 THz    10.350076 2PiTHz   54.946873 cm-1     6.812541 meV
             X         Y         Z           dx          dy          dz
      1.732400  4.346127  5.088808            0           0           0  
      1.732400 10.645227  5.088808            0           0           0  
      0.000000  1.269899  5.712453            0           0           0  
      0.000000  7.568998  5.712453            0           0           0  
      1.732400  2.151017  8.653465            0           0           0  
      1.732400  8.450117  8.653465            0           0           0  
      0.000000  5.362298  9.280790            0           0           0  
      0.000000 11.661398  9.280790            0           0           0  
      0.000000  2.079324 12.248772    -0.022881   -0.000002    0.000006  
      0.000000  8.401579 12.181999     0.023722    0.000007   -0.000007  
      1.732400  5.157507 12.844442    -0.022649   -0.000010   -0.000010  
      1.732400 11.508795 12.798810     0.020957    0.000008    0.000014  
      0.000000  4.347685 15.764534    -0.021859    0.000005   -0.000002  
      0.000000 10.578626 15.765049     0.022371   -0.000004    0.000003  
      1.732400  1.000518 16.451639     0.027872    0.000007    0.000007  
      1.732400  7.420255 16.373267    -0.028949   -0.000011   -0.000011  
      0.000000  3.736248  7.090247            0           0           0  
      0.000000 10.035348  7.090247            0           0           0  
      1.732400  5.982003  7.278785            0           0           0  
      1.732400 12.281103  7.278785            0           0           0  
      1.732400  2.673855 14.271283    -0.020332    0.000003    0.000005  
      1.732400  9.030864 14.179007     0.023794   -0.000007   -0.000003  
      0.000000  0.462529 14.415654     0.024360    0.000008    0.000012  
      0.000000  6.785137 14.380433    -0.025188   -0.000006   -0.000012  
      1.732400  3.445467 17.483794    -0.022965    0.000009   -0.000001  
 
  35 f  =    1.383360 THz     8.691908 2PiTHz   46.143928 cm-1     5.721115 meV
             X         Y         Z           dx          dy          dz
      1.732400  4.346127  5.088808            0           0           0  
      1.732400 10.645227  5.088808            0           0           0  
      0.000000  1.269899  5.712453            0           0           0  
      0.000000  7.568998  5.712453            0           0           0  
      1.732400  2.151017  8.653465            0           0           0  
      1.732400  8.450117  8.653465            0           0           0  
      0.000000  5.362298  9.280790            0           0           0  
      0.000000 11.661398  9.280790            0           0           0  
      0.000000  2.079324 12.248772    -0.000009    0.027679    0.000459  
      0.000000  8.401579 12.181999     0.000006   -0.029098   -0.001306  
      1.732400  5.157507 12.844442    -0.000006    0.003605    0.026570  
      1.732400 11.508795 12.798810     0.000010   -0.003082   -0.025802  
      0.000000  4.347685 15.764534    -0.000008   -0.002469    0.027938  
      0.000000 10.578626 15.765049     0.000011    0.003258   -0.025898  
      1.732400  1.000518 16.451639     0.000011   -0.025463   -0.015466  
      1.732400  7.420255 16.373267    -0.000004    0.025586    0.013235  
      0.000000  3.736248  7.090247            0           0           0  
      0.000000 10.035348  7.090247            0           0           0  
      1.732400  5.982003  7.278785            0           0           0  
      1.732400 12.281103  7.278785            0           0           0  
      1.732400  2.673855 14.271283    -0.000006    0.002651    0.008989  
      1.732400  9.030864 14.179007     0.000003   -0.002693   -0.010327  
      0.000000  0.462529 14.415654     0.000011   -0.000203   -0.021325  
      0.000000  6.785137 14.380433    -0.000004    0.000697    0.020927  
      1.732400  3.445467 17.483794    -0.000010   -0.036151    0.008523  
 
  36 f  =    1.244553 THz     7.819755 2PiTHz   41.513809 cm-1     5.147054 meV
             X         Y         Z           dx          dy          dz
      1.732400  4.346127  5.088808            0           0           0  
      1.732400 10.645227  5.088808            0           0           0  
      0.000000  1.269899  5.712453            0           0           0  
      0.000000  7.568998  5.712453            0           0           0  
      1.732400  2.151017  8.653465            0           0           0  
      1.732400  8.450117  8.653465            0           0           0  
      0.000000  5.362298  9.280790            0           0           0  
      0.000000 11.661398  9.280790            0           0           0  
      0.000000  2.079324 12.248772    -0.000005   -0.004457   -0.028776  
      0.000000  8.401579 12.181999     0.000001    0.005214    0.028181  
      1.732400  5.157507 12.844442    -0.000008    0.014578    0.001910  
      1.732400 11.508795 12.798810     0.000011   -0.014360   -0.002133  
      0.000000  4.347685 15.764534    -0.000002   -0.013114   -0.012430  
      0.000000 10.578626 15.765049     0.000005    0.013292    0.014017  
      1.732400  1.000518 16.451639     0.000013    0.008862   -0.026123  
      1.732400  7.420255 16.373267    -0.000008   -0.009695    0.025623  
      0.000000  3.736248  7.090247            0           0           0  
      0.000000 10.035348  7.090247            0           0           0  
      1.732400  5.982003  7.278785            0           0           0  
      1.732400 12.281103  7.278785            0           0           0  
      1.732400  2.673855 14.271283    -0.000003   -0.000124   -0.027993  
      1.732400  9.030864 14.179007     0.000001    0.000553    0.028152  
      0.000000  0.462529 14.415654     0.000011    0.000068   -0.021195  
      0.000000  6.785137 14.380433    -0.000007    0.000530    0.020563  
      1.732400  3.445467 17.483794    -0.000002   -0.001252   -0.005451  
 
  37 f  =    0.454698 THz     2.856953 2PiTHz   15.167098 cm-1     1.880480 meV
             X         Y         Z           dx          dy          dz
      1.732400  4.346127  5.088808            0           0           0  
      1.732400 10.645227  5.088808            0           0           0  
      0.000000  1.269899  5.712453            0           0           0  
      0.000000  7.568998  5.712453            0           0           0  
      1.732400  2.151017  8.653465            0           0           0  
      1.732400  8.450117  8.653465            0           0           0  
      0.000000  5.362298  9.280790            0           0           0  
      0.000000 11.661398  9.280790            0           0           0  
      0.000000  2.079324 12.248772     0.000036    0.000499   -0.023820  
      0.000000  8.401579 12.181999     0.000039    0.000771   -0.023915  
      1.732400  5.157507 12.844442     0.000040    0.000721   -0.023103  
      1.732400 11.508795 12.798810     0.000037    0.000787   -0.022493  
      0.000000  4.347685 15.764534     0.000039    0.000752   -0.024253  
      0.000000 10.578626 15.765049     0.000042    0.000688   -0.023809  
      1.732400  1.000518 16.451639     0.000041    0.000953   -0.023938  
      1.732400  7.420255 16.373267     0.000043    0.000750   -0.024228  
      0.000000  3.736248  7.090247            0           0           0  
      0.000000 10.035348  7.090247            0           0           0  
      1.732400  5.982003  7.278785            0           0           0  
      1.732400 12.281103  7.278785            0           0           0  
      1.732400  2.673855 14.271283     0.000037    0.000764   -0.024016  
      1.732400  9.030864 14.179007     0.000038    0.000787   -0.024043  
      0.000000  0.462529 14.415654     0.000040    0.000709   -0.023691  
      0.000000  6.785137 14.380433     0.000041    0.000783   -0.024076  
      1.732400  3.445467 17.483794     0.000040    0.001045   -0.023995  
 
  38 f  =    0.347070 THz     2.180704 2PiTHz   11.577005 cm-1     1.435365 meV
             X         Y         Z           dx          dy          dz
      1.732400  4.346127  5.088808            0           0           0  
      1.732400 10.645227  5.088808            0           0           0  
      0.000000  1.269899  5.712453            0           0           0  
      0.000000  7.568998  5.712453            0           0           0  
      1.732400  2.151017  8.653465            0           0           0  
      1.732400  8.450117  8.653465            0           0           0  
      0.000000  5.362298  9.280790            0           0           0  
      0.000000 11.661398  9.280790            0           0           0  
      0.000000  2.079324 12.248772    -0.023588    0.000002   -0.000040  
      0.000000  8.401579 12.181999    -0.023441    0.000000   -0.000039  
      1.732400  5.157507 12.844442    -0.023408    0.000002   -0.000037  
      1.732400 11.508795 12.798810    -0.023246    0.000001   -0.000038  
      0.000000  4.347685 15.764534    -0.024185    0.000001   -0.000040  
      0.000000 10.578626 15.765049    -0.024051    0.000000   -0.000040  
      1.732400  1.000518 16.451639    -0.024129    0.000001   -0.000041  
      1.732400  7.420255 16.373267    -0.024318    0.000003   -0.000038  
      0.000000  3.736248  7.090247            0           0           0  
      0.000000 10.035348  7.090247            0           0           0  
      1.732400  5.982003  7.278785            0           0           0  
      1.732400 12.281103  7.278785            0           0           0  
      1.732400  2.673855 14.271283    -0.023820    0.000002   -0.000041  
      1.732400  9.030864 14.179007    -0.023597    0.000001   -0.000040  
      0.000000  0.462529 14.415654    -0.023882    0.000001   -0.000040  
      0.000000  6.785137 14.380433    -0.024098    0.000001   -0.000037  
      1.732400  3.445467 17.483794    -0.024185    0.000002   -0.000041  
 
  39 f  =    0.003901 THz     0.024510 2PiTHz    0.130118 cm-1     0.016133 meV
             X         Y         Z           dx          dy          dz
      1.732400  4.346127  5.088808            0           0           0  
      1.732400 10.645227  5.088808            0           0           0  
      0.000000  1.269899  5.712453            0           0           0  
      0.000000  7.568998  5.712453            0           0           0  
      1.732400  2.151017  8.653465            0           0           0  
      1.732400  8.450117  8.653465            0           0           0  
      0.000000  5.362298  9.280790            0           0           0  
      0.000000 11.661398  9.280790            0           0           0  
      0.000000  2.079324 12.248772     0.000001   -0.023700   -0.000835  
      0.000000  8.401579 12.181999     0.000001   -0.023370   -0.000493  
      1.732400  5.157507 12.844442     0.000000   -0.023891   -0.000932  
      1.732400 11.508795 12.798810    -0.000000   -0.023993   -0.000814  
      0.000000  4.347685 15.764534     0.000000   -0.023867   -0.000851  
      0.000000 10.578626 15.765049    -0.000001   -0.023696   -0.000625  
      1.732400  1.000518 16.451639    -0.000002   -0.023749   -0.000822  
      1.732400  7.420255 16.373267    -0.000001   -0.024025   -0.000691  
      0.000000  3.736248  7.090247            0           0           0  
      0.000000 10.035348  7.090247            0           0           0  
      1.732400  5.982003  7.278785            0           0           0  
      1.732400 12.281103  7.278785            0           0           0  
      1.732400  2.673855 14.271283     0.000000   -0.023849   -0.000849  
      1.732400  9.030864 14.179007     0.000000   -0.023814   -0.000495  
      0.000000  0.462529 14.415654    -0.000001   -0.023834   -0.000852  
      0.000000  6.785137 14.380433    -0.000001   -0.023864   -0.000767  
      1.732400  3.445467 17.483794     0.000000   -0.023772   -0.000810  
 
