 Eigenvectors and eigenvalues of the dynamical matrix
 ----------------------------------------------------
 
 
   1 f  =   29.413565 THz   184.810876 2PiTHz  981.130904 cm-1   121.644674 meV
             X         Y         Z           dx          dy          dz
      1.359359  4.058911  1.882365    -0.000006   -0.000073    0.000413  
      4.075742  1.603531  5.788193     0.000008   -0.004551    0.000067  
      4.126757  1.285466  1.935393     0.000003    0.000057   -0.000231  
      1.309109  4.377480  5.731473     0.000006    0.004499   -0.000223  
     -0.071366  0.016473  5.720456     0.074318   -0.069112    0.000646  
      5.467553  5.446800  1.989037    -0.021384    0.021316   -0.000298  
      5.451280  2.797629  5.815926     0.074199    0.069190    0.001140  
      5.494869  2.731192  1.967086    -0.021392   -0.021307   -0.000210  
      1.283347  4.173243  7.675536     0.000884    0.005324   -0.066985  
      4.050858  1.366592  7.718108    -0.000857   -0.005289    0.065464  
      4.101373  1.410232  3.861672     0.000845   -0.005039   -0.063837  
      1.333865  4.146956  3.819900    -0.000857    0.005584    0.065282  
      2.784869  5.446789  1.953581     0.021384    0.021314    0.000265  
      2.694323  0.011092  5.756782    -0.074355   -0.068888   -0.001297  
      2.758136  2.731195  1.930957     0.021388   -0.021302    0.000352  
      2.695254  2.792248  5.779734    -0.074306    0.069010   -0.000802  
      4.120486  4.079964  2.406090     0.000001   -0.000070   -0.000020  
 
   2 f  =   26.721784 THz   167.897923 2PiTHz  891.342781 cm-1   110.512370 meV
             X         Y         Z           dx          dy          dz
      1.359359  4.058911  1.882365     0.000001   -0.001216   -0.000036  
      4.075742  1.603531  5.788193     0.000010   -0.004075   -0.000173  
      4.126757  1.285466  1.935393    -0.000001    0.001311   -0.000053  
      1.309109  4.377480  5.731473    -0.000003    0.004131    0.000415  
     -0.071366  0.016473  5.720456     0.041632   -0.038262    0.000223  
      5.467553  5.446800  1.989037     0.073087   -0.072482    0.000921  
      5.451280  2.797629  5.815926     0.041579    0.038277    0.000561  
      5.494869  2.731192  1.967086     0.072803    0.072644    0.000535  
      1.283347  4.173243  7.675536    -0.000586   -0.003880    0.044105  
      4.050858  1.366592  7.718108     0.000492    0.002659   -0.037971  
      4.101373  1.410232  3.861672    -0.000518    0.003400    0.038685  
      1.333865  4.146956  3.819900     0.000586   -0.003618   -0.045049  
      2.784869  5.446789  1.953581    -0.073083   -0.072476   -0.001003  
      2.694323  0.011092  5.756782    -0.041639   -0.038095   -0.000865  
      2.758136  2.731195  1.930957    -0.072782    0.072631   -0.001379  
      2.695254  2.792248  5.779734    -0.041654    0.038154   -0.000529  
      4.120486  4.079964  2.406090    -0.000004   -0.001892    0.000101  
 
   3 f  =   26.500044 THz   166.504687 2PiTHz  883.946322 cm-1   109.595327 meV
             X         Y         Z           dx          dy          dz
      1.359359  4.058911  1.882365     0.000015    0.000862   -0.001144  
      4.075742  1.603531  5.788193    -0.000006    0.001369    0.000273  
      4.126757  1.285466  1.935393     0.000007    0.000782   -0.000631  
      1.309109  4.377480  5.731473    -0.000008    0.001266    0.000753  
     -0.071366  0.016473  5.720456    -0.002209    0.001184   -0.000969  
      5.467553  5.446800  1.989037    -0.000479    0.002868   -0.001029  
      5.451280  2.797629  5.815926     0.001144    0.000431   -0.000360  
      5.494869  2.731192  1.967086    -0.001784   -0.003382   -0.000427  
      1.283347  4.173243  7.675536    -0.001670   -0.012710    0.125993  
      4.050858  1.366592  7.718108    -0.001664   -0.012836    0.127996  
      4.101373  1.410232  3.861672     0.001633   -0.012713   -0.122469  
      1.333865  4.146956  3.819900     0.001568   -0.012889   -0.120049  
      2.784869  5.446789  1.953581     0.000506    0.002868   -0.001015  
      2.694323  0.011092  5.756782     0.002271    0.001149   -0.000913  
      2.758136  2.731195  1.930957     0.001793   -0.003380   -0.000381  
      2.695254  2.792248  5.779734    -0.001167    0.000396   -0.000388  
      4.120486  4.079964  2.406090    -0.000093   -0.000473    0.006966  
 
   4 f  =   22.486294 THz   141.285550 2PiTHz  750.062019 cm-1    92.995796 meV
             X         Y         Z           dx          dy          dz
      1.359359  4.058911  1.882365     0.000103   -0.000001    0.000002  
      4.075742  1.603531  5.788193    -0.015962   -0.000046   -0.000209  
      4.126757  1.285466  1.935393    -0.000131    0.000001   -0.000001  
      1.309109  4.377480  5.731473     0.015969   -0.000055    0.000209  
     -0.071366  0.016473  5.720456    -0.088997    0.078074   -0.000436  
      5.467553  5.446800  1.989037    -0.004723    0.004930   -0.000142  
      5.451280  2.797629  5.815926     0.089605    0.079173    0.001738  
      5.494869  2.731192  1.967086     0.005507    0.005334   -0.000025  
      1.283347  4.173243  7.675536    -0.006782   -0.000027   -0.000134  
      4.050858  1.366592  7.718108     0.006215   -0.000053    0.000091  
      4.101373  1.410232  3.861672     0.006339   -0.000048    0.000037  
      1.333865  4.146956  3.819900    -0.006670   -0.000042   -0.000051  
      2.784869  5.446789  1.953581    -0.004747   -0.004963    0.000019  
      2.694323  0.011092  5.756782    -0.088496   -0.077447   -0.001858  
      2.758136  2.731195  1.930957     0.005437   -0.005274    0.000174  
      2.695254  2.792248  5.779734     0.089126   -0.078493    0.000596  
      4.120486  4.079964  2.406090    -0.004213   -0.000004   -0.000061  
 
   5 f  =   20.929226 THz   131.502207 2PiTHz  698.123844 cm-1    86.556286 meV
             X         Y         Z           dx          dy          dz
      1.359359  4.058911  1.882365     0.000002    0.000288   -0.000333  
      4.075742  1.603531  5.788193    -0.000081    0.007393    0.000055  
      4.126757  1.285466  1.935393     0.000005   -0.000048   -0.000208  
      1.309109  4.377480  5.731473     0.000061    0.007810   -0.000007  
     -0.071366  0.016473  5.720456     0.105046   -0.061413   -0.000205  
      5.467553  5.446800  1.989037     0.007489   -0.003349   -0.000595  
      5.451280  2.797629  5.815926    -0.103949   -0.060849   -0.003429  
      5.494869  2.731192  1.967086    -0.008267   -0.004842   -0.000704  
      1.283347  4.173243  7.675536    -0.000113    0.019115    0.008767  
      4.050858  1.366592  7.718108    -0.000112    0.020356    0.005128  
      4.101373  1.410232  3.861672    -0.000050    0.021912    0.000825  
      1.333865  4.146956  3.819900     0.000016    0.021034   -0.000118  
      2.784869  5.446789  1.953581    -0.007543   -0.003412   -0.000792  
      2.694323  0.011092  5.756782    -0.105670   -0.061415   -0.002950  
      2.758136  2.731195  1.930957     0.008366   -0.004935   -0.000484  
      2.695254  2.792248  5.779734     0.104959   -0.061158   -0.000716  
      4.120486  4.079964  2.406090    -0.000037    0.004035    0.002554  
 
   6 f  =   19.926694 THz   125.203112 2PiTHz  664.682969 cm-1    82.410148 meV
             X         Y         Z           dx          dy          dz
      1.359359  4.058911  1.882365     0.005654   -0.000005    0.000076  
      4.075742  1.603531  5.788193    -0.001721    0.000004   -0.000022  
      4.126757  1.285466  1.935393    -0.005347    0.000009   -0.000071  
      1.309109  4.377480  5.731473     0.001512   -0.000004    0.000019  
     -0.071366  0.016473  5.720456    -0.003368    0.001907   -0.000116  
      5.467553  5.446800  1.989037     0.091431   -0.088870    0.000755  
      5.451280  2.797629  5.815926     0.005427    0.004951   -0.000029  
      5.494869  2.731192  1.967086    -0.083342   -0.084445   -0.000664  
      1.283347  4.173243  7.675536    -0.009079    0.000031   -0.000172  
      4.050858  1.366592  7.718108     0.007205   -0.000012    0.000141  
      4.101373  1.410232  3.861672     0.006888    0.000001    0.000042  
      1.333865  4.146956  3.819900    -0.010382    0.000022   -0.000094  
      2.784869  5.446789  1.953581     0.091307    0.088792    0.001645  
      2.694323  0.011092  5.756782    -0.003397   -0.001893    0.000031  
      2.758136  2.731195  1.930957    -0.083315    0.084465   -0.001516  
      2.695254  2.792248  5.779734     0.005530   -0.004977    0.000170  
      4.120486  4.079964  2.406090    -0.042445   -0.000048   -0.000559  
 
   7 f  =   19.458883 THz   122.263767 2PiTHz  649.078464 cm-1    80.475437 meV
             X         Y         Z           dx          dy          dz
      1.359359  4.058911  1.882365     0.000035    0.004072   -0.002830  
      4.075742  1.603531  5.788193    -0.000089   -0.008779   -0.000286  
      4.126757  1.285466  1.935393    -0.000029   -0.004291    0.001430  
      1.309109  4.377480  5.731473    -0.000105    0.008446    0.001274  
     -0.071366  0.016473  5.720456     0.030358   -0.026550   -0.001957  
      5.467553  5.446800  1.989037    -0.044859    0.040227   -0.000120  
      5.451280  2.797629  5.815926     0.034110    0.028305   -0.000479  
      5.494869  2.731192  1.967086    -0.044129   -0.045962   -0.000395  
      1.283347  4.173243  7.675536    -0.001835   -0.022847    0.108657  
      4.050858  1.366592  7.718108     0.000986    0.023446   -0.104542  
      4.101373  1.410232  3.861672    -0.001501    0.022903    0.083073  
      1.333865  4.146956  3.819900     0.000580   -0.021546   -0.076754  
      2.784869  5.446789  1.953581     0.045198    0.040885    0.001067  
      2.694323  0.011092  5.756782    -0.028692   -0.023873   -0.002716  
      2.758136  2.731195  1.930957     0.044410   -0.046570    0.000774  
      2.695254  2.792248  5.779734    -0.032413    0.025552   -0.001382  
      4.120486  4.079964  2.406090    -0.000141    0.033124   -0.001220  
 
   8 f  =   19.304118 THz   121.291348 2PiTHz  643.916053 cm-1    79.835380 meV
             X         Y         Z           dx          dy          dz
      1.359359  4.058911  1.882365    -0.000326   -0.000060    0.000028  
      4.075742  1.603531  5.788193    -0.007711    0.000104   -0.000096  
      4.126757  1.285466  1.935393    -0.000968    0.000061   -0.000038  
      1.309109  4.377480  5.731473    -0.008017   -0.000106   -0.000122  
     -0.071366  0.016473  5.720456     0.065821   -0.095740    0.000323  
      5.467553  5.446800  1.989037     0.011954   -0.025151    0.000262  
      5.451280  2.797629  5.815926     0.064738    0.094379    0.002034  
      5.494869  2.731192  1.967086     0.016702    0.030594    0.000047  
      1.283347  4.173243  7.675536    -0.029107    0.000334   -0.001701  
      4.050858  1.366592  7.718108    -0.028121   -0.000410    0.001143  
      4.101373  1.410232  3.861672    -0.029832   -0.000403   -0.001343  
      1.333865  4.146956  3.819900    -0.031285    0.000327    0.000739  
      2.784869  5.446789  1.953581     0.010871    0.024137   -0.000047  
      2.694323  0.011092  5.756782     0.067273    0.096179    0.001341  
      2.758136  2.731195  1.930957     0.015475   -0.029331    0.000293  
      2.695254  2.792248  5.779734     0.065957   -0.094701   -0.000435  
      4.120486  4.079964  2.406090    -0.012912   -0.000526   -0.000172  
 
   9 f  =   18.377143 THz   115.466996 2PiTHz  612.995512 cm-1    76.001723 meV
             X         Y         Z           dx          dy          dz
      1.359359  4.058911  1.882365    -0.000019    0.005064    0.001272  
      4.075742  1.603531  5.788193    -0.000006   -0.001210    0.000333  
      4.126757  1.285466  1.935393    -0.000010    0.000994    0.000896  
      1.309109  4.377480  5.731473    -0.000016   -0.001146    0.000347  
     -0.071366  0.016473  5.720456    -0.010547    0.006106    0.013391  
      5.467553  5.446800  1.989037     0.102192   -0.049883    0.014981  
      5.451280  2.797629  5.815926     0.009055    0.005481    0.013254  
      5.494869  2.731192  1.967086    -0.101526   -0.047526    0.012539  
      1.283347  4.173243  7.675536     0.000452    0.026426   -0.035894  
      4.050858  1.366592  7.718108     0.000359    0.030673   -0.028489  
      4.101373  1.410232  3.861672     0.000496    0.029707   -0.038189  
      1.333865  4.146956  3.819900     0.000476    0.022458   -0.038203  
      2.784869  5.446789  1.953581    -0.102593   -0.049920    0.012291  
      2.694323  0.011092  5.756782     0.010363    0.006243    0.013661  
      2.758136  2.731195  1.930957     0.101211   -0.047575    0.015208  
      2.695254  2.792248  5.779734    -0.009359    0.005317    0.013011  
      4.120486  4.079964  2.406090     0.000024    0.053275   -0.000788  
 
  10 f  =   18.255494 THz   114.702652 2PiTHz  608.937737 cm-1    75.498623 meV
             X         Y         Z           dx          dy          dz
      1.359359  4.058911  1.882365    -0.000039   -0.001594    0.003363  
      4.075742  1.603531  5.788193    -0.000031    0.000472    0.000597  
      4.126757  1.285466  1.935393    -0.000025   -0.000267    0.003352  
      1.309109  4.377480  5.731473    -0.000030    0.001175    0.000890  
     -0.071366  0.016473  5.720456     0.007749   -0.004958    0.040299  
      5.467553  5.446800  1.989037    -0.038115    0.016075    0.039070  
      5.451280  2.797629  5.815926    -0.006506   -0.002835    0.040289  
      5.494869  2.731192  1.967086     0.030277    0.015841    0.040341  
      1.283347  4.173243  7.675536     0.001388   -0.000923   -0.099705  
      4.050858  1.366592  7.718108     0.001374   -0.001516   -0.101751  
      4.101373  1.410232  3.861672     0.001386   -0.018119   -0.100112  
      1.333865  4.146956  3.819900     0.001527   -0.018448   -0.110515  
      2.784869  5.446789  1.953581     0.036727    0.015351    0.040052  
      2.694323  0.011092  5.756782    -0.008527   -0.004505    0.040069  
      2.758136  2.731195  1.930957    -0.031731    0.016654    0.039534  
      2.695254  2.792248  5.779734     0.005792   -0.003266    0.040425  
      4.120486  4.079964  2.406090     0.000285   -0.018506   -0.005796  
 
  11 f  =   18.175922 THz   114.202685 2PiTHz  606.283493 cm-1    75.169539 meV
             X         Y         Z           dx          dy          dz
      1.359359  4.058911  1.882365    -0.001019   -0.000001    0.000001  
      4.075742  1.603531  5.788193     0.003064    0.000001    0.000041  
      4.126757  1.285466  1.935393    -0.005107   -0.000005   -0.000052  
      1.309109  4.377480  5.731473     0.003013    0.000006    0.000042  
     -0.071366  0.016473  5.720456    -0.019909    0.029133   -0.000278  
      5.467553  5.446800  1.989037     0.046948   -0.098232    0.000936  
      5.451280  2.797629  5.815926    -0.021361   -0.030303   -0.000600  
      5.494869  2.731192  1.967086     0.053975    0.108172    0.000126  
      1.283347  4.173243  7.675536    -0.024829   -0.000032   -0.000697  
      4.050858  1.366592  7.718108    -0.019882    0.000037   -0.000700  
      4.101373  1.410232  3.861672    -0.021985   -0.000027   -0.000663  
      1.333865  4.146956  3.819900    -0.028312   -0.000100   -0.000852  
      2.784869  5.446789  1.953581     0.047255    0.098377    0.000607  
      2.694323  0.011092  5.756782    -0.020217   -0.029077    0.000107  
      2.758136  2.731195  1.930957     0.053760   -0.108121    0.001581  
      2.695254  2.792248  5.779734    -0.021493    0.030156    0.000389  
      4.120486  4.079964  2.406090    -0.062486   -0.000004   -0.000835  
 
  12 f  =   16.693749 THz   104.889916 2PiTHz  556.843517 cm-1    69.039766 meV
             X         Y         Z           dx          dy          dz
      1.359359  4.058911  1.882365    -0.000070    0.001878    0.004961  
      4.075742  1.603531  5.788193     0.000020   -0.001461   -0.001455  
      4.126757  1.285466  1.935393     0.000074   -0.002421   -0.005229  
      1.309109  4.377480  5.731473    -0.000019    0.001556    0.001816  
     -0.071366  0.016473  5.720456     0.002554   -0.001448    0.009077  
      5.467553  5.446800  1.989037    -0.009958   -0.000136   -0.000950  
      5.451280  2.797629  5.815926     0.001474    0.001739   -0.012011  
      5.494869  2.731192  1.967086     0.001455   -0.007226   -0.001232  
      1.283347  4.173243  7.675536     0.001487    0.004658   -0.110570  
      4.050858  1.366592  7.718108    -0.001511   -0.006074    0.115288  
      4.101373  1.410232  3.861672    -0.001787    0.018863    0.131467  
      1.333865  4.146956  3.819900     0.001664   -0.019281   -0.126966  
      2.784869  5.446789  1.953581     0.009973   -0.000113   -0.000682  
      2.694323  0.011092  5.756782    -0.002828   -0.001450    0.008990  
      2.758136  2.731195  1.930957    -0.001463   -0.007207   -0.001269  
      2.695254  2.792248  5.779734    -0.001159    0.001706   -0.012036  
      4.120486  4.079964  2.406090     0.000134    0.055810   -0.000258  
 
  13 f  =   16.404938 THz   103.075266 2PiTHz  547.209834 cm-1    67.845342 meV
             X         Y         Z           dx          dy          dz
      1.359359  4.058911  1.882365     0.011987   -0.000044    0.000160  
      4.075742  1.603531  5.788193    -0.000273   -0.000004   -0.000006  
      4.126757  1.285466  1.935393    -0.008837    0.000057   -0.000123  
      1.309109  4.377480  5.731473     0.000088    0.000005    0.000005  
     -0.071366  0.016473  5.720456     0.002712   -0.003354   -0.000823  
      5.467553  5.446800  1.989037     0.013564    0.046000   -0.003317  
      5.451280  2.797629  5.815926    -0.001629   -0.000986   -0.000825  
      5.494869  2.731192  1.967086     0.032528   -0.021022   -0.003455  
      1.283347  4.173243  7.675536    -0.006305    0.000072   -0.000136  
      4.050858  1.366592  7.718108     0.015369   -0.000030    0.000276  
      4.101373  1.410232  3.861672     0.014122   -0.000032    0.000402  
      1.333865  4.146956  3.819900    -0.012067    0.000037   -0.000342  
      2.784869  5.446789  1.953581     0.013229   -0.045682    0.003642  
      2.694323  0.011092  5.756782     0.002659    0.003312    0.000895  
      2.758136  2.731195  1.930957     0.032795    0.021189    0.004367  
      2.695254  2.792248  5.779734    -0.001679    0.001014    0.000743  
      4.120486  4.079964  2.406090    -0.370590   -0.001797   -0.004894  
 
  14 f  =   16.393513 THz   103.003481 2PiTHz  546.828737 cm-1    67.798092 meV
             X         Y         Z           dx          dy          dz
      1.359359  4.058911  1.882365    -0.000064   -0.009150    0.000212  
      4.075742  1.603531  5.788193     0.000011   -0.000506   -0.000437  
      4.126757  1.285466  1.935393     0.000055    0.012121   -0.000769  
      1.309109  4.377480  5.731473    -0.000004    0.000488    0.000607  
     -0.071366  0.016473  5.720456     0.003393   -0.002605    0.000141  
      5.467553  5.446800  1.989037     0.025082    0.031012   -0.002403  
      5.451280  2.797629  5.815926     0.004299    0.002570   -0.001475  
      5.494869  2.731192  1.967086    -0.036498    0.017336    0.004156  
      1.283347  4.173243  7.675536     0.000098    0.014397   -0.004624  
      4.050858  1.366592  7.718108    -0.000157   -0.006635    0.006358  
      4.101373  1.410232  3.861672    -0.000501   -0.008883    0.031906  
      1.333865  4.146956  3.819900     0.000452    0.008756   -0.029386  
      2.784869  5.446789  1.953581    -0.025153    0.031458   -0.003096  
      2.694323  0.011092  5.756782    -0.003481   -0.002680    0.000026  
      2.758136  2.731195  1.930957     0.036085    0.017091    0.005087  
      2.695254  2.792248  5.779734    -0.004291    0.002583   -0.001595  
      4.120486  4.079964  2.406090     0.001854   -0.367910   -0.001688  
 
  15 f  =   14.155675 THz    88.942732 2PiTHz  472.182508 cm-1    58.543143 meV
             X         Y         Z           dx          dy          dz
      1.359359  4.058911  1.882365     0.000051   -0.000267   -0.003964  
      4.075742  1.603531  5.788193    -0.000046   -0.000106    0.003323  
      4.126757  1.285466  1.935393     0.000050    0.000911   -0.003968  
      1.309109  4.377480  5.731473    -0.000043    0.000092    0.003281  
     -0.071366  0.016473  5.720456    -0.003657   -0.003220   -0.012440  
      5.467553  5.446800  1.989037    -0.086378   -0.088836    0.014385  
      5.451280  2.797629  5.815926    -0.003505    0.003259   -0.013156  
      5.494869  2.731192  1.967086    -0.085087    0.085006    0.015807  
      1.283347  4.173243  7.675536    -0.000066   -0.002532    0.004084  
      4.050858  1.366592  7.718108    -0.000048    0.001270    0.005688  
      4.101373  1.410232  3.861672    -0.000013    0.005250    0.000323  
      1.333865  4.146956  3.819900    -0.000030   -0.001853    0.004223  
      2.784869  5.446789  1.953581     0.085982   -0.088814    0.016685  
      2.694323  0.011092  5.756782     0.003970   -0.003274   -0.012355  
      2.758136  2.731195  1.930957     0.084686    0.085008    0.018135  
      2.695254  2.792248  5.779734     0.003829    0.003313   -0.013051  
      4.120486  4.079964  2.406090     0.000470   -0.005049   -0.034611  
 
  16 f  =   13.131695 THz    82.508874 2PiTHz  438.026201 cm-1    54.308303 meV
             X         Y         Z           dx          dy          dz
      1.359359  4.058911  1.882365     0.000271   -0.000064   -0.020412  
      4.075742  1.603531  5.788193    -0.000239    0.000317    0.018230  
      4.126757  1.285466  1.935393     0.000268   -0.000160   -0.020431  
      1.309109  4.377480  5.731473    -0.000233   -0.000493    0.017950  
     -0.071366  0.016473  5.720456    -0.001185   -0.000269   -0.059779  
      5.467553  5.446800  1.989037     0.017040    0.017819    0.076145  
      5.451280  2.797629  5.815926     0.000612    0.000304   -0.066365  
      5.494869  2.731192  1.967086     0.018538   -0.016889    0.083521  
      1.283347  4.173243  7.675536     0.000162    0.002718    0.000733  
      4.050858  1.366592  7.718108    -0.000170   -0.007895    0.002009  
      4.101373  1.410232  3.861672     0.000180    0.008099    0.000787  
      1.333865  4.146956  3.819900    -0.000264   -0.001745    0.006518  
      2.784869  5.446789  1.953581    -0.019055    0.017853    0.075428  
      2.694323  0.011092  5.756782     0.002712   -0.000299   -0.059523  
      2.758136  2.731195  1.930957    -0.020728   -0.016922    0.082769  
      2.695254  2.792248  5.779734     0.001084    0.000340   -0.066060  
      4.120486  4.079964  2.406090     0.000792    0.004169   -0.059941  
 
  17 f  =   12.899746 THz    81.051495 2PiTHz  430.289213 cm-1    53.349039 meV
             X         Y         Z           dx          dy          dz
      1.359359  4.058911  1.882365     0.000013    0.000290    0.000211  
      4.075742  1.603531  5.788193    -0.000003   -0.000371   -0.000244  
      4.126757  1.285466  1.935393    -0.000039   -0.001361    0.002436  
      1.309109  4.377480  5.731473     0.000031    0.000585   -0.002111  
     -0.071366  0.016473  5.720456    -0.003946   -0.003067    0.058834  
      5.467553  5.446800  1.989037     0.002815    0.003143   -0.072521  
      5.451280  2.797629  5.815926    -0.002315    0.002320   -0.052891  
      5.494869  2.731192  1.967086    -0.001676    0.004588    0.064994  
      1.283347  4.173243  7.675536     0.001054    0.078376    0.011357  
      4.050858  1.366592  7.718108    -0.000869   -0.084207   -0.011928  
      4.101373  1.410232  3.861672     0.001450    0.091665   -0.014884  
      1.333865  4.146956  3.819900    -0.001562   -0.091079    0.014949  
      2.784869  5.446789  1.953581    -0.000994    0.003161   -0.074447  
      2.694323  0.011092  5.756782     0.002433   -0.003069    0.060457  
      2.758136  2.731195  1.930957    -0.000059    0.004530    0.063138  
      2.695254  2.792248  5.779734     0.003665    0.002338   -0.051209  
      4.120486  4.079964  2.406090    -0.000041    0.003151    0.002272  
 
  18 f  =   12.880292 THz    80.929260 2PiTHz  429.640287 cm-1    53.268583 meV
             X         Y         Z           dx          dy          dz
      1.359359  4.058911  1.882365     0.001358   -0.000002    0.000054  
      4.075742  1.603531  5.788193    -0.000679   -0.000000   -0.000037  
      4.126757  1.285466  1.935393    -0.000520    0.000019   -0.000002  
      1.309109  4.377480  5.731473     0.000690   -0.000002    0.000006  
     -0.071366  0.016473  5.720456     0.000976   -0.001197   -0.056069  
      5.467553  5.446800  1.989037    -0.005087   -0.000767    0.069075  
      5.451280  2.797629  5.815926     0.000545   -0.000159   -0.054767  
      5.494869  2.731192  1.967086    -0.004037    0.002234    0.068886  
      1.283347  4.173243  7.675536     0.083631   -0.001188    0.000930  
      4.050858  1.366592  7.718108    -0.078405    0.001159   -0.000870  
      4.101373  1.410232  3.861672     0.094157   -0.001184    0.001444  
      1.333865  4.146956  3.819900    -0.094525    0.001304   -0.001474  
      2.784869  5.446789  1.953581    -0.003130    0.000571   -0.067416  
      2.694323  0.011092  5.756782    -0.000174    0.000858    0.054685  
      2.758136  2.731195  1.930957    -0.002125   -0.002284   -0.071122  
      2.695254  2.792248  5.779734    -0.000596    0.000513    0.056428  
      4.120486  4.079964  2.406090    -0.002282   -0.000107    0.000042  
 
  19 f  =   12.449779 THz    78.224267 2PiTHz  415.279919 cm-1    51.488125 meV
             X         Y         Z           dx          dy          dz
      1.359359  4.058911  1.882365    -0.000009    0.000962    0.000251  
      4.075742  1.603531  5.788193    -0.000024   -0.002525   -0.000261  
      4.126757  1.285466  1.935393    -0.000011   -0.001024    0.000204  
      1.309109  4.377480  5.731473    -0.000027    0.002359   -0.000128  
     -0.071366  0.016473  5.720456    -0.084442   -0.090112   -0.001597  
      5.467553  5.446800  1.989037     0.003692    0.004357    0.001372  
      5.451280  2.797629  5.815926    -0.085318    0.090818    0.002214  
      5.494869  2.731192  1.967086     0.003222   -0.002562   -0.004094  
      1.283347  4.173243  7.675536    -0.000008   -0.012550   -0.000569  
      4.050858  1.366592  7.718108     0.000393    0.011935    0.000486  
      4.101373  1.410232  3.861672    -0.000017    0.005893    0.000164  
      1.333865  4.146956  3.819900     0.000428   -0.005538    0.000202  
      2.784869  5.446789  1.953581    -0.003706    0.004500    0.001677  
      2.694323  0.011092  5.756782     0.084389   -0.090695    0.000496  
      2.758136  2.731195  1.930957    -0.003103   -0.002714   -0.003769  
      2.695254  2.792248  5.779734     0.085301    0.091585    0.004298  
      4.120486  4.079964  2.406090     0.000028   -0.006130   -0.004073  
 
  20 f  =   11.139003 THz    69.988417 2PiTHz  371.557132 cm-1    46.067192 meV
             X         Y         Z           dx          dy          dz
      1.359359  4.058911  1.882365    -0.017148   -0.000014   -0.000228  
      4.075742  1.603531  5.788193     0.011075    0.000027    0.000143  
      4.126757  1.285466  1.935393     0.014558    0.000017    0.000194  
      1.309109  4.377480  5.731473    -0.009933   -0.000005   -0.000129  
     -0.071366  0.016473  5.720456    -0.008025    0.014949   -0.006455  
      5.467553  5.446800  1.989037     0.022367   -0.000133    0.002418  
      5.451280  2.797629  5.815926     0.005649    0.014039   -0.003811  
      5.494869  2.731192  1.967086     0.012144   -0.016850    0.000473  
      1.283347  4.173243  7.675536     0.117686    0.000047    0.001587  
      4.050858  1.366592  7.718108    -0.118250   -0.000191   -0.001581  
      4.101373  1.410232  3.861672    -0.118246   -0.000159   -0.001560  
      1.333865  4.146956  3.819900     0.090883    0.000092    0.001179  
      2.784869  5.446789  1.953581     0.022401    0.000131   -0.001815  
      2.694323  0.011092  5.756782    -0.008096   -0.015067    0.006266  
      2.758136  2.731195  1.930957     0.012204    0.016837   -0.000151  
      2.695254  2.792248  5.779734     0.005528   -0.014016    0.003945  
      4.120486  4.079964  2.406090    -0.052455    0.000092   -0.000690  
 
  21 f  =   11.079166 THz    69.612455 2PiTHz  369.561209 cm-1    45.819730 meV
             X         Y         Z           dx          dy          dz
      1.359359  4.058911  1.882365    -0.000028    0.013762    0.000828  
      4.075742  1.603531  5.788193     0.000010   -0.013294    0.001347  
      4.126757  1.285466  1.935393     0.000042   -0.016767   -0.001887  
      1.309109  4.377480  5.731473     0.000021    0.013895   -0.000548  
     -0.071366  0.016473  5.720456     0.000251    0.014356   -0.004782  
      5.467553  5.446800  1.989037     0.016416    0.012708   -0.001032  
      5.451280  2.797629  5.815926    -0.001110   -0.015504    0.006141  
      5.494869  2.731192  1.967086     0.000145    0.023965    0.000179  
      1.283347  4.173243  7.675536     0.000264   -0.112720   -0.021744  
      4.050858  1.366592  7.718108    -0.000555    0.113262    0.021796  
      4.101373  1.410232  3.861672     0.000096    0.088857   -0.025283  
      1.333865  4.146956  3.819900    -0.000407   -0.113949    0.028046  
      2.784869  5.446789  1.953581    -0.016285    0.012611   -0.001482  
      2.694323  0.011092  5.756782    -0.000188    0.014500   -0.004795  
      2.758136  2.731195  1.930957    -0.000091    0.024118    0.000201  
      2.695254  2.792248  5.779734     0.000933   -0.015697    0.006160  
      4.120486  4.079964  2.406090     0.000039   -0.049991   -0.002020  
 
  22 f  =    9.908126 THz    62.254594 2PiTHz  330.499520 cm-1    40.976700 meV
             X         Y         Z           dx          dy          dz
      1.359359  4.058911  1.882365     0.000977   -0.000076    0.000062  
      4.075742  1.603531  5.788193    -0.001069    0.000099    0.000065  
      4.126757  1.285466  1.935393    -0.000920   -0.000201   -0.000088  
      1.309109  4.377480  5.731473     0.001193    0.000024   -0.000056  
     -0.071366  0.016473  5.720456     0.001067   -0.000638   -0.042907  
      5.467553  5.446800  1.989037    -0.007419   -0.003017    0.065753  
      5.451280  2.797629  5.815926    -0.001014   -0.001953    0.056848  
      5.494869  2.731192  1.967086     0.001213   -0.002248   -0.052675  
      1.283347  4.173243  7.675536     0.092652   -0.000209    0.001318  
      4.050858  1.366592  7.718108     0.105537   -0.000560    0.001228  
      4.101373  1.410232  3.861672    -0.093408   -0.001113   -0.001185  
      1.333865  4.146956  3.819900    -0.097315   -0.000623   -0.001155  
      2.784869  5.446789  1.953581    -0.006974    0.005117   -0.064269  
      2.694323  0.011092  5.756782    -0.000141    0.000350    0.044676  
      2.758136  2.731195  1.930957     0.001238    0.004411    0.051110  
      2.695254  2.792248  5.779734     0.000507    0.001770   -0.058537  
      4.120486  4.079964  2.406090     0.005230    0.001145    0.000071  
 
  23 f  =    9.891636 THz    62.150981 2PiTHz  329.949456 cm-1    40.908500 meV
             X         Y         Z           dx          dy          dz
      1.359359  4.058911  1.882365     0.000136    0.005227    0.002888  
      4.075742  1.603531  5.788193    -0.000049   -0.007900    0.003355  
      4.126757  1.285466  1.935393     0.000111    0.018141   -0.003494  
      1.309109  4.377480  5.731473    -0.000015   -0.000216   -0.003326  
     -0.071366  0.016473  5.720456    -0.005647    0.006026    0.023988  
      5.467553  5.446800  1.989037    -0.050006   -0.083982    0.015674  
      5.451280  2.797629  5.815926     0.004477    0.001368   -0.020787  
      5.494869  2.731192  1.967086     0.053268   -0.086293   -0.015509  
      1.283347  4.173243  7.675536     0.001475    0.035470    0.005485  
      4.050858  1.366592  7.718108     0.001247    0.069704    0.005275  
      4.101373  1.410232  3.861672    -0.000765    0.063579   -0.011170  
      1.333865  4.146956  3.819900    -0.000407    0.018751    0.003085  
      2.784869  5.446789  1.953581     0.047781   -0.082975    0.015776  
      2.694323  0.011092  5.756782     0.005243    0.005948    0.024225  
      2.758136  2.731195  1.930957    -0.054520   -0.087251   -0.016977  
      2.695254  2.792248  5.779734    -0.003880    0.001133   -0.022553  
      4.120486  4.079964  2.406090    -0.000956   -0.097859    0.000024  
 
  24 f  =    9.877174 THz    62.060113 2PiTHz  329.467054 cm-1    40.848690 meV
             X         Y         Z           dx          dy          dz
      1.359359  4.058911  1.882365     0.017713   -0.000033    0.000219  
      4.075742  1.603531  5.788193    -0.002611    0.000107   -0.000024  
      4.126757  1.285466  1.935393     0.006244   -0.000204    0.000075  
      1.309109  4.377480  5.731473    -0.007980    0.000001   -0.000095  
     -0.071366  0.016473  5.720456     0.009412    0.001961    0.017631  
      5.467553  5.446800  1.989037    -0.088423   -0.052843    0.007984  
      5.451280  2.797629  5.815926     0.011656    0.004328    0.013936  
      5.494869  2.731192  1.967086    -0.085308    0.053218    0.009651  
      1.283347  4.173243  7.675536     0.062615   -0.000182    0.000815  
      4.050858  1.366592  7.718108     0.025534   -0.000426    0.000273  
      4.101373  1.410232  3.861672     0.026958   -0.000872    0.000472  
      1.333865  4.146956  3.819900     0.073036   -0.000643    0.000984  
      2.784869  5.446789  1.953581    -0.089208    0.054538   -0.010267  
      2.694323  0.011092  5.756782     0.009623   -0.001984   -0.017379  
      2.758136  2.731195  1.930957    -0.083859   -0.051415   -0.011976  
      2.695254  2.792248  5.779734     0.011918   -0.004520   -0.013616  
      4.120486  4.079964  2.406090    -0.100067    0.000940   -0.001350  
 
  25 f  =    9.760355 THz    61.326122 2PiTHz  325.570412 cm-1    40.365568 meV
             X         Y         Z           dx          dy          dz
      1.359359  4.058911  1.882365    -0.000178   -0.002232    0.008486  
      4.075742  1.603531  5.788193    -0.000105    0.002070    0.011029  
      4.126757  1.285466  1.935393     0.000124   -0.002401   -0.010845  
      1.309109  4.377480  5.731473     0.000136    0.001578   -0.010457  
     -0.071366  0.016473  5.720456    -0.000617   -0.003936    0.086473  
      5.467553  5.446800  1.989037     0.012868    0.020716    0.075546  
      5.451280  2.797629  5.815926     0.001586   -0.003073   -0.080912  
      5.494869  2.731192  1.967086    -0.014097    0.020745   -0.074521  
      1.283347  4.173243  7.675536    -0.001328    0.016726    0.011554  
      4.050858  1.366592  7.718108    -0.000967    0.002205   -0.008679  
      4.101373  1.410232  3.861672     0.000799   -0.039269   -0.003797  
      1.333865  4.146956  3.819900     0.000537   -0.043683    0.011304  
      2.784869  5.446789  1.953581    -0.013988    0.020125    0.077102  
      2.694323  0.011092  5.756782    -0.001678   -0.004007    0.084482  
      2.758136  2.731195  1.930957     0.016573    0.020964   -0.076882  
      2.695254  2.792248  5.779734     0.000445   -0.003107   -0.079869  
      4.120486  4.079964  2.406090     0.000338    0.017734   -0.003557  
 
  26 f  =    9.584190 THz    60.219244 2PiTHz  319.694180 cm-1    39.637009 meV
             X         Y         Z           dx          dy          dz
      1.359359  4.058911  1.882365     0.001003    0.000165    0.001046  
      4.075742  1.603531  5.788193    -0.001348   -0.000084    0.000110  
      4.126757  1.285466  1.935393     0.001651    0.000039    0.000367  
      1.309109  4.377480  5.731473    -0.000721    0.000149   -0.000615  
     -0.071366  0.016473  5.720456     0.003911    0.000079   -0.090057  
      5.467553  5.446800  1.989037    -0.014023   -0.010541   -0.062483  
      5.451280  2.797629  5.815926     0.004106    0.000105   -0.088847  
      5.494869  2.731192  1.967086    -0.010403    0.007057   -0.103221  
      1.283347  4.173243  7.675536     0.016043   -0.015005   -0.001040  
      4.050858  1.366592  7.718108     0.000465   -0.013335   -0.001565  
      4.101373  1.410232  3.861672     0.019829    0.013551   -0.001510  
      1.333865  4.146956  3.819900     0.001286    0.012477   -0.001079  
      2.784869  5.446789  1.953581    -0.015764    0.010624    0.066641  
      2.694323  0.011092  5.756782     0.001377    0.000203    0.092722  
      2.758136  2.731195  1.930957    -0.013159   -0.007121    0.098196  
      2.695254  2.792248  5.779734     0.001673   -0.000622    0.081640  
      4.120486  4.079964  2.406090    -0.005471   -0.001511    0.000441  
 
  27 f  =    9.553433 THz    60.025990 2PiTHz  318.668225 cm-1    39.509807 meV
             X         Y         Z           dx          dy          dz
      1.359359  4.058911  1.882365    -0.000194    0.001457    0.008577  
      4.075742  1.603531  5.788193     0.000150   -0.000696    0.000764  
      4.126757  1.285466  1.935393    -0.000226    0.000153    0.003410  
      1.309109  4.377480  5.731473     0.000140    0.001340   -0.004760  
     -0.071366  0.016473  5.720456    -0.000231    0.000873    0.017772  
      5.467553  5.446800  1.989037     0.001811    0.001998    0.023460  
      5.451280  2.797629  5.815926    -0.000129   -0.001322   -0.018393  
      5.494869  2.731192  1.967086     0.001173   -0.000314   -0.005097  
      1.283347  4.173243  7.675536    -0.001543   -0.131535   -0.011473  
      4.050858  1.366592  7.718108     0.000466   -0.117883   -0.013504  
      4.101373  1.410232  3.861672    -0.002331    0.117429   -0.015047  
      1.333865  4.146956  3.819900     0.000008    0.108996   -0.009956  
      2.784869  5.446789  1.953581     0.000900   -0.000312    0.009256  
      2.694323  0.011092  5.756782    -0.000601    0.000916   -0.003315  
      2.758136  2.731195  1.930957     0.001630    0.001078   -0.028951  
      2.695254  2.792248  5.779734     0.000181   -0.001331   -0.037959  
      4.120486  4.079964  2.406090     0.000413   -0.012001    0.004297  
 
  28 f  =    9.255404 THz    58.153417 2PiTHz  308.727037 cm-1    38.277257 meV
             X         Y         Z           dx          dy          dz
      1.359359  4.058911  1.882365    -0.001368    0.000013   -0.000143  
      4.075742  1.603531  5.788193    -0.001412    0.000035   -0.000109  
      4.126757  1.285466  1.935393     0.000404   -0.000036    0.000096  
      1.309109  4.377480  5.731473    -0.000063   -0.000013    0.000122  
     -0.071366  0.016473  5.720456     0.001939   -0.000454   -0.020227  
      5.467553  5.446800  1.989037     0.007580    0.006018   -0.117938  
      5.451280  2.797629  5.815926     0.001658   -0.001249   -0.001957  
      5.494869  2.731192  1.967086    -0.009798    0.009910    0.095598  
      1.283347  4.173243  7.675536     0.064716    0.000170    0.000804  
      4.050858  1.366592  7.718108     0.070867    0.000204    0.000971  
      4.101373  1.410232  3.861672    -0.053081   -0.000393   -0.000637  
      1.333865  4.146956  3.819900    -0.056635   -0.000283   -0.000760  
      2.784869  5.446789  1.953581     0.004390   -0.005903    0.117431  
      2.694323  0.011092  5.756782     0.001368    0.000456    0.019569  
      2.758136  2.731195  1.930957    -0.007162   -0.009736   -0.095233  
      2.695254  2.792248  5.779734     0.001574    0.001218    0.002736  
      4.120486  4.079964  2.406090     0.001781    0.000107    0.000038  
 
  29 f  =    8.915911 THz    56.020320 2PiTHz  297.402774 cm-1    36.873228 meV
             X         Y         Z           dx          dy          dz
      1.359359  4.058911  1.882365     0.017120   -0.000133    0.000304  
      4.075742  1.603531  5.788193     0.017731   -0.000184    0.000307  
      4.126757  1.285466  1.935393     0.011196    0.000023    0.000063  
      1.309109  4.377480  5.731473     0.017525    0.000126    0.000150  
     -0.071366  0.016473  5.720456    -0.043279   -0.018075   -0.006507  
      5.467553  5.446800  1.989037    -0.048975    0.002633   -0.007570  
      5.451280  2.797629  5.815926    -0.043728    0.018855   -0.001507  
      5.494869  2.731192  1.967086    -0.045010   -0.004321    0.002802  
      1.283347  4.173243  7.675536    -0.086845    0.000477   -0.001124  
      4.050858  1.366592  7.718108    -0.087857    0.000068   -0.001094  
      4.101373  1.410232  3.861672    -0.096598   -0.000022   -0.001345  
      1.333865  4.146956  3.819900    -0.087872    0.000441   -0.001139  
      2.784869  5.446789  1.953581    -0.049222   -0.002250    0.006114  
      2.694323  0.011092  5.756782    -0.042927    0.017885    0.005228  
      2.758136  2.731195  1.930957    -0.044857    0.004764   -0.003782  
      2.695254  2.792248  5.779734    -0.043325   -0.018680    0.000565  
      4.120486  4.079964  2.406090    -0.026771    0.000381   -0.000362  
 
  30 f  =    8.792201 THz    55.243027 2PiTHz  293.276249 cm-1    36.361604 meV
             X         Y         Z           dx          dy          dz
      1.359359  4.058911  1.882365     0.000388    0.009984   -0.023370  
      4.075742  1.603531  5.788193     0.000383    0.012272   -0.022241  
      4.126757  1.285466  1.935393    -0.000294    0.012983    0.024046  
      1.309109  4.377480  5.731473    -0.000266    0.011495    0.022813  
     -0.071366  0.016473  5.720456    -0.005527   -0.021330    0.008304  
      5.467553  5.446800  1.989037     0.004168   -0.037288    0.015789  
      5.451280  2.797629  5.815926     0.004476   -0.022337   -0.014023  
      5.494869  2.731192  1.967086    -0.002269   -0.036564   -0.017764  
      1.283347  4.173243  7.675536    -0.000282   -0.069648   -0.015343  
      4.050858  1.366592  7.718108    -0.000336   -0.071308   -0.003976  
      4.101373  1.410232  3.861672    -0.000359   -0.063592    0.008017  
      1.333865  4.146956  3.819900    -0.000437   -0.088450    0.009678  
      2.784869  5.446789  1.953581    -0.004913   -0.037352    0.015436  
      2.694323  0.011092  5.756782     0.004770   -0.021163    0.008197  
      2.758136  2.731195  1.930957     0.002445   -0.036504   -0.017407  
      2.695254  2.792248  5.779734    -0.004112   -0.022332   -0.013806  
      4.120486  4.079964  2.406090    -0.000125   -0.024358    0.006563  
 
  31 f  =    8.576987 THz    53.890799 2PiTHz  286.097492 cm-1    35.471552 meV
             X         Y         Z           dx          dy          dz
      1.359359  4.058911  1.882365     0.000352   -0.006253   -0.026982  
      4.075742  1.603531  5.788193     0.000298   -0.009465   -0.025628  
      4.126757  1.285466  1.935393    -0.000316   -0.011737    0.026852  
      1.309109  4.377480  5.731473    -0.000292   -0.013374    0.024801  
     -0.071366  0.016473  5.720456     0.009839    0.027592    0.024112  
      5.467553  5.446800  1.989037    -0.002842    0.027586    0.026180  
      5.451280  2.797629  5.815926    -0.009418    0.026294   -0.019809  
      5.494869  2.731192  1.967086     0.004677    0.030184   -0.023874  
      1.283347  4.173243  7.675536     0.000089    0.059986    0.001556  
      4.050858  1.366592  7.718108    -0.000128    0.053490    0.012945  
      4.101373  1.410232  3.861672    -0.000241    0.071608   -0.007182  
      1.333865  4.146956  3.819900    -0.000146    0.056804   -0.005863  
      2.784869  5.446789  1.953581     0.001996    0.027654    0.025865  
      2.694323  0.011092  5.756782    -0.009989    0.027413    0.022350  
      2.758136  2.731195  1.930957    -0.004116    0.030256   -0.023756  
      2.695254  2.792248  5.779734     0.009801    0.026366   -0.018225  
      4.120486  4.079964  2.406090     0.000030    0.010084   -0.008547  
 
  32 f  =    8.422471 THz    52.919949 2PiTHz  280.943408 cm-1    34.832528 meV
             X         Y         Z           dx          dy          dz
      1.359359  4.058911  1.882365     0.000514   -0.000223   -0.000308  
      4.075742  1.603531  5.788193    -0.001362    0.000723   -0.000322  
      4.126757  1.285466  1.935393     0.000635   -0.000433    0.000316  
      1.309109  4.377480  5.731473    -0.001288    0.000532    0.000249  
     -0.071366  0.016473  5.720456     0.007855    0.004577   -0.111929  
      5.467553  5.446800  1.989037     0.001702    0.003312   -0.017291  
      5.451280  2.797629  5.815926     0.010702   -0.012793    0.113233  
      5.494869  2.731192  1.967086    -0.002587    0.002684    0.018263  
      1.283347  4.173243  7.675536    -0.049776    0.002410   -0.000531  
      4.050858  1.366592  7.718108    -0.054291    0.002413   -0.000393  
      4.101373  1.410232  3.861672     0.043004    0.002771    0.000391  
      1.333865  4.146956  3.819900     0.044218    0.002682    0.000323  
      2.784869  5.446789  1.953581     0.001705   -0.001416    0.018082  
      2.694323  0.011092  5.756782     0.012553   -0.015334    0.113042  
      2.758136  2.731195  1.930957    -0.002588   -0.000662   -0.018832  
      2.695254  2.792248  5.779734     0.005931    0.002161   -0.113576  
      4.120486  4.079964  2.406090    -0.003204    0.000350    0.000047  
 
  33 f  =    8.377578 THz    52.637876 2PiTHz  279.445929 cm-1    34.646864 meV
             X         Y         Z           dx          dy          dz
      1.359359  4.058911  1.882365    -0.000014    0.003696    0.002272  
      4.075742  1.603531  5.788193    -0.000386   -0.012119    0.002868  
      4.126757  1.285466  1.935393     0.000201    0.006239   -0.002750  
      1.309109  4.377480  5.731473     0.000128   -0.011172   -0.001802  
     -0.071366  0.016473  5.720456     0.067293    0.093472   -0.008319  
      5.467553  5.446800  1.989037     0.003634   -0.013837   -0.002710  
      5.451280  2.797629  5.815926    -0.064442    0.090571    0.006640  
      5.494869  2.731192  1.967086    -0.004172   -0.014722    0.000915  
      1.283347  4.173243  7.675536    -0.003113   -0.036242   -0.001986  
      4.050858  1.366592  7.718108    -0.003626   -0.037497   -0.004506  
      4.101373  1.410232  3.861672     0.001911   -0.039085    0.002697  
      1.333865  4.146956  3.819900     0.002200   -0.042786    0.003817  
      2.784869  5.446789  1.953581    -0.003733   -0.014149   -0.000707  
      2.694323  0.011092  5.756782    -0.064563    0.091932    0.003223  
      2.758136  2.731195  1.930957     0.003582   -0.014810   -0.001045  
      2.695254  2.792248  5.779734     0.066195    0.093045   -0.004906  
      4.120486  4.079964  2.406090    -0.000416   -0.006446   -0.000249  
 
  34 f  =    7.939241 THz    49.883719 2PiTHz  264.824558 cm-1    32.834046 meV
             X         Y         Z           dx          dy          dz
      1.359359  4.058911  1.882365    -0.007688   -0.000758   -0.000161  
      4.075742  1.603531  5.788193     0.009543   -0.001196    0.000010  
      4.126757  1.285466  1.935393    -0.005415    0.000694    0.000033  
      1.309109  4.377480  5.731473     0.009202    0.000979    0.000169  
     -0.071366  0.016473  5.720456    -0.080614   -0.070661   -0.011951  
      5.467553  5.446800  1.989037     0.015412   -0.005901   -0.001225  
      5.451280  2.797629  5.815926    -0.082776    0.073163    0.012906  
      5.494869  2.731192  1.967086     0.012148    0.008437    0.000263  
      1.283347  4.173243  7.675536     0.046221    0.000231    0.000398  
      4.050858  1.366592  7.718108     0.043920   -0.000562    0.000792  
      4.101373  1.410232  3.861672     0.058708   -0.000443    0.000550  
      1.333865  4.146956  3.819900     0.054849   -0.000068    0.001002  
      2.784869  5.446789  1.953581     0.014993    0.006232    0.001927  
      2.694323  0.011092  5.756782    -0.080990    0.072638    0.009700  
      2.758136  2.731195  1.930957     0.012409   -0.008041   -0.000031  
      2.695254  2.792248  5.779734    -0.080594   -0.072513   -0.015100  
      4.120486  4.079964  2.406090     0.003595    0.001555    0.000081  
 
  35 f  =    7.648073 THz    48.054261 2PiTHz  255.112263 cm-1    31.629875 meV
             X         Y         Z           dx          dy          dz
      1.359359  4.058911  1.882365     0.000164   -0.039938   -0.002752  
      4.075742  1.603531  5.788193    -0.000281   -0.033981   -0.002640  
      4.126757  1.285466  1.935393     0.000117    0.034358    0.000335  
      1.309109  4.377480  5.731473    -0.000285    0.033767    0.000705  
     -0.071366  0.016473  5.720456    -0.006342    0.011725    0.002606  
      5.467553  5.446800  1.989037     0.006024    0.012035    0.004621  
      5.451280  2.797629  5.815926    -0.005441   -0.013120    0.008655  
      5.494869  2.731192  1.967086    -0.006015    0.009537    0.002825  
      1.283347  4.173243  7.675536    -0.000823   -0.003813   -0.002616  
      4.050858  1.366592  7.718108    -0.000950   -0.001152    0.009611  
      4.101373  1.410232  3.861672    -0.001033    0.007312   -0.003642  
      1.333865  4.146956  3.819900    -0.001161   -0.004748    0.010671  
      2.784869  5.446789  1.953581    -0.006726    0.011847    0.004464  
      2.694323  0.011092  5.756782     0.010596    0.008010    0.002466  
      2.758136  2.731195  1.930957     0.005570    0.009888    0.002898  
      2.695254  2.792248  5.779734     0.009594   -0.009283    0.009315  
      4.120486  4.079964  2.406090    -0.000023    0.075450   -0.005089  
 
  36 f  =    7.253116 THz    45.572670 2PiTHz  241.937896 cm-1    29.996463 meV
             X         Y         Z           dx          dy          dz
      1.359359  4.058911  1.882365     0.042582   -0.000012    0.000532  
      4.075742  1.603531  5.788193     0.016512   -0.000062    0.000224  
      4.126757  1.285466  1.935393    -0.048621    0.000022   -0.000662  
      1.309109  4.377480  5.731473    -0.016652   -0.000030   -0.000204  
     -0.071366  0.016473  5.720456    -0.003069    0.017917   -0.004757  
      5.467553  5.446800  1.989037     0.012054    0.016700   -0.002024  
      5.451280  2.797629  5.815926     0.002074    0.018519   -0.004133  
      5.494869  2.731192  1.967086     0.010059    0.004346    0.000758  
      1.283347  4.173243  7.675536     0.027149   -0.000049    0.000378  
      4.050858  1.366592  7.718108    -0.025488   -0.000049   -0.000312  
      4.101373  1.410232  3.861672    -0.030984   -0.000047   -0.000389  
      1.333865  4.146956  3.819900     0.026976   -0.000034    0.000379  
      2.784869  5.446789  1.953581     0.011983   -0.016711    0.002309  
      2.694323  0.011092  5.756782    -0.003640   -0.017335    0.004776  
      2.758136  2.731195  1.930957     0.010093   -0.004379   -0.000468  
      2.695254  2.792248  5.779734     0.002434   -0.017953    0.004360  
      4.120486  4.079964  2.406090     0.083124    0.000026    0.001025  
 
  37 f  =    7.052920 THz    44.314805 2PiTHz  235.260095 cm-1    29.168521 meV
             X         Y         Z           dx          dy          dz
      1.359359  4.058911  1.882365     0.000378    0.001913   -0.032448  
      4.075742  1.603531  5.788193    -0.000195    0.002298    0.016367  
      4.126757  1.285466  1.935393     0.000453   -0.000591   -0.032254  
      1.309109  4.377480  5.731473    -0.000186   -0.001724    0.016262  
     -0.071366  0.016473  5.720456    -0.000541   -0.001304    0.082964  
      5.467553  5.446800  1.989037     0.000864   -0.000963   -0.008825  
      5.451280  2.797629  5.815926    -0.000288   -0.000833    0.082574  
      5.494869  2.731192  1.967086     0.000805   -0.001726   -0.008236  
      1.283347  4.173243  7.675536    -0.000203   -0.023236    0.019623  
      4.050858  1.366592  7.718108    -0.000161   -0.023404    0.020869  
      4.101373  1.410232  3.861672    -0.000194    0.016911    0.024204  
      1.333865  4.146956  3.819900    -0.000275    0.018827    0.024007  
      2.784869  5.446789  1.953581    -0.000581   -0.000955   -0.008845  
      2.694323  0.011092  5.756782    -0.001950   -0.000986    0.082860  
      2.758136  2.731195  1.930957    -0.000613   -0.001776   -0.008203  
      2.695254  2.792248  5.779734    -0.002226   -0.001168    0.082554  
      4.120486  4.079964  2.406090     0.000535   -0.003503   -0.045314  
 
  38 f  =    6.773028 THz    42.556190 2PiTHz  225.923897 cm-1    28.010981 meV
             X         Y         Z           dx          dy          dz
      1.359359  4.058911  1.882365    -0.000061    0.007039    0.005296  
      4.075742  1.603531  5.788193     0.000390   -0.002878   -0.031461  
      4.126757  1.285466  1.935393    -0.000069   -0.005457    0.005347  
      1.309109  4.377480  5.731473     0.000426    0.003576   -0.031952  
     -0.071366  0.016473  5.720456    -0.000331    0.001619    0.038486  
      5.467553  5.446800  1.989037     0.000761   -0.001936    0.074395  
      5.451280  2.797629  5.815926    -0.001382   -0.000623    0.040389  
      5.494869  2.731192  1.967086     0.002077   -0.004238    0.073921  
      1.283347  4.173243  7.675536    -0.000549    0.000711    0.043743  
      4.050858  1.366592  7.718108    -0.000599   -0.014255    0.044616  
      4.101373  1.410232  3.861672    -0.000572   -0.005905    0.043705  
      1.333865  4.146956  3.819900    -0.000567    0.006920    0.042551  
      2.784869  5.446789  1.953581    -0.002882   -0.001776    0.074424  
      2.694323  0.011092  5.756782    -0.000596    0.001564    0.038511  
      2.758136  2.731195  1.930957    -0.003885   -0.004105    0.073715  
      2.695254  2.792248  5.779734     0.000353   -0.000566    0.040342  
      4.120486  4.079964  2.406090     0.000792   -0.009593   -0.060305  
 
  39 f  =    6.633777 THz    41.681251 2PiTHz  221.278986 cm-1    27.435085 meV
             X         Y         Z           dx          dy          dz
      1.359359  4.058911  1.882365     0.000060    0.031227   -0.001880  
      4.075742  1.603531  5.788193    -0.000172   -0.035260    0.004115  
      4.126757  1.285466  1.935393     0.000026   -0.027690   -0.000514  
      1.309109  4.377480  5.731473    -0.000147    0.034883    0.005421  
     -0.071366  0.016473  5.720456    -0.007726    0.010660   -0.003611  
      5.467553  5.446800  1.989037    -0.001463   -0.010140   -0.008471  
      5.451280  2.797629  5.815926    -0.007526   -0.010291   -0.006905  
      5.494869  2.731192  1.967086     0.005343   -0.001887   -0.011699  
      1.283347  4.173243  7.675536    -0.000041    0.056231   -0.009378  
      4.050858  1.366592  7.718108    -0.000182   -0.051632   -0.002371  
      4.101373  1.410232  3.861672    -0.000088   -0.051965   -0.009981  
      1.333865  4.146956  3.819900    -0.000161    0.051300   -0.001488  
      2.784869  5.446789  1.953581     0.001616   -0.010194   -0.008424  
      2.694323  0.011092  5.756782     0.009065    0.009538   -0.003396  
      2.758136  2.731195  1.930957    -0.005091   -0.001807   -0.011820  
      2.695254  2.792248  5.779734     0.008973   -0.009079   -0.006619  
      4.120486  4.079964  2.406090    -0.000074   -0.045829    0.006519  
 
  40 f  =    5.941415 THz    37.331010 2PiTHz  198.184264 cm-1    24.571706 meV
             X         Y         Z           dx          dy          dz
      1.359359  4.058911  1.882365    -0.006790   -0.000004   -0.000081  
      4.075742  1.603531  5.788193     0.014362   -0.000034    0.000161  
      4.126757  1.285466  1.935393     0.008571   -0.000003    0.000132  
      1.309109  4.377480  5.731473    -0.013757    0.000002   -0.000215  
     -0.071366  0.016473  5.720456    -0.001417    0.013904    0.000618  
      5.467553  5.446800  1.989037     0.078381    0.080859    0.013483  
      5.451280  2.797629  5.815926     0.002501    0.012662   -0.001084  
      5.494869  2.731192  1.967086    -0.087916    0.082581   -0.012811  
      1.283347  4.173243  7.675536    -0.014631    0.000013   -0.000167  
      4.050858  1.366592  7.718108     0.012681   -0.000053    0.000205  
      4.101373  1.410232  3.861672     0.009892   -0.000021    0.000165  
      1.333865  4.146956  3.819900    -0.015066   -0.000029   -0.000167  
      2.784869  5.446789  1.953581     0.078691   -0.080851   -0.011299  
      2.694323  0.011092  5.756782    -0.001632   -0.013652   -0.000710  
      2.758136  2.731195  1.930957    -0.088199   -0.082551    0.010648  
      2.695254  2.792248  5.779734     0.002726   -0.012425    0.001253  
      4.120486  4.079964  2.406090    -0.007925    0.000023   -0.000226  
 
  41 f  =    5.907174 THz    37.115867 2PiTHz  197.042105 cm-1    24.430096 meV
             X         Y         Z           dx          dy          dz
      1.359359  4.058911  1.882365     0.011138   -0.000024    0.000142  
      4.075742  1.603531  5.788193    -0.040975    0.000076   -0.000541  
      4.126757  1.285466  1.935393    -0.012532   -0.000010   -0.000168  
      1.309109  4.377480  5.731473     0.041385    0.000036    0.000540  
     -0.071366  0.016473  5.720456     0.002886   -0.042102    0.002214  
      5.467553  5.446800  1.989037     0.029552    0.031807    0.002653  
      5.451280  2.797629  5.815926    -0.002966   -0.041512   -0.000211  
      5.494869  2.731192  1.967086    -0.026971    0.030195   -0.005602  
      1.283347  4.173243  7.675536     0.039716    0.000112    0.000550  
      4.050858  1.366592  7.718108    -0.042359    0.000080   -0.000547  
      4.101373  1.410232  3.861672    -0.035625    0.000164   -0.000478  
      1.333865  4.146956  3.819900     0.038715    0.000060    0.000509  
      2.784869  5.446789  1.953581     0.029649   -0.031782   -0.001785  
      2.694323  0.011092  5.756782     0.003648    0.041419   -0.002056  
      2.758136  2.731195  1.930957    -0.027137   -0.030172    0.004845  
      2.695254  2.792248  5.779734    -0.003733    0.040822    0.000120  
      4.120486  4.079964  2.406090     0.015665    0.000002    0.000250  
 
  42 f  =    2.787337 THz    17.513352 2PiTHz   92.975541 cm-1    11.527493 meV
             X         Y         Z           dx          dy          dz
      1.359359  4.058911  1.882365    -0.000130    0.000605    0.009288  
      4.075742  1.603531  5.788193    -0.000027    0.000979    0.003324  
      4.126757  1.285466  1.935393    -0.000059   -0.000126    0.004235  
      1.309109  4.377480  5.731473    -0.000023   -0.000536    0.001108  
     -0.071366  0.016473  5.720456     0.001156   -0.000912   -0.045558  
      5.467553  5.446800  1.989037     0.002853    0.002992    0.023083  
      5.451280  2.797629  5.815926     0.000745   -0.002559    0.040478  
      5.494869  2.731192  1.967086     0.004048   -0.004037   -0.056733  
      1.283347  4.173243  7.675536    -0.000194    0.059405   -0.000008  
      4.050858  1.366592  7.718108     0.000370   -0.057331   -0.005662  
      4.101373  1.410232  3.861672    -0.000170    0.059195   -0.008893  
      1.333865  4.146956  3.819900     0.000260   -0.059567   -0.003712  
      2.784869  5.446789  1.953581    -0.003500    0.003037    0.022660  
      2.694323  0.011092  5.756782    -0.000192   -0.000696   -0.045127  
      2.758136  2.731195  1.930957    -0.002488   -0.003978   -0.057115  
      2.695254  2.792248  5.779734    -0.001603   -0.002377    0.040765  
      4.120486  4.079964  2.406090     0.003824   -0.005447   -0.292128  
 
  43 f  =    2.530506 THz    15.899639 2PiTHz   84.408597 cm-1    10.465328 meV
             X         Y         Z           dx          dy          dz
      1.359359  4.058911  1.882365     0.002713    0.000052   -0.000063  
      4.075742  1.603531  5.788193    -0.006335   -0.000053   -0.000073  
      4.126757  1.285466  1.935393     0.004263    0.000043   -0.000010  
      1.309109  4.377480  5.731473    -0.001433   -0.000051   -0.000082  
     -0.071366  0.016473  5.720456     0.005033    0.005349   -0.064106  
      5.467553  5.446800  1.989037     0.002584    0.000163    0.060345  
      5.451280  2.797629  5.815926    -0.011086    0.008561   -0.063692  
      5.494869  2.731192  1.967086     0.002150    0.000205    0.059364  
      1.283347  4.173243  7.675536    -0.084636    0.000401   -0.001097  
      4.050858  1.366592  7.718108     0.086589   -0.000285    0.001150  
      4.101373  1.410232  3.861672    -0.085049    0.000302   -0.001078  
      1.333865  4.146956  3.819900     0.093100   -0.000432    0.001281  
      2.784869  5.446789  1.953581     0.004209   -0.000134   -0.059486  
      2.694323  0.011092  5.756782     0.003346   -0.005437    0.063764  
      2.758136  2.731195  1.930957     0.003800   -0.000034   -0.059456  
      2.695254  2.792248  5.779734    -0.012756   -0.008681    0.063973  
      4.120486  4.079964  2.406090    -0.006281    0.000004    0.002700  
 
  44 f  =    2.410004 THz    15.142504 2PiTHz   80.389094 cm-1     9.966973 meV
             X         Y         Z           dx          dy          dz
      1.359359  4.058911  1.882365     0.000051    0.007864   -0.003043  
      4.075742  1.603531  5.788193     0.000499   -0.006783   -0.000858  
      4.126757  1.285466  1.935393     0.000106    0.006500   -0.008877  
      1.309109  4.377480  5.731473    -0.000459   -0.008120   -0.002365  
     -0.071366  0.016473  5.720456    -0.004576   -0.010245   -0.043303  
      5.467553  5.446800  1.989037    -0.003119    0.003928    0.057623  
      5.451280  2.797629  5.815926     0.003188   -0.008622    0.047918  
      5.494869  2.731192  1.967086    -0.003094    0.009710   -0.030479  
      1.283347  4.173243  7.675536     0.000292    0.063305    0.005392  
      4.050858  1.366592  7.718108    -0.000305   -0.063275   -0.000276  
      4.101373  1.410232  3.861672     0.000368    0.069702    0.001786  
      1.333865  4.146956  3.819900    -0.000624   -0.061851    0.007675  
      2.784869  5.446789  1.953581     0.001508    0.004000    0.058233  
      2.694323  0.011092  5.756782    -0.000554   -0.004267   -0.043797  
      2.758136  2.731195  1.930957     0.003956    0.009797   -0.029830  
      2.695254  2.792248  5.779734     0.001821   -0.002609    0.047315  
      4.120486  4.079964  2.406090    -0.003337   -0.000616    0.256737  
 
  45 f  =    2.296176 THz    14.427299 2PiTHz   76.592187 cm-1     9.496217 meV
             X         Y         Z           dx          dy          dz
      1.359359  4.058911  1.882365     0.001367   -0.000779    0.000058  
      4.075742  1.603531  5.788193     0.011772    0.000657    0.000206  
      4.126757  1.285466  1.935393     0.001066   -0.000742    0.000320  
      1.309109  4.377480  5.731473    -0.014051    0.000705   -0.000149  
     -0.071366  0.016473  5.720456    -0.088274   -0.083042   -0.007219  
      5.467553  5.446800  1.989037     0.000108   -0.001226    0.003391  
      5.451280  2.797629  5.815926     0.085144   -0.082284   -0.005057  
      5.494869  2.731192  1.967086     0.001862   -0.001680    0.006564  
      1.283347  4.173243  7.675536    -0.009882   -0.001938   -0.000273  
      4.050858  1.366592  7.718108     0.008574    0.002308    0.000176  
      4.101373  1.410232  3.861672    -0.005991   -0.002107   -0.000150  
      1.333865  4.146956  3.819900     0.007674    0.002276   -0.000172  
      2.784869  5.446789  1.953581     0.000309    0.000215   -0.007132  
      2.694323  0.011092  5.756782    -0.088526    0.084873    0.007962  
      2.758136  2.731195  1.930957     0.001584    0.000327   -0.004455  
      2.695254  2.792248  5.779734     0.084842    0.083844    0.004048  
      4.120486  4.079964  2.406090     0.000468   -0.000463   -0.007914  
 
  46 f  =    1.924112 THz    12.089555 2PiTHz   64.181481 cm-1     7.957486 meV
             X         Y         Z           dx          dy          dz
      1.359359  4.058911  1.882365     0.000307    0.034114   -0.001338  
      4.075742  1.603531  5.788193    -0.000153   -0.033039    0.002412  
      4.126757  1.285466  1.935393     0.000225    0.034676    0.004258  
      1.309109  4.377480  5.731473    -0.000434   -0.033268   -0.001977  
     -0.071366  0.016473  5.720456    -0.004119   -0.031797    0.008508  
      5.467553  5.446800  1.989037     0.006370    0.026002   -0.012475  
      5.451280  2.797629  5.815926     0.003945   -0.031898   -0.009780  
      5.494869  2.731192  1.967086    -0.004769    0.024772    0.007018  
      1.283347  4.173243  7.675536    -0.000083   -0.017375   -0.001772  
      4.050858  1.366592  7.718108    -0.000018    0.009507    0.001398  
      4.101373  1.410232  3.861672    -0.000075   -0.021114    0.000149  
      1.333865  4.146956  3.819900     0.000047    0.007813   -0.003308  
      2.784869  5.446789  1.953581    -0.005619    0.025905   -0.012682  
      2.694323  0.011092  5.756782     0.000959   -0.029394    0.008650  
      2.758136  2.731195  1.930957     0.004984    0.024847    0.007055  
      2.695254  2.792248  5.779734    -0.001849   -0.029634   -0.009778  
      4.120486  4.079964  2.406090     0.000967    0.033152   -0.054523  
 
  47 f  =    1.897561 THz    11.922726 2PiTHz   63.295812 cm-1     7.847677 meV
             X         Y         Z           dx          dy          dz
      1.359359  4.058911  1.882365     0.000332   -0.002158   -0.035454  
      4.075742  1.603531  5.788193    -0.000387    0.001903    0.037859  
      4.126757  1.285466  1.935393    -0.000602   -0.002050    0.035428  
      1.309109  4.377480  5.731473     0.000644    0.002180   -0.037522  
     -0.071366  0.016473  5.720456     0.000413    0.002081   -0.005523  
      5.467553  5.446800  1.989037     0.000067   -0.002509    0.002678  
      5.451280  2.797629  5.815926    -0.000224    0.002048    0.005287  
      5.494869  2.731192  1.967086     0.000773   -0.001135   -0.002537  
      1.283347  4.173243  7.675536     0.000247    0.002109   -0.012793  
      4.050858  1.366592  7.718108    -0.000208   -0.001621    0.012342  
      4.101373  1.410232  3.861672    -0.000080    0.003216    0.010907  
      1.333865  4.146956  3.819900     0.000102   -0.002659   -0.011160  
      2.784869  5.446789  1.953581    -0.000357   -0.002447    0.002746  
      2.694323  0.011092  5.756782     0.000269    0.001769   -0.005625  
      2.758136  2.731195  1.930957    -0.000878   -0.001145   -0.002459  
      2.695254  2.792248  5.779734     0.000061    0.001817    0.005220  
      4.120486  4.079964  2.406090    -0.000196   -0.002962    0.006197  
 
  48 f  =    1.748666 THz    10.987192 2PiTHz   58.329216 cm-1     7.231898 meV
             X         Y         Z           dx          dy          dz
      1.359359  4.058911  1.882365    -0.035077    0.000287   -0.000340  
      4.075742  1.603531  5.788193     0.034096   -0.000251    0.000325  
      4.126757  1.285466  1.935393    -0.034761    0.000287   -0.000549  
      1.309109  4.377480  5.731473     0.033161   -0.000248    0.000560  
     -0.071366  0.016473  5.720456     0.030383    0.002470   -0.005819  
      5.467553  5.446800  1.989037    -0.026718   -0.005813    0.006369  
      5.451280  2.797629  5.815926     0.034855   -0.007050   -0.006186  
      5.494869  2.731192  1.967086    -0.025958    0.005323    0.006562  
      1.283347  4.173243  7.675536    -0.006180   -0.000156   -0.000047  
      4.050858  1.366592  7.718108     0.012730    0.000144    0.000143  
      4.101373  1.410232  3.861672    -0.004700   -0.000229   -0.000095  
      1.333865  4.146956  3.819900     0.015560    0.000146    0.000225  
      2.784869  5.446789  1.953581    -0.026629    0.006271   -0.007340  
      2.694323  0.011092  5.756782     0.030298   -0.002979    0.006866  
      2.758136  2.731195  1.930957    -0.025688   -0.004882   -0.007006  
      2.695254  2.792248  5.779734     0.034609    0.006569    0.006843  
      4.120486  4.079964  2.406090    -0.033022    0.000294   -0.000859  
 
  49 fi =    0.005656 THz     0.035535 2PiTHz    0.188649 cm-1     0.023389 meV
             X         Y         Z           dx          dy          dz
      1.359359  4.058911  1.882365    -0.015602    0.026111    0.012095  
      4.075742  1.603531  5.788193    -0.015607    0.026111    0.012058  
      4.126757  1.285466  1.935393    -0.015600    0.026112    0.012071  
      1.309109  4.377480  5.731473    -0.015614    0.026116    0.012102  
     -0.071366  0.016473  5.720456    -0.015617    0.026114    0.012255  
      5.467553  5.446800  1.989037    -0.015592    0.026117    0.011929  
      5.451280  2.797629  5.815926    -0.015611    0.026117    0.012032  
      5.494869  2.731192  1.967086    -0.015606    0.026113    0.012115  
      1.283347  4.173243  7.675536    -0.015532    0.025959    0.012076  
      4.050858  1.366592  7.718108    -0.015677    0.026264    0.012092  
      4.101373  1.410232  3.861672    -0.015519    0.025941    0.012083  
      1.333865  4.146956  3.819900    -0.015695    0.026248    0.012078  
      2.784869  5.446789  1.953581    -0.015587    0.026093    0.012034  
      2.694323  0.011092  5.756782    -0.015631    0.026137    0.012168  
      2.758136  2.731195  1.930957    -0.015618    0.026109    0.012215  
      2.695254  2.792248  5.779734    -0.015595    0.026123    0.011910  
      4.120486  4.079964  2.406090    -0.015592    0.026127    0.011923  
 
  50 fi =    0.006124 THz     0.038479 2PiTHz    0.204281 cm-1     0.025328 meV
             X         Y         Z           dx          dy          dz
      1.359359  4.058911  1.882365     0.021367    0.019745   -0.015113  
      4.075742  1.603531  5.788193     0.021327    0.019701   -0.014994  
      4.126757  1.285466  1.935393     0.021363    0.019740   -0.014993  
      1.309109  4.377480  5.731473     0.021331    0.019708   -0.015110  
     -0.071366  0.016473  5.720456     0.021301    0.019673   -0.015088  
      5.467553  5.446800  1.989037     0.021347    0.019724   -0.015037  
      5.451280  2.797629  5.815926     0.021342    0.019691   -0.015184  
      5.494869  2.731192  1.967086     0.021376    0.019738   -0.014946  
      1.283347  4.173243  7.675536     0.021238    0.019662   -0.015091  
      4.050858  1.366592  7.718108     0.021451    0.019778   -0.015030  
      4.101373  1.410232  3.861672     0.021225    0.019632   -0.015037  
      1.333865  4.146956  3.819900     0.021481    0.019827   -0.015095  
      2.784869  5.446789  1.953581     0.021351    0.019749   -0.015189  
      2.694323  0.011092  5.756782     0.021319    0.019710   -0.014908  
      2.758136  2.731195  1.930957     0.021376    0.019753   -0.015095  
      2.695254  2.792248  5.779734     0.021328    0.019706   -0.015046  
      4.120486  4.079964  2.406090     0.021359    0.019753   -0.015175  
 
  51 fi =    0.006544 THz     0.041117 2PiTHz    0.218282 cm-1     0.027063 meV
             X         Y         Z           dx          dy          dz
      1.359359  4.058911  1.882365     0.019304   -0.000711    0.026508  
      4.075742  1.603531  5.788193     0.019278   -0.000690    0.026349  
      4.126757  1.285466  1.935393     0.019304   -0.000704    0.026358  
      1.309109  4.377480  5.731473     0.019279   -0.000695    0.026509  
     -0.071366  0.016473  5.720456     0.019261   -0.000711    0.026372  
      5.467553  5.446800  1.989037     0.019289   -0.000719    0.026508  
      5.451280  2.797629  5.815926     0.019285   -0.000701    0.026313  
      5.494869  2.731192  1.967086     0.019314   -0.000717    0.026554  
      1.283347  4.173243  7.675536     0.019162   -0.000751    0.026465  
      4.050858  1.366592  7.718108     0.019421   -0.000637    0.026419  
      4.101373  1.410232  3.861672     0.019150   -0.000734    0.026411  
      1.333865  4.146956  3.819900     0.019449   -0.000705    0.026476  
      2.784869  5.446789  1.953581     0.019290   -0.000694    0.026329  
      2.694323  0.011092  5.756782     0.019247   -0.000657    0.026569  
      2.758136  2.731195  1.930957     0.019315   -0.000706    0.026372  
      2.695254  2.792248  5.779734     0.019276   -0.000695    0.026509  
      4.120486  4.079964  2.406090     0.019293   -0.000703    0.026445  
 
