 Eigenvectors and eigenvalues of the dynamical matrix
 ----------------------------------------------------
 
 
   1 f  =   30.568938 THz   192.070305 2PiTHz 1019.670029 cm-1   126.422914 meV
             X         Y         Z           dx          dy          dz
      1.637819  0.945297  0.053204     0.029316   -0.000000   -0.000046  
     13.868318  2.835890  0.034091    -0.000446   -0.000000    0.000001  
      5.849558  2.835890  1.952831    -0.026493    0.000000    0.000042  
      8.821976  0.945297  1.948217    -0.000540    0.000000    0.000001  
      1.013496  2.835890  0.054389    -0.005595   -0.000005    0.000009  
     14.297113  0.945297  0.033432     0.001842    0.000004   -0.000002  
      6.459543  0.945297  1.951983     0.004363   -0.000003   -0.000006  
      8.427377  2.835890  1.948879    -0.001751    0.000002    0.000003  
      1.364543  0.945297  1.959800    -0.001590   -0.000000    0.000011  
     13.988087  2.835890  1.939935    -0.000017    0.000004   -0.000000  
      6.127677  2.835890  0.046475     0.001292    0.000000    0.000004  
      8.621031  0.945297  0.042535     0.000038    0.000003   -0.000000  
      3.328255  0.945297  0.050658    -0.170654   -0.000010    0.000258  
     12.100321  2.835890  0.036844     0.003167    0.000003   -0.000005  
      4.159435  2.835890  1.955623     0.154670   -0.000001   -0.000269  
     10.584933  0.945297  1.945449     0.004044    0.000000   -0.000006  
     11.454511  2.835890  1.943745    -0.002162    0.000001    0.000004  
 
   2 f  =   29.507390 THz   185.400402 2PiTHz  984.260598 cm-1   122.032706 meV
             X         Y         Z           dx          dy          dz
      1.637819  0.945297  0.053204    -0.025841    0.000000    0.000038  
     13.868318  2.835890  0.034091     0.000881   -0.000000   -0.000001  
      5.849558  2.835890  1.952831    -0.027848   -0.000000    0.000045  
      8.821976  0.945297  1.948217     0.004416   -0.000000   -0.000007  
      1.013496  2.835890  0.054389     0.003302    0.000002   -0.000001  
     14.297113  0.945297  0.033432    -0.002301   -0.000003    0.000004  
      6.459543  0.945297  1.951983    -0.002041    0.000001    0.000002  
      8.427377  2.835890  1.948879    -0.007024    0.000002    0.000011  
      1.364543  0.945297  1.959800    -0.000535    0.000001    0.000003  
     13.988087  2.835890  1.939935    -0.000017   -0.000001    0.000001  
      6.127677  2.835890  0.046475    -0.002421   -0.000001    0.000009  
      8.621031  0.945297  0.042535    -0.002187   -0.000000    0.000005  
      3.328255  0.945297  0.050658     0.154165    0.000004   -0.000230  
     12.100321  2.835890  0.036844    -0.005459   -0.000005    0.000009  
      4.159435  2.835890  1.955623     0.171733   -0.000001   -0.000295  
     10.584933  0.945297  1.945449    -0.018656    0.000002    0.000027  
     11.454511  2.835890  1.943745     0.004201   -0.000003   -0.000006  
 
   3 f  =   26.860834 THz   168.771600 2PiTHz  895.980993 cm-1   111.087435 meV
             X         Y         Z           dx          dy          dz
      1.637819  0.945297  0.053204     0.001215   -0.000001   -0.000002  
     13.868318  2.835890  0.034091    -0.023861    0.000000    0.000037  
      5.849558  2.835890  1.952831     0.000988    0.000000   -0.000001  
      8.821976  0.945297  1.948217     0.029704    0.000000   -0.000047  
      1.013496  2.835890  0.054389    -0.000721    0.000004    0.000002  
     14.297113  0.945297  0.033432     0.006212    0.000002   -0.000011  
      6.459543  0.945297  1.951983     0.005026   -0.000002   -0.000008  
      8.427377  2.835890  1.948879    -0.003857    0.000002    0.000005  
      1.364543  0.945297  1.959800     0.001021    0.000000   -0.000002  
     13.988087  2.835890  1.939935     0.002538   -0.000006   -0.000007  
      6.127677  2.835890  0.046475     0.000616    0.000004   -0.000002  
      8.621031  0.945297  0.042535    -0.000904   -0.000005    0.000005  
      3.328255  0.945297  0.050658    -0.009216    0.000009    0.000014  
     12.100321  2.835890  0.036844     0.142574   -0.000012   -0.000204  
      4.159435  2.835890  1.955623    -0.008766   -0.000000    0.000016  
     10.584933  0.945297  1.945449    -0.182217    0.000001    0.000271  
     11.454511  2.835890  1.943745    -0.001365   -0.000003    0.000007  
 
   4 f  =   24.615958 THz   154.666625 2PiTHz  821.099973 cm-1   101.803376 meV
             X         Y         Z           dx          dy          dz
      1.637819  0.945297  0.053204     0.000139    0.000001    0.000003  
     13.868318  2.835890  0.034091    -0.026692   -0.000001    0.000041  
      5.849558  2.835890  1.952831    -0.000828   -0.000000    0.000001  
      8.821976  0.945297  1.948217    -0.022852    0.000001    0.000035  
      1.013496  2.835890  0.054389    -0.021082   -0.000017    0.000034  
     14.297113  0.945297  0.033432    -0.007074    0.000019    0.000015  
      6.459543  0.945297  1.951983    -0.007380    0.000006    0.000009  
      8.427377  2.835890  1.948879     0.001033   -0.000009   -0.000002  
      1.364543  0.945297  1.959800    -0.005705    0.000005   -0.000014  
     13.988087  2.835890  1.939935    -0.006959   -0.000004    0.000008  
      6.127677  2.835890  0.046475    -0.001126   -0.000004    0.000003  
      8.621031  0.945297  0.042535    -0.002344    0.000007   -0.000000  
      3.328255  0.945297  0.050658     0.017518    0.000002   -0.000027  
     12.100321  2.835890  0.036844     0.184668   -0.000007   -0.000265  
      4.159435  2.835890  1.955623     0.009382   -0.000003   -0.000018  
     10.584933  0.945297  1.945449     0.141258    0.000000   -0.000209  
     11.454511  2.835890  1.943745    -0.002928    0.000001    0.000008  
 
   5 f  =   18.774802 THz   117.965563 2PiTHz  626.259998 cm-1    77.646309 meV
             X         Y         Z           dx          dy          dz
      1.637819  0.945297  0.053204    -0.000001   -0.000084    0.000000  
     13.868318  2.835890  0.034091    -0.000002    0.000080    0.000000  
      5.849558  2.835890  1.952831    -0.000002    0.009232    0.000000  
      8.821976  0.945297  1.948217    -0.000002   -0.010866   -0.000000  
      1.013496  2.835890  0.054389    -0.000001    0.001375    0.000000  
     14.297113  0.945297  0.033432     0.000001   -0.001601    0.000000  
      6.459543  0.945297  1.951983     0.000003   -0.139237    0.000000  
      8.427377  2.835890  1.948879     0.000009    0.188756   -0.000000  
      1.364543  0.945297  1.959800     0.000001   -0.000462    0.000000  
     13.988087  2.835890  1.939935    -0.000000    0.000536   -0.000000  
      6.127677  2.835890  0.046475     0.000005    0.043658   -0.000000  
      8.621031  0.945297  0.042535    -0.000000   -0.063410    0.000000  
      3.328255  0.945297  0.050658     0.000002    0.000022   -0.000000  
     12.100321  2.835890  0.036844     0.000007    0.000623    0.000000  
      4.159435  2.835890  1.955623    -0.000003   -0.002206    0.000000  
     10.584933  0.945297  1.945449     0.000010   -0.018106   -0.000000  
     11.454511  2.835890  1.943745     0.000005   -0.000303    0.000000  
 
   6 f  =   18.643457 THz   117.140298 2PiTHz  621.878803 cm-1    77.103110 meV
             X         Y         Z           dx          dy          dz
      1.637819  0.945297  0.053204     0.000002    0.009883    0.000000  
     13.868318  2.835890  0.034091     0.000007   -0.010229   -0.000000  
      5.849558  2.835890  1.952831     0.000000    0.000089   -0.000000  
      8.821976  0.945297  1.948217     0.000003   -0.000113   -0.000000  
      1.013496  2.835890  0.054389    -0.000002   -0.152316    0.000000  
     14.297113  0.945297  0.033432    -0.000022    0.179623   -0.000001  
      6.459543  0.945297  1.951983     0.000007   -0.001261   -0.000000  
      8.427377  2.835890  1.948879     0.000001    0.001758   -0.000000  
      1.364543  0.945297  1.959800    -0.000005    0.048187   -0.000000  
     13.988087  2.835890  1.939935    -0.000006   -0.057241    0.000002  
      6.127677  2.835890  0.046475     0.000001    0.000364    0.000000  
      8.621031  0.945297  0.042535    -0.000001   -0.000577    0.000000  
      3.328255  0.945297  0.050658     0.000006   -0.002562    0.000000  
     12.100321  2.835890  0.036844    -0.000017   -0.014532   -0.000001  
      4.159435  2.835890  1.955623    -0.000002   -0.000007   -0.000000  
     10.584933  0.945297  1.945449    -0.000016    0.000170    0.000000  
     11.454511  2.835890  1.943745    -0.000017    0.001635    0.000000  
 
   7 f  =   18.303717 THz   115.005648 2PiTHz  610.546289 cm-1    75.698058 meV
             X         Y         Z           dx          dy          dz
      1.637819  0.945297  0.053204     0.000000    0.000000    0.000049  
     13.868318  2.835890  0.034091     0.000019   -0.000000    0.011038  
      5.849558  2.835890  1.952831    -0.000000   -0.000000    0.000001  
      8.821976  0.945297  1.948217    -0.000001    0.000000   -0.000023  
      1.013496  2.835890  0.054389     0.000030   -0.000002    0.022709  
     14.297113  0.945297  0.033432     0.000116    0.000002    0.080875  
      6.459543  0.945297  1.951983    -0.000003    0.000000   -0.000158  
      8.427377  2.835890  1.948879    -0.000003   -0.000000   -0.000444  
      1.364543  0.945297  1.959800    -0.000031    0.000001   -0.014730  
     13.988087  2.835890  1.939935    -0.000274   -0.000000   -0.222008  
      6.127677  2.835890  0.046475    -0.000003   -0.000000    0.000137  
      8.621031  0.945297  0.042535    -0.000001    0.000000    0.001101  
      3.328255  0.945297  0.050658     0.000003   -0.000000    0.001980  
     12.100321  2.835890  0.036844     0.000099   -0.000000    0.071577  
      4.159435  2.835890  1.955623    -0.000000    0.000000   -0.000093  
     10.584933  0.945297  1.945449    -0.000004    0.000000   -0.002015  
     11.454511  2.835890  1.943745    -0.000015    0.000000   -0.014176  
 
   8 f  =   16.772820 THz   105.386733 2PiTHz  559.481038 cm-1    69.366777 meV
             X         Y         Z           dx          dy          dz
      1.637819  0.945297  0.053204     0.000000   -0.000000    0.000003  
     13.868318  2.835890  0.034091    -0.000000    0.000000   -0.000124  
      5.849558  2.835890  1.952831     0.000003   -0.000000   -0.001163  
      8.821976  0.945297  1.948217    -0.000011   -0.000000   -0.005486  
      1.013496  2.835890  0.054389     0.000004    0.000000    0.000067  
     14.297113  0.945297  0.033432     0.000002   -0.000000   -0.000678  
      6.459543  0.945297  1.951983    -0.000112    0.000005   -0.055262  
      8.427377  2.835890  1.948879    -0.000165    0.000003   -0.103953  
      1.364543  0.945297  1.959800     0.000005    0.000000   -0.000403  
     13.988087  2.835890  1.939935     0.000004    0.000000    0.001653  
      6.127677  2.835890  0.046475     0.000082   -0.000002    0.059496  
      8.621031  0.945297  0.042535     0.000302   -0.000002    0.203869  
      3.328255  0.945297  0.050658    -0.000001    0.000000    0.000670  
     12.100321  2.835890  0.036844     0.000001    0.000000    0.000690  
      4.159435  2.835890  1.955623    -0.000017    0.000000   -0.011069  
     10.584933  0.945297  1.945449    -0.000083   -0.000000   -0.056647  
     11.454511  2.835890  1.943745     0.000009    0.000000    0.005919  
 
   9 f  =   16.462662 THz   103.437956 2PiTHz  549.135298 cm-1    68.084069 meV
             X         Y         Z           dx          dy          dz
      1.637819  0.945297  0.053204    -0.000000   -0.000185   -0.000000  
     13.868318  2.835890  0.034091     0.000000   -0.000121   -0.000000  
      5.849558  2.835890  1.952831    -0.000002    0.016070    0.000000  
      8.821976  0.945297  1.948217     0.000001    0.009206   -0.000000  
      1.013496  2.835890  0.054389    -0.000002    0.002284   -0.000000  
     14.297113  0.945297  0.033432     0.000003    0.001891   -0.000000  
      6.459543  0.945297  1.951983     0.000013   -0.180909   -0.000000  
      8.427377  2.835890  1.948879    -0.000006   -0.130393   -0.000003  
      1.364543  0.945297  1.959800    -0.000001   -0.001063   -0.000000  
     13.988087  2.835890  1.939935     0.000001   -0.000892    0.000000  
      6.127677  2.835890  0.046475     0.000001    0.079493   -0.000000  
      8.621031  0.945297  0.042535    -0.000001    0.061941    0.000006  
      3.328255  0.945297  0.050658     0.000003    0.000074   -0.000000  
     12.100321  2.835890  0.036844    -0.000001   -0.001012    0.000000  
      4.159435  2.835890  1.955623    -0.000002   -0.003662    0.000000  
     10.584933  0.945297  1.945449     0.000000    0.023043   -0.000002  
     11.454511  2.835890  1.943745     0.000007   -0.001500    0.000000  
 
  10 f  =   16.210222 THz   101.851828 2PiTHz  540.714799 cm-1    67.040061 meV
             X         Y         Z           dx          dy          dz
      1.637819  0.945297  0.053204     0.000003    0.015075    0.000000  
     13.868318  2.835890  0.034091    -0.000001    0.010435   -0.000000  
      5.849558  2.835890  1.952831     0.000000    0.000235   -0.000000  
      8.821976  0.945297  1.948217     0.000001    0.000154   -0.000000  
      1.013496  2.835890  0.054389    -0.000016   -0.170291    0.000003  
     14.297113  0.945297  0.033432     0.000005   -0.143187    0.000000  
      6.459543  0.945297  1.951983     0.000002   -0.002451   -0.000000  
      8.427377  2.835890  1.948879    -0.000002   -0.001828   -0.000000  
      1.364543  0.945297  1.959800    -0.000004    0.076954   -0.000004  
     13.988087  2.835890  1.939935    -0.000001    0.068008    0.000001  
      6.127677  2.835890  0.046475    -0.000002    0.001052    0.000000  
      8.621031  0.945297  0.042535    -0.000001    0.000874    0.000000  
      3.328255  0.945297  0.050658     0.000006   -0.003435    0.000001  
     12.100321  2.835890  0.036844     0.000001    0.020228   -0.000001  
      4.159435  2.835890  1.955623    -0.000003   -0.000005   -0.000000  
     10.584933  0.945297  1.945449    -0.000005   -0.000219    0.000000  
     11.454511  2.835890  1.943745    -0.000016   -0.002821    0.000000  
 
  11 f  =   15.855850 THz    99.625247 2PiTHz  528.894242 cm-1    65.574499 meV
             X         Y         Z           dx          dy          dz
      1.637819  0.945297  0.053204     0.000026   -0.000000    0.005738  
     13.868318  2.835890  0.034091    -0.000002   -0.000000   -0.001954  
      5.849558  2.835890  1.952831     0.000001    0.000000   -0.000749  
      8.821976  0.945297  1.948217     0.000006    0.000000    0.000378  
      1.013496  2.835890  0.054389     0.000112    0.000004    0.121229  
     14.297113  0.945297  0.033432     0.000045    0.000003    0.006483  
      6.459543  0.945297  1.951983    -0.000032   -0.000000   -0.015791  
      8.427377  2.835890  1.948879     0.000004   -0.000000    0.003921  
      1.364543  0.945297  1.959800    -0.000400   -0.000001   -0.207603  
     13.988087  2.835890  1.939935     0.000041   -0.000001    0.023185  
      6.127677  2.835890  0.046475     0.000039    0.000000    0.027963  
      8.621031  0.945297  0.042535    -0.000012    0.000000   -0.010607  
      3.328255  0.945297  0.050658     0.000086    0.000000    0.048789  
     12.100321  2.835890  0.036844    -0.000046   -0.000000   -0.015432  
      4.159435  2.835890  1.955623    -0.000013    0.000000   -0.009347  
     10.584933  0.945297  1.945449    -0.000007   -0.000000    0.004019  
     11.454511  2.835890  1.943745    -0.000037    0.000000    0.007130  
 
  12 f  =   15.734779 THz    98.864531 2PiTHz  524.855728 cm-1    65.073787 meV
             X         Y         Z           dx          dy          dz
      1.637819  0.945297  0.053204     0.000006   -0.000000    0.000885  
     13.868318  2.835890  0.034091     0.000000   -0.000000   -0.000326  
      5.849558  2.835890  1.952831    -0.000001   -0.000000    0.005693  
      8.821976  0.945297  1.948217    -0.000001   -0.000000   -0.002523  
      1.013496  2.835890  0.054389     0.000010    0.000000    0.017768  
     14.297113  0.945297  0.033432     0.000004    0.000000    0.000797  
      6.459543  0.945297  1.951983     0.000228    0.000002    0.114323  
      8.427377  2.835890  1.948879    -0.000065    0.000001   -0.025889  
      1.364543  0.945297  1.959800    -0.000064   -0.000000   -0.030103  
     13.988087  2.835890  1.939935     0.000003   -0.000000    0.003748  
      6.127677  2.835890  0.046475    -0.000282   -0.000000   -0.198802  
      8.621031  0.945297  0.042535     0.000086   -0.000001    0.071048  
      3.328255  0.945297  0.050658     0.000010    0.000000    0.004230  
     12.100321  2.835890  0.036844    -0.000005   -0.000000   -0.001885  
      4.159435  2.835890  1.955623     0.000076   -0.000000    0.045566  
     10.584933  0.945297  1.945449    -0.000031   -0.000000   -0.024732  
     11.454511  2.835890  1.943745    -0.000012    0.000000    0.004070  
 
  13 f  =   13.066618 THz    82.099985 2PiTHz  435.855474 cm-1    54.039167 meV
             X         Y         Z           dx          dy          dz
      1.637819  0.945297  0.053204     0.025936   -0.000000   -0.000044  
     13.868318  2.835890  0.034091     0.006063   -0.000004   -0.000006  
      5.849558  2.835890  1.952831    -0.018290    0.000002    0.000025  
      8.821976  0.945297  1.948217     0.013112    0.000002   -0.000018  
      1.013496  2.835890  0.054389    -0.152193    0.000008    0.000218  
     14.297113  0.945297  0.033432     0.016306    0.000007   -0.000024  
      6.459543  0.945297  1.951983     0.114421   -0.000003   -0.000184  
      8.427377  2.835890  1.948879    -0.055589   -0.000004    0.000068  
      1.364543  0.945297  1.959800    -0.073708   -0.000041    0.000216  
     13.988087  2.835890  1.939935     0.008209    0.000014   -0.000057  
      6.127677  2.835890  0.046475     0.052201   -0.000030   -0.000020  
      8.621031  0.945297  0.042535    -0.042991   -0.000016    0.000058  
      3.328255  0.945297  0.050658     0.033116   -0.000013   -0.000085  
     12.100321  2.835890  0.036844    -0.008017    0.000019   -0.000101  
      4.159435  2.835890  1.955623    -0.022644    0.000000    0.000035  
     10.584933  0.945297  1.945449     0.007505   -0.000029   -0.000011  
     11.454511  2.835890  1.943745    -0.100464   -0.000014    0.000448  
 
  14 f  =   12.885867 THz    80.964291 2PiTHz  429.826259 cm-1    53.291640 meV
             X         Y         Z           dx          dy          dz
      1.637819  0.945297  0.053204    -0.020514    0.000001    0.000032  
     13.868318  2.835890  0.034091     0.014321   -0.000001   -0.000024  
      5.849558  2.835890  1.952831    -0.019006    0.000001    0.000027  
      8.821976  0.945297  1.948217     0.013983    0.000001   -0.000020  
      1.013496  2.835890  0.054389     0.120843    0.000002   -0.000173  
     14.297113  0.945297  0.033432    -0.076558   -0.000008    0.000183  
      6.459543  0.945297  1.951983     0.114475    0.000001   -0.000176  
      8.427377  2.835890  1.948879    -0.072542    0.000001    0.000093  
      1.364543  0.945297  1.959800     0.060060    0.000008   -0.000165  
     13.988087  2.835890  1.939935    -0.058946    0.000016    0.000083  
      6.127677  2.835890  0.046475     0.055144   -0.000015   -0.000034  
      8.621031  0.945297  0.042535    -0.060980   -0.000004    0.000086  
      3.328255  0.945297  0.050658    -0.022576    0.000011    0.000051  
     12.100321  2.835890  0.036844     0.022905    0.000000   -0.000071  
      4.159435  2.835890  1.955623    -0.020477   -0.000008    0.000024  
     10.584933  0.945297  1.945449     0.022770   -0.000015   -0.000020  
     11.454511  2.835890  1.943745    -0.045069    0.000003    0.000182  
 
  15 f  =   12.468443 THz    78.341537 2PiTHz  415.902489 cm-1    51.565313 meV
             X         Y         Z           dx          dy          dz
      1.637819  0.945297  0.053204     0.000067   -0.000000   -0.000533  
     13.868318  2.835890  0.034091     0.000447   -0.000000    0.002833  
      5.849558  2.835890  1.952831     0.000187   -0.000000   -0.000055  
      8.821976  0.945297  1.948217     0.000031   -0.000000    0.001185  
      1.013496  2.835890  0.054389    -0.000341    0.000000    0.004500  
     14.297113  0.945297  0.033432    -0.001341    0.000000    0.029732  
      6.459543  0.945297  1.951983    -0.001058   -0.000000    0.000009  
      8.427377  2.835890  1.948879     0.000364    0.000000    0.000834  
      1.364543  0.945297  1.959800    -0.000069   -0.000000    0.012011  
     13.988087  2.835890  1.939935    -0.001186    0.000001   -0.041150  
      6.127677  2.835890  0.046475    -0.000533    0.000000    0.000794  
      8.621031  0.945297  0.042535     0.000386    0.000000   -0.003317  
      3.328255  0.945297  0.050658     0.000033   -0.000000   -0.006066  
     12.100321  2.835890  0.036844     0.000123    0.000001   -0.138247  
      4.159435  2.835890  1.955623     0.000194    0.000000    0.000436  
     10.584933  0.945297  1.945449    -0.000168   -0.000000   -0.003943  
     11.454511  2.835890  1.943745    -0.002187   -0.000000    0.328282  
 
  16 f  =   12.397331 THz    77.894730 2PiTHz  413.530458 cm-1    51.271219 meV
             X         Y         Z           dx          dy          dz
      1.637819  0.945297  0.053204    -0.007389    0.000001    0.000005  
     13.868318  2.835890  0.034091    -0.038536    0.000010    0.000099  
      5.849558  2.835890  1.952831    -0.013358    0.000001    0.000018  
      8.821976  0.945297  1.948217    -0.003230   -0.000000    0.000022  
      1.013496  2.835890  0.054389     0.038051   -0.000017    0.000011  
     14.297113  0.945297  0.033432     0.116933   -0.000014    0.000111  
      6.459543  0.945297  1.951983     0.074513    0.000004   -0.000106  
      8.427377  2.835890  1.948879    -0.024505    0.000002    0.000034  
      1.364543  0.945297  1.959800     0.012926    0.000025    0.000116  
     13.988087  2.835890  1.939935     0.098408   -0.000071   -0.000665  
      6.127677  2.835890  0.046475     0.038751   -0.000021   -0.000019  
      8.621031  0.945297  0.042535    -0.027584   -0.000002    0.000004  
      3.328255  0.945297  0.050658    -0.005592    0.000007   -0.000058  
     12.100321  2.835890  0.036844    -0.027726   -0.000055   -0.001693  
      4.159435  2.835890  1.955623    -0.013433   -0.000007    0.000041  
     10.584933  0.945297  1.945449     0.013120    0.000016   -0.000048  
     11.454511  2.835890  1.943745     0.216289    0.000004    0.003615  
 
  17 f  =   10.827189 THz    68.029237 2PiTHz  361.156162 cm-1    44.777637 meV
             X         Y         Z           dx          dy          dz
      1.637819  0.945297  0.053204    -0.002123    0.000002    0.000014  
     13.868318  2.835890  0.034091    -0.009152    0.000003    0.000020  
      5.849558  2.835890  1.952831     0.020098    0.000001   -0.000022  
      8.821976  0.945297  1.948217     0.039800    0.000004   -0.000064  
      1.013496  2.835890  0.054389     0.007903   -0.000004   -0.000055  
     14.297113  0.945297  0.033432     0.053650   -0.000005   -0.000167  
      6.459543  0.945297  1.951983    -0.102780   -0.000002    0.000118  
      8.427377  2.835890  1.948879    -0.115908   -0.000011    0.000182  
      1.364543  0.945297  1.959800     0.006650   -0.000000   -0.000022  
     13.988087  2.835890  1.939935     0.023262   -0.000032   -0.000052  
      6.127677  2.835890  0.046475    -0.047030    0.000021    0.000028  
      8.621031  0.945297  0.042535    -0.126545   -0.000054    0.000193  
      3.328255  0.945297  0.050658    -0.007658   -0.000003    0.000014  
     12.100321  2.835890  0.036844    -0.010628   -0.000016    0.000043  
      4.159435  2.835890  1.955623     0.015764   -0.000015   -0.000053  
     10.584933  0.945297  1.945449     0.040435    0.000009    0.000020  
     11.454511  2.835890  1.943745    -0.077280   -0.000019    0.000058  
 
  18 f  =   10.089157 THz    63.392045 2PiTHz  336.538065 cm-1    41.725383 meV
             X         Y         Z           dx          dy          dz
      1.637819  0.945297  0.053204     0.000008   -0.022058    0.000000  
     13.868318  2.835890  0.034091     0.000016    0.028844   -0.000000  
      5.849558  2.835890  1.952831     0.000006    0.022274   -0.000000  
      8.821976  0.945297  1.948217    -0.000000   -0.010263    0.000000  
      1.013496  2.835890  0.054389    -0.000022    0.018988   -0.000000  
     14.297113  0.945297  0.033432    -0.000026   -0.040666    0.000001  
      6.459543  0.945297  1.951983     0.000015   -0.020469    0.000000  
      8.427377  2.835890  1.948879     0.000007    0.013856   -0.000000  
      1.364543  0.945297  1.959800    -0.000036    0.103167   -0.000000  
     13.988087  2.835890  1.939935    -0.000050   -0.137476    0.000000  
      6.127677  2.835890  0.046475    -0.000051   -0.090594    0.000000  
      8.621031  0.945297  0.042535    -0.000004    0.050302   -0.000000  
      3.328255  0.945297  0.050658     0.000001    0.055535   -0.000001  
     12.100321  2.835890  0.036844     0.000005   -0.037725    0.000000  
      4.159435  2.835890  1.955623     0.000006   -0.054915    0.000001  
     10.584933  0.945297  1.945449    -0.000002    0.017288   -0.000000  
     11.454511  2.835890  1.943745    -0.000055    0.026286    0.000001  
 
  19 f  =   10.023056 THz    62.976720 2PiTHz  334.333168 cm-1    41.452011 meV
             X         Y         Z           dx          dy          dz
      1.637819  0.945297  0.053204     0.000001   -0.003475   -0.000000  
     13.868318  2.835890  0.034091     0.000006    0.025034   -0.000000  
      5.849558  2.835890  1.952831    -0.000009   -0.029591    0.000000  
      8.821976  0.945297  1.948217    -0.000006    0.020376   -0.000000  
      1.013496  2.835890  0.054389    -0.000005    0.002543   -0.000000  
     14.297113  0.945297  0.033432     0.000006   -0.035331    0.000001  
      6.459543  0.945297  1.951983     0.000001    0.027620   -0.000001  
      8.427377  2.835890  1.948879     0.000003   -0.029501    0.000000  
      1.364543  0.945297  1.959800    -0.000011    0.031845    0.000000  
     13.988087  2.835890  1.939935    -0.000035   -0.114320    0.000000  
      6.127677  2.835890  0.046475     0.000059    0.127890   -0.000000  
      8.621031  0.945297  0.042535     0.000051   -0.096297    0.000000  
      3.328255  0.945297  0.050658    -0.000000   -0.002826   -0.000000  
     12.100321  2.835890  0.036844     0.000004   -0.025443   -0.000000  
      4.159435  2.835890  1.955623    -0.000005    0.060756   -0.000000  
     10.584933  0.945297  1.945449     0.000002   -0.046961    0.000000  
     11.454511  2.835890  1.943745    -0.000067    0.068764    0.000000  
 
  20 f  =    9.720519 THz    61.075824 2PiTHz  324.241622 cm-1    40.200820 meV
             X         Y         Z           dx          dy          dz
      1.637819  0.945297  0.053204    -0.000004    0.033268   -0.000000  
     13.868318  2.835890  0.034091     0.000004    0.022305   -0.000000  
      5.849558  2.835890  1.952831    -0.000006   -0.012020    0.000000  
      8.821976  0.945297  1.948217     0.000003   -0.028497    0.000000  
      1.013496  2.835890  0.054389    -0.000031   -0.032472    0.000000  
     14.297113  0.945297  0.033432     0.000007   -0.031818    0.000001  
      6.459543  0.945297  1.951983    -0.000019    0.010887    0.000000  
      8.427377  2.835890  1.948879     0.000004    0.039853   -0.000001  
      1.364543  0.945297  1.959800     0.000075   -0.109414    0.000000  
     13.988087  2.835890  1.939935    -0.000022   -0.083334    0.000000  
      6.127677  2.835890  0.046475     0.000040    0.022651   -0.000000  
      8.621031  0.945297  0.042535    -0.000010    0.111443   -0.000000  
      3.328255  0.945297  0.050658    -0.000001   -0.075382    0.000001  
     12.100321  2.835890  0.036844     0.000003   -0.031852    0.000000  
      4.159435  2.835890  1.955623    -0.000007    0.039246   -0.000001  
     10.584933  0.945297  1.945449    -0.000001    0.056344   -0.000001  
     11.454511  2.835890  1.943745    -0.000064   -0.017107    0.000000  
 
  21 f  =    9.600322 THz    60.320604 2PiTHz  320.232281 cm-1    39.703725 meV
             X         Y         Z           dx          dy          dz
      1.637819  0.945297  0.053204     0.000007   -0.029289    0.000000  
     13.868318  2.835890  0.034091    -0.000000   -0.012085   -0.000000  
      5.849558  2.835890  1.952831    -0.000003   -0.030941    0.000000  
      8.821976  0.945297  1.948217     0.000009   -0.026831    0.000000  
      1.013496  2.835890  0.054389    -0.000006    0.029164   -0.000000  
     14.297113  0.945297  0.033432    -0.000015    0.016834   -0.000000  
      6.459543  0.945297  1.951983     0.000001    0.030526   -0.000000  
      8.427377  2.835890  1.948879    -0.000004    0.038197    0.000000  
      1.364543  0.945297  1.959800    -0.000055    0.103870    0.000000  
     13.988087  2.835890  1.939935     0.000010    0.041077    0.000000  
      6.127677  2.835890  0.046475     0.000029    0.097832   -0.000000  
      8.621031  0.945297  0.042535    -0.000056    0.094205    0.000000  
      3.328255  0.945297  0.050658     0.000005    0.049554   -0.000000  
     12.100321  2.835890  0.036844    -0.000004    0.005991    0.000001  
      4.159435  2.835890  1.955623    -0.000004    0.052544    0.000000  
     10.584933  0.945297  1.945449     0.000009    0.065543   -0.000000  
     11.454511  2.835890  1.943745     0.000030   -0.080367    0.000000  
 
  22 f  =    9.077298 THz    57.034347 2PiTHz  302.786079 cm-1    37.540672 meV
             X         Y         Z           dx          dy          dz
      1.637819  0.945297  0.053204     0.000250    0.000000   -0.007439  
     13.868318  2.835890  0.034091     0.000035    0.000000    0.009774  
      5.849558  2.835890  1.952831     0.000455   -0.000000    0.008111  
      8.821976  0.945297  1.948217    -0.000097   -0.000000    0.001470  
      1.013496  2.835890  0.054389     0.001820    0.000000   -0.045156  
     14.297113  0.945297  0.033432     0.000236   -0.000000   -0.085161  
      6.459543  0.945297  1.951983     0.003118   -0.000000    0.064312  
      8.427377  2.835890  1.948879     0.001018    0.000000    0.004924  
      1.364543  0.945297  1.959800    -0.003379    0.000001    0.000781  
     13.988087  2.835890  1.939935    -0.000863    0.000000   -0.021943  
      6.127677  2.835890  0.046475    -0.005219    0.000000    0.005692  
      8.621031  0.945297  0.042535    -0.001309    0.000002   -0.002019  
      3.328255  0.945297  0.050658     0.000452   -0.000002    0.144190  
     12.100321  2.835890  0.036844     0.000140   -0.000000    0.032651  
      4.159435  2.835890  1.955623     0.000153    0.000002   -0.149774  
     10.584933  0.945297  1.945449    -0.000083   -0.000004   -0.041182  
     11.454511  2.835890  1.943745     0.000502    0.000007    0.055915  
 
  23 f  =    9.053281 THz    56.883442 2PiTHz  301.984945 cm-1    37.441344 meV
             X         Y         Z           dx          dy          dz
      1.637819  0.945297  0.053204    -0.001993    0.000003    0.000142  
     13.868318  2.835890  0.034091     0.001877   -0.000000   -0.000372  
      5.849558  2.835890  1.952831     0.016403   -0.000023   -0.000167  
      8.821976  0.945297  1.948217    -0.002324   -0.000010   -0.000027  
      1.013496  2.835890  0.054389    -0.032220   -0.000001    0.000710  
     14.297113  0.945297  0.033432    -0.026603    0.000003    0.003148  
      6.459543  0.945297  1.951983     0.111496    0.000012   -0.001185  
      8.427377  2.835890  1.948879     0.034618    0.000015   -0.000353  
      1.364543  0.945297  1.959800     0.043027   -0.000018   -0.000100  
     13.988087  2.835890  1.939935     0.011718    0.000014    0.000771  
      6.127677  2.835890  0.046475    -0.199048    0.000060    0.000254  
      8.621031  0.945297  0.042535    -0.054295    0.000087    0.000129  
      3.328255  0.945297  0.050658    -0.002153    0.000005   -0.002776  
     12.100321  2.835890  0.036844     0.000834    0.000009   -0.000974  
      4.159435  2.835890  1.955623     0.015488    0.000057    0.002563  
     10.584933  0.945297  1.945449    -0.001822   -0.000160    0.001059  
     11.454511  2.835890  1.943745     0.039868    0.000244   -0.001680  
 
  24 f  =    9.027011 THz    56.718382 2PiTHz  301.108671 cm-1    37.332700 meV
             X         Y         Z           dx          dy          dz
      1.637819  0.945297  0.053204    -0.014459   -0.000019   -0.000059  
     13.868318  2.835890  0.034091     0.001059    0.000001    0.000998  
      5.849558  2.835890  1.952831    -0.003666    0.000005    0.000078  
      8.821976  0.945297  1.948217     0.001592    0.000012    0.000040  
      1.013496  2.835890  0.054389    -0.117279    0.000006    0.001474  
     14.297113  0.945297  0.033432    -0.040253    0.000000   -0.008075  
      6.459543  0.945297  1.951983    -0.028708   -0.000001    0.000624  
      8.427377  2.835890  1.948879    -0.013685   -0.000017    0.000740  
      1.364543  0.945297  1.959800     0.198444    0.000043    0.000051  
     13.988087  2.835890  1.939935     0.050706   -0.000009   -0.002112  
      6.127677  2.835890  0.046475     0.048344   -0.000008    0.000022  
      8.621031  0.945297  0.042535     0.011236   -0.000083   -0.000086  
      3.328255  0.945297  0.050658    -0.013175    0.000067    0.001183  
     12.100321  2.835890  0.036844    -0.003119   -0.000010    0.001743  
      4.159435  2.835890  1.955623    -0.003133   -0.000027   -0.001419  
     10.584933  0.945297  1.945449    -0.001118    0.000096   -0.001597  
     11.454511  2.835890  1.943745     0.012379   -0.000169    0.002951  
 
  25 f  =    9.005574 THz    56.583690 2PiTHz  300.393614 cm-1    37.244045 meV
             X         Y         Z           dx          dy          dz
      1.637819  0.945297  0.053204     0.000407    0.000001    0.002842  
     13.868318  2.835890  0.034091     0.000030    0.000000    0.025160  
      5.849558  2.835890  1.952831     0.000193   -0.000000   -0.003673  
      8.821976  0.945297  1.948217    -0.000088   -0.000001    0.000318  
      1.013496  2.835890  0.054389     0.003661   -0.000000    0.064523  
     14.297113  0.945297  0.033432     0.001089   -0.000001   -0.199967  
      6.459543  0.945297  1.951983     0.001694    0.000000   -0.028458  
      8.427377  2.835890  1.948879     0.000785    0.000001    0.020756  
      1.364543  0.945297  1.959800    -0.005799   -0.000002    0.008468  
     13.988087  2.835890  1.939935    -0.001711   -0.000000   -0.050023  
      6.127677  2.835890  0.046475    -0.002879    0.000001   -0.001073  
      8.621031  0.945297  0.042535    -0.000584    0.000004   -0.000542  
      3.328255  0.945297  0.050658     0.000282   -0.000002   -0.059059  
     12.100321  2.835890  0.036844     0.000175   -0.000001    0.034338  
      4.159435  2.835890  1.955623     0.000295    0.000001    0.063467  
     10.584933  0.945297  1.945449    -0.000011   -0.000005   -0.022880  
     11.454511  2.835890  1.943745    -0.000571    0.000009    0.059357  
 
  26 f  =    8.817083 THz    55.399368 2PiTHz  294.106239 cm-1    36.464510 meV
             X         Y         Z           dx          dy          dz
      1.637819  0.945297  0.053204    -0.000016   -0.002896   -0.000000  
     13.868318  2.835890  0.034091    -0.000011   -0.005838    0.000000  
      5.849558  2.835890  1.952831    -0.000020   -0.003863    0.000000  
      8.821976  0.945297  1.948217     0.000011   -0.013593    0.000000  
      1.013496  2.835890  0.054389    -0.000031    0.002681   -0.000000  
     14.297113  0.945297  0.033432     0.000052    0.008907   -0.000001  
      6.459543  0.945297  1.951983    -0.000135    0.001519    0.000001  
      8.427377  2.835890  1.948879    -0.000009    0.016071   -0.000004  
      1.364543  0.945297  1.959800     0.000102    0.005788    0.000000  
     13.988087  2.835890  1.939935     0.000055    0.028062   -0.000001  
      6.127677  2.835890  0.046475     0.000222    0.009075   -0.000000  
      8.621031  0.945297  0.042535     0.000025    0.102085   -0.000000  
      3.328255  0.945297  0.050658    -0.000011    0.003383    0.000002  
     12.100321  2.835890  0.036844    -0.000009    0.011211   -0.000001  
      4.159435  2.835890  1.955623    -0.000017    0.010527   -0.000002  
     10.584933  0.945297  1.945449     0.000007   -0.145260    0.000004  
     11.454511  2.835890  1.943745    -0.000118    0.273046   -0.000001  
 
  27 f  =    8.439875 THz    53.029300 2PiTHz  281.523934 cm-1    34.904503 meV
             X         Y         Z           dx          dy          dz
      1.637819  0.945297  0.053204     0.000044   -0.000000   -0.000861  
     13.868318  2.835890  0.034091     0.000054    0.000000    0.012572  
      5.849558  2.835890  1.952831     0.000010   -0.000000    0.001284  
      8.821976  0.945297  1.948217     0.000022    0.000000    0.003953  
      1.013496  2.835890  0.054389     0.000039   -0.000000    0.024345  
     14.297113  0.945297  0.033432    -0.000486   -0.000000   -0.039987  
      6.459543  0.945297  1.951983    -0.000100    0.000000    0.044205  
      8.427377  2.835890  1.948879    -0.000303   -0.000000   -0.158085  
      1.364543  0.945297  1.959800    -0.000271    0.000000    0.012493  
     13.988087  2.835890  1.939935    -0.000006   -0.000001   -0.026122  
      6.127677  2.835890  0.046475     0.000156   -0.000000    0.009843  
      8.621031  0.945297  0.042535    -0.000118   -0.000002   -0.026529  
      3.328255  0.945297  0.050658     0.000029    0.000000   -0.002343  
     12.100321  2.835890  0.036844    -0.000053    0.000001   -0.052767  
      4.159435  2.835890  1.955623    -0.000045    0.000000   -0.026415  
     10.584933  0.945297  1.945449     0.000226    0.000003    0.161137  
     11.454511  2.835890  1.943745     0.000556   -0.000009   -0.056853  
 
  28 f  =    8.406365 THz    52.818749 2PiTHz  280.406152 cm-1    34.765916 meV
             X         Y         Z           dx          dy          dz
      1.637819  0.945297  0.053204     0.014660    0.000014   -0.000051  
     13.868318  2.835890  0.034091     0.010913    0.000016    0.000024  
      5.849558  2.835890  1.952831     0.003729    0.000001   -0.000013  
      8.821976  0.945297  1.948217     0.005897    0.000000   -0.000020  
      1.013496  2.835890  0.054389    -0.024543   -0.000017    0.000130  
     14.297113  0.945297  0.033432    -0.152571   -0.000016   -0.000124  
      6.459543  0.945297  1.951983    -0.043776    0.000009   -0.000209  
      8.427377  2.835890  1.948879    -0.017633   -0.000002    0.000558  
      1.364543  0.945297  1.959800    -0.061867   -0.000059    0.000141  
     13.988087  2.835890  1.939935     0.031144    0.000006   -0.000108  
      6.127677  2.835890  0.046475     0.024883    0.000024   -0.000129  
      8.621031  0.945297  0.042535    -0.072312   -0.000010    0.000205  
      3.328255  0.945297  0.050658     0.009771    0.000033    0.000108  
     12.100321  2.835890  0.036844     0.005799   -0.000088    0.000092  
      4.159435  2.835890  1.955623     0.000702   -0.000024    0.000196  
     10.584933  0.945297  1.945449    -0.004198    0.000000   -0.000450  
     11.454511  2.835890  1.943745     0.248977    0.000181   -0.000067  
 
  29 f  =    7.971042 THz    50.083531 2PiTHz  265.885328 cm-1    32.965564 meV
             X         Y         Z           dx          dy          dz
      1.637819  0.945297  0.053204     0.000035   -0.000000    0.009279  
     13.868318  2.835890  0.034091    -0.000001   -0.000000   -0.005161  
      5.849558  2.835890  1.952831     0.000036   -0.000000    0.007005  
      8.821976  0.945297  1.948217     0.000010    0.000000    0.004198  
      1.013496  2.835890  0.054389     0.000244   -0.000000    0.085752  
     14.297113  0.945297  0.033432     0.000045    0.000000    0.018249  
      6.459543  0.945297  1.951983     0.000013   -0.000000    0.096745  
      8.427377  2.835890  1.948879    -0.000138   -0.000000   -0.006364  
      1.364543  0.945297  1.959800    -0.000257   -0.000001    0.020418  
     13.988087  2.835890  1.939935    -0.000167    0.000000    0.012675  
      6.127677  2.835890  0.046475     0.000228   -0.000000    0.035025  
      8.621031  0.945297  0.042535    -0.000028    0.000000   -0.010994  
      3.328255  0.945297  0.050658    -0.000210    0.000001   -0.149737  
     12.100321  2.835890  0.036844     0.000008   -0.000000    0.001927  
      4.159435  2.835890  1.955623    -0.000196    0.000001   -0.124557  
     10.584933  0.945297  1.945449    -0.000103   -0.000000   -0.066477  
     11.454511  2.835890  1.943745     0.000268    0.000002   -0.011923  
 
  30 f  =    7.444945 THz    46.777969 2PiTHz  248.336633 cm-1    30.789805 meV
             X         Y         Z           dx          dy          dz
      1.637819  0.945297  0.053204     0.001363    0.000002    0.000112  
     13.868318  2.835890  0.034091    -0.004086    0.000009   -0.000510  
      5.849558  2.835890  1.952831     0.004028   -0.000011   -0.000380  
      8.821976  0.945297  1.948217     0.003547   -0.000029    0.000644  
      1.013496  2.835890  0.054389     0.012906   -0.000021   -0.001532  
     14.297113  0.945297  0.033432    -0.049902    0.000006    0.000301  
      6.459543  0.945297  1.951983     0.015344    0.000018    0.001733  
      8.427377  2.835890  1.948879    -0.159522    0.000010   -0.003486  
      1.364543  0.945297  1.959800    -0.022174   -0.000050   -0.000944  
     13.988087  2.835890  1.939935     0.065749    0.000098    0.000718  
      6.127677  2.835890  0.046475    -0.057652    0.000054    0.001510  
      8.621031  0.945297  0.042535     0.160063   -0.000014   -0.002500  
      3.328255  0.945297  0.050658    -0.001066    0.000088   -0.000099  
     12.100321  2.835890  0.036844    -0.001785   -0.000268    0.003225  
      4.159435  2.835890  1.955623     0.000317   -0.000076    0.002413  
     10.584933  0.945297  1.945449     0.007340    0.000114   -0.002093  
     11.454511  2.835890  1.943745     0.001461    0.000266    0.003857  
 
  31 f  =    7.424713 THz    46.650845 2PiTHz  247.661756 cm-1    30.706130 meV
             X         Y         Z           dx          dy          dz
      1.637819  0.945297  0.053204    -0.000031   -0.000000    0.003391  
     13.868318  2.835890  0.034091     0.000125    0.000000   -0.017066  
      5.849558  2.835890  1.952831    -0.000140    0.000000   -0.012312  
      8.821976  0.945297  1.948217    -0.000075    0.000001    0.021208  
      1.013496  2.835890  0.054389    -0.000573    0.000000   -0.048998  
     14.297113  0.945297  0.033432     0.001525    0.000001    0.008574  
      6.459543  0.945297  1.951983    -0.000448   -0.000000    0.058673  
      8.427377  2.835890  1.948879     0.004648   -0.000001   -0.121716  
      1.364543  0.945297  1.959800     0.000713    0.000001   -0.031484  
     13.988087  2.835890  1.939935    -0.002017    0.000006    0.026468  
      6.127677  2.835890  0.046475     0.001816   -0.000001    0.046514  
      8.621031  0.945297  0.042535    -0.005098   -0.000005   -0.072581  
      3.328255  0.945297  0.050658     0.000030   -0.000002   -0.001928  
     12.100321  2.835890  0.036844     0.000220   -0.000013    0.105467  
      4.159435  2.835890  1.955623     0.000122    0.000001    0.076091  
     10.584933  0.945297  1.945449    -0.000332    0.000007   -0.064628  
     11.454511  2.835890  1.943745     0.000449    0.000012    0.127081  
 
  32 f  =    7.360845 THz    46.249550 2PiTHz  245.531346 cm-1    30.441993 meV
             X         Y         Z           dx          dy          dz
      1.637819  0.945297  0.053204     0.000004    0.000886    0.000000  
     13.868318  2.835890  0.034091    -0.000006   -0.004948   -0.000002  
      5.849558  2.835890  1.952831     0.000003   -0.000123   -0.000001  
      8.821976  0.945297  1.948217     0.000010    0.006714    0.000002  
      1.013496  2.835890  0.054389     0.000018    0.001874   -0.000005  
     14.297113  0.945297  0.033432    -0.000127   -0.008351    0.000000  
      6.459543  0.945297  1.951983    -0.000017   -0.002360    0.000007  
      8.427377  2.835890  1.948879    -0.000243    0.005433   -0.000012  
      1.364543  0.945297  1.959800    -0.000044    0.002639   -0.000003  
     13.988087  2.835890  1.939935     0.000114   -0.071542    0.000003  
      6.127677  2.835890  0.046475    -0.000063   -0.003740    0.000006  
      8.621031  0.945297  0.042535     0.000195    0.040740   -0.000008  
      3.328255  0.945297  0.050658     0.000001   -0.011949   -0.000000  
     12.100321  2.835890  0.036844     0.000006    0.184599    0.000012  
      4.159435  2.835890  1.955623    -0.000002    0.010277    0.000009  
     10.584933  0.945297  1.945449     0.000008   -0.096715   -0.000010  
     11.454511  2.835890  1.943745     0.000163   -0.174837    0.000014  
 
  33 f  =    7.035490 THz    44.205285 2PiTHz  234.678670 cm-1    29.096434 meV
             X         Y         Z           dx          dy          dz
      1.637819  0.945297  0.053204     0.004784   -0.000001   -0.000053  
     13.868318  2.835890  0.034091     0.012929   -0.000016   -0.000006  
      5.849558  2.835890  1.952831     0.004153   -0.000006    0.000007  
      8.821976  0.945297  1.948217    -0.001315   -0.000009   -0.000006  
      1.013496  2.835890  0.054389    -0.047294   -0.000006    0.000196  
     14.297113  0.945297  0.033432     0.073979    0.000005   -0.000061  
      6.459543  0.945297  1.951983    -0.007171    0.000005   -0.000185  
      8.427377  2.835890  1.948879    -0.074863    0.000003    0.000157  
      1.364543  0.945297  1.959800     0.028210   -0.000008    0.000073  
     13.988087  2.835890  1.939935    -0.183560    0.000020    0.000244  
      6.127677  2.835890  0.046475    -0.015202    0.000016   -0.000092  
      8.621031  0.945297  0.042535     0.027795    0.000015   -0.000026  
      3.328255  0.945297  0.050658     0.003990    0.000020    0.000204  
     12.100321  2.835890  0.036844     0.006674   -0.000002   -0.000039  
      4.159435  2.835890  1.955623     0.001528   -0.000016    0.000013  
     10.584933  0.945297  1.945449    -0.005165   -0.000024    0.000073  
     11.454511  2.835890  1.943745     0.180865    0.000057   -0.000164  
 
  34 f  =    6.681129 THz    41.978769 2PiTHz  222.858460 cm-1    27.630915 meV
             X         Y         Z           dx          dy          dz
      1.637819  0.945297  0.053204     0.000002   -0.005806    0.000000  
     13.868318  2.835890  0.034091     0.000002   -0.006087    0.000000  
      5.849558  2.835890  1.952831    -0.000001    0.004409   -0.000000  
      8.821976  0.945297  1.948217     0.000007    0.007568   -0.000000  
      1.013496  2.835890  0.054389    -0.000014    0.032105   -0.000000  
     14.297113  0.945297  0.033432    -0.000058    0.004317    0.000000  
      6.459543  0.945297  1.951983    -0.000019   -0.035027   -0.000000  
      8.427377  2.835890  1.948879    -0.000096   -0.004394    0.000001  
      1.364543  0.945297  1.959800     0.000005    0.081584   -0.000000  
     13.988087  2.835890  1.939935     0.000023    0.007517   -0.000000  
      6.127677  2.835890  0.046475    -0.000030   -0.086513    0.000000  
      8.621031  0.945297  0.042535     0.000059   -0.006497    0.000000  
      3.328255  0.945297  0.050658     0.000005   -0.142875   -0.000002  
     12.100321  2.835890  0.036844     0.000007   -0.014313   -0.000000  
      4.159435  2.835890  1.955623    -0.000005    0.156270    0.000001  
     10.584933  0.945297  1.945449     0.000002    0.004395    0.000000  
     11.454511  2.835890  1.943745     0.000081    0.007859   -0.000001  
 
  35 f  =    6.360339 THz    39.963187 2PiTHz  212.158066 cm-1    26.304236 meV
             X         Y         Z           dx          dy          dz
      1.637819  0.945297  0.053204    -0.000014   -0.000000   -0.013076  
     13.868318  2.835890  0.034091     0.000014   -0.000000    0.023710  
      5.849558  2.835890  1.952831    -0.000034   -0.000000   -0.018280  
      8.821976  0.945297  1.948217     0.000029   -0.000000    0.011881  
      1.013496  2.835890  0.054389     0.000077    0.000000    0.033631  
     14.297113  0.945297  0.033432     0.000050    0.000000    0.005345  
      6.459543  0.945297  1.951983     0.000049    0.000000    0.067641  
      8.427377  2.835890  1.948879    -0.000015   -0.000000   -0.015036  
      1.364543  0.945297  1.959800     0.000062    0.000000    0.033607  
     13.988087  2.835890  1.939935    -0.000116   -0.000000   -0.022960  
      6.127677  2.835890  0.046475     0.000073    0.000000    0.054884  
      8.621031  0.945297  0.042535    -0.000081   -0.000001   -0.028593  
      3.328255  0.945297  0.050658     0.000099   -0.000000    0.061410  
     12.100321  2.835890  0.036844    -0.000187    0.000002   -0.118515  
      4.159435  2.835890  1.955623     0.000116   -0.000000    0.071531  
     10.584933  0.945297  1.945449    -0.000151    0.000003   -0.110229  
     11.454511  2.835890  1.943745    -0.000379    0.000006   -0.152320  
 
  36 f  =    5.595920 THz    35.160202 2PiTHz  186.659797 cm-1    23.142855 meV
             X         Y         Z           dx          dy          dz
      1.637819  0.945297  0.053204     0.000068    0.000001    0.032808  
     13.868318  2.835890  0.034091     0.000075   -0.000003    0.029975  
      5.849558  2.835890  1.952831    -0.000008    0.000001   -0.005861  
      8.821976  0.945297  1.948217    -0.000023   -0.000005   -0.009376  
      1.013496  2.835890  0.054389    -0.000386    0.000001   -0.158126  
     14.297113  0.945297  0.033432    -0.000050   -0.000001   -0.020538  
      6.459543  0.945297  1.951983     0.000051    0.000001    0.053912  
      8.427377  2.835890  1.948879    -0.000014   -0.000003    0.029883  
      1.364543  0.945297  1.959800    -0.000045    0.000002   -0.105381  
     13.988087  2.835890  1.939935    -0.000192   -0.000007   -0.021312  
      6.127677  2.835890  0.046475     0.000073    0.000002    0.034298  
      8.621031  0.945297  0.042535     0.000033   -0.000011    0.021261  
      3.328255  0.945297  0.050658    -0.000090   -0.000004   -0.070487  
     12.100321  2.835890  0.036844    -0.000055    0.000027   -0.043207  
      4.159435  2.835890  1.955623     0.000008   -0.000004    0.001473  
     10.584933  0.945297  1.945449    -0.000017    0.000025    0.007841  
     11.454511  2.835890  1.943745     0.000244    0.000041   -0.040367  
 
  37 f  =    5.581631 THz    35.070421 2PiTHz  186.183164 cm-1    23.083760 meV
             X         Y         Z           dx          dy          dz
      1.637819  0.945297  0.053204     0.000003   -0.002418    0.000006  
     13.868318  2.835890  0.034091     0.000000    0.017528    0.000006  
      5.849558  2.835890  1.952831     0.000005   -0.004681   -0.000002  
      8.821976  0.945297  1.948217    -0.000003    0.026363   -0.000002  
      1.013496  2.835890  0.054389     0.000000   -0.005949   -0.000031  
     14.297113  0.945297  0.033432     0.000002    0.006220   -0.000004  
      6.459543  0.945297  1.951983    -0.000021   -0.005148    0.000012  
      8.427377  2.835890  1.948879     0.000003    0.015565    0.000007  
      1.364543  0.945297  1.959800     0.000000   -0.011050   -0.000020  
     13.988087  2.835890  1.939935    -0.000017    0.036077   -0.000004  
      6.127677  2.835890  0.046475     0.000016   -0.007949    0.000008  
      8.621031  0.945297  0.042535    -0.000002    0.055408    0.000004  
      3.328255  0.945297  0.050658    -0.000000    0.022972   -0.000013  
     12.100321  2.835890  0.036844    -0.000008   -0.138990   -0.000011  
      4.159435  2.835890  1.955623     0.000004    0.014618    0.000002  
     10.584933  0.945297  1.945449    -0.000002   -0.124904   -0.000000  
     11.454511  2.835890  1.943745    -0.000012   -0.204771   -0.000010  
 
  38 f  =    5.111676 THz    32.117605 2PiTHz  170.507146 cm-1    21.140182 meV
             X         Y         Z           dx          dy          dz
      1.637819  0.945297  0.053204    -0.000013    0.017447    0.000000  
     13.868318  2.835890  0.034091     0.000012   -0.010621    0.000000  
      5.849558  2.835890  1.952831     0.000014    0.017669    0.000001  
      8.821976  0.945297  1.948217    -0.000013   -0.008335    0.000001  
      1.013496  2.835890  0.054389    -0.000029    0.042575    0.000000  
     14.297113  0.945297  0.033432    -0.000014    0.000615    0.000000  
      6.459543  0.945297  1.951983     0.000025    0.040597   -0.000004  
      8.427377  2.835890  1.948879    -0.000011    0.002132   -0.000002  
      1.364543  0.945297  1.959800     0.000001    0.082942    0.000000  
     13.988087  2.835890  1.939935     0.000019    0.001269   -0.000000  
      6.127677  2.835890  0.046475     0.000006    0.076560   -0.000002  
      8.621031  0.945297  0.042535    -0.000009    0.005677   -0.000002  
      3.328255  0.945297  0.050658    -0.000008   -0.146207   -0.000002  
     12.100321  2.835890  0.036844     0.000011   -0.029200   -0.000001  
      4.159435  2.835890  1.955623     0.000011   -0.134440   -0.000003  
     10.584933  0.945297  1.945449    -0.000016   -0.025477   -0.000003  
     11.454511  2.835890  1.943745     0.000018   -0.037097   -0.000002  
 
  39 f  =    4.997892 THz    31.402682 2PiTHz  166.711732 cm-1    20.669611 meV
             X         Y         Z           dx          dy          dz
      1.637819  0.945297  0.053204    -0.000020    0.000001   -0.011754  
     13.868318  2.835890  0.034091    -0.000016   -0.000000   -0.018964  
      5.849558  2.835890  1.952831    -0.000069    0.000000   -0.032897  
      8.821976  0.945297  1.948217    -0.000025   -0.000001   -0.037220  
      1.013496  2.835890  0.054389     0.000052    0.000001    0.032006  
     14.297113  0.945297  0.033432     0.000005    0.000000   -0.001874  
      6.459543  0.945297  1.951983     0.000130    0.000001    0.125471  
      8.427377  2.835890  1.948879     0.000069   -0.000000    0.072405  
      1.364543  0.945297  1.959800     0.000010    0.000003    0.021222  
     13.988087  2.835890  1.939935     0.000000   -0.000000    0.005934  
      6.127677  2.835890  0.046475     0.000120    0.000002    0.083771  
      8.621031  0.945297  0.042535     0.000158   -0.000000    0.062884  
      3.328255  0.945297  0.050658     0.000032   -0.000005    0.022874  
     12.100321  2.835890  0.036844     0.000068   -0.000000    0.037150  
      4.159435  2.835890  1.955623     0.000061   -0.000005    0.047961  
     10.584933  0.945297  1.945449     0.000150   -0.000000    0.078304  
     11.454511  2.835890  1.943745     0.000145   -0.000001    0.049286  
 
  40 f  =    3.741461 THz    23.508292 2PiTHz  124.801704 cm-1    15.473432 meV
             X         Y         Z           dx          dy          dz
      1.637819  0.945297  0.053204     0.041020    0.000024   -0.000066  
     13.868318  2.835890  0.034091    -0.041173   -0.000029    0.000081  
      5.849558  2.835890  1.952831    -0.044769    0.000006    0.000099  
      8.821976  0.945297  1.948217     0.045197   -0.000006   -0.000059  
      1.013496  2.835890  0.054389     0.021702    0.000024   -0.000036  
     14.297113  0.945297  0.033432    -0.037018   -0.000020    0.000043  
      6.459543  0.945297  1.951983    -0.023915    0.000012    0.000041  
      8.427377  2.835890  1.948879     0.047682   -0.000008   -0.000085  
      1.364543  0.945297  1.959800     0.038078    0.000034   -0.000072  
     13.988087  2.835890  1.939935    -0.043584   -0.000023    0.000073  
      6.127677  2.835890  0.046475    -0.041697    0.000018    0.000056  
      8.621031  0.945297  0.042535     0.034972   -0.000007   -0.000056  
      3.328255  0.945297  0.050658     0.040686   -0.000004   -0.000086  
     12.100321  2.835890  0.036844    -0.038417   -0.000035    0.000122  
      4.159435  2.835890  1.955623    -0.044621   -0.000034    0.000005  
     10.584933  0.945297  1.945449     0.042982   -0.000015   -0.000081  
     11.454511  2.835890  1.943745     0.005198   -0.000022    0.000060  
 
  41 f  =    3.402574 THz    21.379002 2PiTHz  113.497647 cm-1    14.071908 meV
             X         Y         Z           dx          dy          dz
      1.637819  0.945297  0.053204     0.044824   -0.002560   -0.000076  
     13.868318  2.835890  0.034091    -0.045246    0.002319    0.000079  
      5.849558  2.835890  1.952831     0.042744    0.002325   -0.000097  
      8.821976  0.945297  1.948217    -0.039295   -0.001954    0.000040  
      1.013496  2.835890  0.054389     0.028457   -0.001751   -0.000021  
     14.297113  0.945297  0.033432    -0.038588    0.001425    0.000041  
      6.459543  0.945297  1.951983     0.023609    0.001718   -0.000033  
      8.427377  2.835890  1.948879    -0.037889   -0.001227    0.000067  
      1.364543  0.945297  1.959800     0.042123   -0.002210   -0.000060  
     13.988087  2.835890  1.939935    -0.033860    0.001980    0.000059  
      6.127677  2.835890  0.046475     0.039690    0.002126   -0.000052  
      8.621031  0.945297  0.042535    -0.029117   -0.001634    0.000051  
      3.328255  0.945297  0.050658     0.044539   -0.001871   -0.000067  
     12.100321  2.835890  0.036844    -0.042809    0.000911    0.000131  
      4.159435  2.835890  1.955623     0.042554    0.001431   -0.000020  
     10.584933  0.945297  1.945449    -0.037271   -0.001196    0.000108  
     11.454511  2.835890  1.943745    -0.055288   -0.001408    0.000135  
 
  42 f  =    3.396756 THz    21.342448 2PiTHz  113.303586 cm-1    14.047848 meV
             X         Y         Z           dx          dy          dz
      1.637819  0.945297  0.053204     0.002267    0.050153   -0.000004  
     13.868318  2.835890  0.034091    -0.002290   -0.045850    0.000004  
      5.849558  2.835890  1.952831     0.002178   -0.045670   -0.000005  
      8.821976  0.945297  1.948217    -0.002011    0.038578    0.000002  
      1.013496  2.835890  0.054389     0.001430    0.034367   -0.000001  
     14.297113  0.945297  0.033432    -0.001961   -0.028240    0.000002  
      6.459543  0.945297  1.951983     0.001196   -0.033772   -0.000002  
      8.427377  2.835890  1.948879    -0.001939    0.024322    0.000003  
      1.364543  0.945297  1.959800     0.002125    0.043375   -0.000003  
     13.988087  2.835890  1.939935    -0.001706   -0.039262    0.000003  
      6.127677  2.835890  0.046475     0.002025   -0.041727   -0.000003  
      8.621031  0.945297  0.042535    -0.001492    0.032396    0.000003  
      3.328255  0.945297  0.050658     0.002249    0.036610   -0.000003  
     12.100321  2.835890  0.036844    -0.002170   -0.017658    0.000007  
      4.159435  2.835890  1.955623     0.002168   -0.028031   -0.000001  
     10.584933  0.945297  1.945449    -0.001909    0.023630    0.000006  
     11.454511  2.835890  1.943745    -0.002839    0.028212    0.000007  
 
  43 f  =    2.863742 THz    17.993424 2PiTHz   95.524162 cm-1    11.843481 meV
             X         Y         Z           dx          dy          dz
      1.637819  0.945297  0.053204     0.000005   -0.038449    0.000001  
     13.868318  2.835890  0.034091    -0.000016    0.039505   -0.000001  
      5.849558  2.835890  1.952831    -0.000012   -0.043897    0.000001  
      8.821976  0.945297  1.948217     0.000019    0.043309   -0.000001  
      1.013496  2.835890  0.054389     0.000002   -0.018274   -0.000000  
     14.297113  0.945297  0.033432    -0.000010    0.028334   -0.000000  
      6.459543  0.945297  1.951983    -0.000005   -0.023978   -0.000000  
      8.427377  2.835890  1.948879     0.000002    0.030928   -0.000000  
      1.364543  0.945297  1.959800     0.000010   -0.017832    0.000000  
     13.988087  2.835890  1.939935    -0.000020    0.033976   -0.000000  
      6.127677  2.835890  0.046475    -0.000018   -0.023881    0.000000  
      8.621031  0.945297  0.042535     0.000014    0.036433   -0.000000  
      3.328255  0.945297  0.050658     0.000011   -0.073817   -0.000000  
     12.100321  2.835890  0.036844    -0.000012    0.040953   -0.000000  
      4.159435  2.835890  1.955623    -0.000015   -0.075849   -0.000000  
     10.584933  0.945297  1.945449     0.000014    0.041531   -0.000000  
     11.454511  2.835890  1.943745     0.000023    0.047089   -0.000000  
 
  44 f  =    1.937427 THz    12.173212 2PiTHz   64.625603 cm-1     8.012550 meV
             X         Y         Z           dx          dy          dz
      1.637819  0.945297  0.053204    -0.000122   -0.000000   -0.066835  
     13.868318  2.835890  0.034091     0.000051    0.000001    0.034985  
      5.849558  2.835890  1.952831     0.000079    0.000000    0.053829  
      8.821976  0.945297  1.948217    -0.000067   -0.000000   -0.029316  
      1.013496  2.835890  0.054389    -0.000036   -0.000000   -0.017540  
     14.297113  0.945297  0.033432     0.000043    0.000001    0.022346  
      6.459543  0.945297  1.951983     0.000011   -0.000000    0.018007  
      8.427377  2.835890  1.948879    -0.000029   -0.000000   -0.009333  
      1.364543  0.945297  1.959800    -0.000062   -0.000000   -0.028748  
     13.988087  2.835890  1.939935     0.000069    0.000001    0.024739  
      6.127677  2.835890  0.046475     0.000038    0.000000    0.026343  
      8.621031  0.945297  0.042535    -0.000047   -0.000000   -0.010935  
      3.328255  0.945297  0.050658    -0.000068   -0.000001   -0.031514  
     12.100321  2.835890  0.036844     0.000029    0.000000    0.021588  
      4.159435  2.835890  1.955623     0.000036    0.000000    0.026008  
     10.584933  0.945297  1.945449    -0.000027   -0.000000   -0.005841  
     11.454511  2.835890  1.943745    -0.000005   -0.000000    0.023541  
 
  45 f  =    1.562411 THz     9.816915 2PiTHz   52.116408 cm-1     6.461608 meV
             X         Y         Z           dx          dy          dz
      1.637819  0.945297  0.053204    -0.000542   -0.000003   -0.031199  
     13.868318  2.835890  0.034091    -0.000350   -0.000003    0.053980  
      5.849558  2.835890  1.952831     0.000373    0.000002   -0.062593  
      8.821976  0.945297  1.948217     0.000515    0.000004    0.028153  
      1.013496  2.835890  0.054389    -0.000473   -0.000004    0.004535  
     14.297113  0.945297  0.033432    -0.000357   -0.000003    0.041787  
      6.459543  0.945297  1.951983     0.000444    0.000003   -0.021396  
      8.427377  2.835890  1.948879     0.000501    0.000004    0.010621  
      1.364543  0.945297  1.959800    -0.000512   -0.000004   -0.006617  
     13.988087  2.835890  1.939935    -0.000392   -0.000003    0.044137  
      6.127677  2.835890  0.046475     0.000417    0.000003   -0.033436  
      8.621031  0.945297  0.042535     0.000500    0.000004    0.015079  
      3.328255  0.945297  0.050658    -0.000527   -0.000003   -0.022781  
     12.100321  2.835890  0.036844    -0.000354   -0.000001    0.041313  
      4.159435  2.835890  1.955623     0.000398    0.000000   -0.043422  
     10.584933  0.945297  1.945449     0.000488    0.000003    0.022370  
     11.454511  2.835890  1.943745     0.000146    0.000003    0.041678  
 
  46 f  =    1.415520 THz     8.893971 2PiTHz   47.216649 cm-1     5.854116 meV
             X         Y         Z           dx          dy          dz
      1.637819  0.945297  0.053204     0.043195    0.000015   -0.001293  
     13.868318  2.835890  0.034091     0.039405    0.000028   -0.000264  
      5.849558  2.835890  1.952831    -0.042178   -0.000022   -0.000431  
      8.821976  0.945297  1.948217    -0.040928   -0.000020    0.001805  
      1.013496  2.835890  0.054389     0.043757    0.000023   -0.000723  
     14.297113  0.945297  0.033432     0.039594    0.000029   -0.000335  
      6.459543  0.945297  1.951983    -0.041963   -0.000018    0.000364  
      8.427377  2.835890  1.948879    -0.043070   -0.000019    0.001180  
      1.364543  0.945297  1.959800     0.043224    0.000029   -0.000873  
     13.988087  2.835890  1.939935     0.046891    0.000032   -0.000287  
      6.127677  2.835890  0.046475    -0.042530   -0.000014    0.000077  
      8.621031  0.945297  0.042535    -0.040422   -0.000022    0.001214  
      3.328255  0.945297  0.050658     0.043133    0.000007   -0.000954  
     12.100321  2.835890  0.036844     0.037852    0.000012   -0.000188  
      4.159435  2.835890  1.955623    -0.042175   -0.000021   -0.000358  
     10.584933  0.945297  1.945449    -0.039217   -0.000016    0.001036  
     11.454511  2.835890  1.943745    -0.009552   -0.000008   -0.000120  
 
  47 f  =    1.384348 THz     8.698115 2PiTHz   46.176881 cm-1     5.725201 meV
             X         Y         Z           dx          dy          dz
      1.637819  0.945297  0.053204     0.000917   -0.000038    0.040924  
     13.868318  2.835890  0.034091     0.000843   -0.000046    0.037307  
      5.849558  2.835890  1.952831    -0.000934    0.000038   -0.011259  
      8.821976  0.945297  1.948217    -0.000982    0.000044   -0.070115  
      1.013496  2.835890  0.054389     0.000936   -0.000042    0.034545  
     14.297113  0.945297  0.033432     0.000850   -0.000043    0.035873  
      6.459543  0.945297  1.951983    -0.000938    0.000041   -0.026741  
      8.427377  2.835890  1.948879    -0.000968    0.000042   -0.049260  
      1.364543  0.945297  1.959800     0.000902   -0.000045    0.034978  
     13.988087  2.835890  1.939935     0.001032   -0.000046    0.033570  
      6.127677  2.835890  0.046475    -0.000956    0.000045   -0.020329  
      8.621031  0.945297  0.042535    -0.000972    0.000045   -0.048831  
      3.328255  0.945297  0.050658     0.000898   -0.000016    0.029177  
     12.100321  2.835890  0.036844     0.000790   -0.000021    0.025565  
      4.159435  2.835890  1.955623    -0.000927    0.000017   -0.007049  
     10.584933  0.945297  1.945449    -0.000890    0.000029   -0.035584  
     11.454511  2.835890  1.943745    -0.000201    0.000028    0.025933  
 
  48 f  =    1.347988 THz     8.469656 2PiTHz   44.964029 cm-1     5.574827 meV
             X         Y         Z           dx          dy          dz
      1.637819  0.945297  0.053204    -0.000010    0.039549    0.000038  
     13.868318  2.835890  0.034091    -0.000029    0.046936    0.000040  
      5.849558  2.835890  1.952831     0.000028   -0.038751   -0.000015  
      8.821976  0.945297  1.948217     0.000015   -0.045016   -0.000066  
      1.013496  2.835890  0.054389    -0.000018    0.043565    0.000035  
     14.297113  0.945297  0.033432    -0.000019    0.044744    0.000038  
      6.459543  0.945297  1.951983     0.000016   -0.042431   -0.000028  
      8.427377  2.835890  1.948879     0.000022   -0.043934   -0.000048  
      1.364543  0.945297  1.959800    -0.000006    0.047109    0.000034  
     13.988087  2.835890  1.939935    -0.000032    0.048104    0.000036  
      6.127677  2.835890  0.046475     0.000037   -0.045703   -0.000023  
      8.621031  0.945297  0.042535     0.000012   -0.047128   -0.000047  
      3.328255  0.945297  0.050658    -0.000010    0.016543    0.000027  
     12.100321  2.835890  0.036844    -0.000027    0.021641    0.000028  
      4.159435  2.835890  1.955623     0.000029   -0.017190   -0.000010  
     10.584933  0.945297  1.945449     0.000013   -0.030598   -0.000034  
     11.454511  2.835890  1.943745     0.000006   -0.028651    0.000028  
 
  49 fi =    0.005777 THz     0.036299 2PiTHz    0.192707 cm-1     0.023893 meV
             X         Y         Z           dx          dy          dz
      1.637819  0.945297  0.053204    -0.006513    0.040925    0.000551  
     13.868318  2.835890  0.034091    -0.006515    0.040961    0.000549  
      5.849558  2.835890  1.952831    -0.006509    0.040930    0.000550  
      8.821976  0.945297  1.948217    -0.006490    0.040977    0.000562  
      1.013496  2.835890  0.054389    -0.006522    0.040911    0.000547  
     14.297113  0.945297  0.033432    -0.006484    0.040933    0.000547  
      6.459543  0.945297  1.951983    -0.006495    0.040919    0.000554  
      8.427377  2.835890  1.948879    -0.006500    0.040944    0.000558  
      1.364543  0.945297  1.959800    -0.006503    0.040901    0.000548  
     13.988087  2.835890  1.939935    -0.006529    0.040927    0.000549  
      6.127677  2.835890  0.046475    -0.006501    0.040908    0.000552  
      8.621031  0.945297  0.042535    -0.006485    0.040928    0.000558  
      3.328255  0.945297  0.050658    -0.006514    0.040878    0.000549  
     12.100321  2.835890  0.036844    -0.006516    0.040964    0.000555  
      4.159435  2.835890  1.955623    -0.006509    0.040869    0.000547  
     10.584933  0.945297  1.945449    -0.006493    0.040975    0.000560  
     11.454511  2.835890  1.943745    -0.006483    0.041187    0.000556  
 
  50 fi =    0.007706 THz     0.048418 2PiTHz    0.257045 cm-1     0.031869 meV
             X         Y         Z           dx          dy          dz
      1.637819  0.945297  0.053204     0.040858    0.006528   -0.003563  
     13.868318  2.835890  0.034091     0.040802    0.006528   -0.003553  
      5.849558  2.835890  1.952831     0.040798    0.006523   -0.003557  
      8.821976  0.945297  1.948217     0.040716    0.006541   -0.003630  
      1.013496  2.835890  0.054389     0.040825    0.006526   -0.003535  
     14.297113  0.945297  0.033432     0.040769    0.006524   -0.003534  
      6.459543  0.945297  1.951983     0.040790    0.006522   -0.003581  
      8.427377  2.835890  1.948879     0.040596    0.006535   -0.003604  
      1.364543  0.945297  1.959800     0.040818    0.006526   -0.003544  
     13.988087  2.835890  1.939935     0.040841    0.006522   -0.003548  
      6.127677  2.835890  0.046475     0.040717    0.006520   -0.003564  
      8.621031  0.945297  0.042535     0.040744    0.006533   -0.003606  
      3.328255  0.945297  0.050658     0.040862    0.006516   -0.003551  
     12.100321  2.835890  0.036844     0.040811    0.006534   -0.003585  
      4.159435  2.835890  1.955623     0.040798    0.006516   -0.003536  
     10.584933  0.945297  1.945449     0.040737    0.006537   -0.003616  
     11.454511  2.835890  1.943745     0.040623    0.006572   -0.003596  
 
  51 fi =    0.010031 THz     0.063027 2PiTHz    0.334598 cm-1     0.041485 meV
             X         Y         Z           dx          dy          dz
      1.637819  0.945297  0.053204     0.003646    0.000017    0.041378  
     13.868318  2.835890  0.034091     0.003646    0.000016    0.041481  
      5.849558  2.835890  1.952831     0.003598    0.000017    0.041243  
      8.821976  0.945297  1.948217     0.003572    0.000018    0.041234  
      1.013496  2.835890  0.054389     0.003656    0.000017    0.041271  
     14.297113  0.945297  0.033432     0.003647    0.000016    0.041388  
      6.459543  0.945297  1.951983     0.003584    0.000017    0.041047  
      8.427377  2.835890  1.948879     0.003554    0.000018    0.041107  
      1.364543  0.945297  1.959800     0.003636    0.000017    0.041277  
     13.988087  2.835890  1.939935     0.003685    0.000016    0.041408  
      6.127677  2.835890  0.046475     0.003593    0.000017    0.041087  
      8.621031  0.945297  0.042535     0.003585    0.000018    0.041127  
      3.328255  0.945297  0.050658     0.003645    0.000017    0.041258  
     12.100321  2.835890  0.036844     0.003644    0.000017    0.041421  
      4.159435  2.835890  1.955623     0.003599    0.000017    0.041147  
     10.584933  0.945297  1.945449     0.003575    0.000017    0.041184  
     11.454511  2.835890  1.943745     0.003575    0.000017    0.041572  
 
