 Eigenvectors and eigenvalues of the dynamical matrix
 ----------------------------------------------------
 
 
   1 f  =   30.775609 THz   193.368854 2PiTHz 1026.563816 cm-1   127.277634 meV
             X         Y         Z           dx          dy          dz
      0.000000  1.709092  0.573576     0.000000   -0.002382    0.049423  
      0.000000  9.733340  0.573576    -0.000000    0.002383    0.049435  
      1.812421  7.489962  4.361673     0.000000   -0.001023   -0.006824  
      1.812421  3.952470  4.361673     0.000000    0.001023   -0.006824  
      0.000000  1.641168  2.174523    -0.000002    0.006933   -0.151146  
      0.000000  9.801264  2.174523    -0.000002   -0.006935   -0.151186  
      1.812421  7.374308  2.718980    -0.000000    0.000669    0.019770  
      1.812421  4.068124  2.718980    -0.000001   -0.000670    0.019773  
      0.000000  3.643901  0.065830    -0.000001   -0.000523   -0.000804  
      0.000000  7.798531  0.065830    -0.000001    0.000524   -0.000804  
      1.812421  9.396203  0.064784     0.000003   -0.000330   -0.002372  
      1.812421  2.046229  0.064784     0.000002    0.000330   -0.002372  
      0.000000  0.000000  0.015287    -0.000001   -0.000002   -0.002797  
      1.812421  5.721216  0.037814     0.000000   -0.000000   -0.000030  
      1.812421  5.721216  1.904192     0.000000    0.000000    0.001709  
 
   2 f  =   30.586548 THz   192.180951 2PiTHz 1020.257434 cm-1   126.495743 meV
             X         Y         Z           dx          dy          dz
      0.000000  1.709092  0.573576     0.000001   -0.003691    0.049249  
      0.000000  9.733340  0.573576    -0.000001   -0.003691   -0.049237  
      1.812421  7.489962  4.361673    -0.000000    0.000497    0.005579  
      1.812421  3.952470  4.361673    -0.000000    0.000497   -0.005581  
      0.000000  1.641168  2.174523    -0.000013    0.006447   -0.151969  
      0.000000  9.801264  2.174523     0.000013    0.006445    0.151931  
      1.812421  7.374308  2.718980     0.000006    0.000494   -0.015157  
      1.812421  4.068124  2.718980    -0.000003    0.000494    0.015165  
      0.000000  3.643901  0.065830     0.000003   -0.000621   -0.000934  
      0.000000  7.798531  0.065830    -0.000005   -0.000620    0.000934  
      1.812421  9.396203  0.064784    -0.000001    0.000214    0.002338  
      1.812421  2.046229  0.064784     0.000001    0.000215   -0.002339  
      0.000000  0.000000  0.015287     0.000002    0.005339    0.000000  
      1.812421  5.721216  0.037814     0.000000    0.002801    0.000000  
      1.812421  5.721216  1.904192     0.000000   -0.002280    0.000000  
 
   3 f  =   28.329998 THz   178.002625 2PiTHz  944.987004 cm-1   117.163403 meV
             X         Y         Z           dx          dy          dz
      0.000000  1.709092  0.573576     0.000000   -0.000184    0.006196  
      0.000000  9.733340  0.573576     0.000000    0.000183    0.006194  
      1.812421  7.489962  4.361673    -0.000001    0.005746    0.048561  
      1.812421  3.952470  4.361673    -0.000000   -0.005746    0.048572  
      0.000000  1.641168  2.174523    -0.000001    0.002174   -0.020362  
      0.000000  9.801264  2.174523    -0.000001   -0.002173   -0.020357  
      1.812421  7.374308  2.718980     0.000004   -0.017304   -0.150880  
      1.812421  4.068124  2.718980     0.000002    0.017304   -0.150909  
      0.000000  3.643901  0.065830    -0.000003    0.003165   -0.001839  
      0.000000  7.798531  0.065830    -0.000001   -0.003164   -0.001838  
      1.812421  9.396203  0.064784     0.000001   -0.000011   -0.000838  
      1.812421  2.046229  0.064784     0.000003    0.000012   -0.000839  
      0.000000  0.000000  0.015287    -0.000001   -0.000000   -0.000177  
      1.812421  5.721216  0.037814     0.000002   -0.000002    0.001930  
      1.812421  5.721216  1.904192     0.000002    0.000001   -0.006891  
 
   4 f  =   27.695341 THz   174.014960 2PiTHz  923.817137 cm-1   114.538676 meV
             X         Y         Z           dx          dy          dz
      0.000000  1.709092  0.573576    -0.000001   -0.002802    0.004157  
      0.000000  9.733340  0.573576     0.000001   -0.002800   -0.004156  
      1.812421  7.489962  4.361673     0.000001   -0.001658   -0.049706  
      1.812421  3.952470  4.361673    -0.000001   -0.001657    0.049697  
      0.000000  1.641168  2.174523     0.000007    0.002365   -0.016039  
      0.000000  9.801264  2.174523    -0.000007    0.002365    0.016037  
      1.812421  7.374308  2.718980    -0.000011    0.011310    0.150245  
      1.812421  4.068124  2.718980     0.000011    0.011309   -0.150214  
      0.000000  3.643901  0.065830    -0.000003    0.002877   -0.002388  
      0.000000  7.798531  0.065830     0.000003    0.002876    0.002388  
      1.812421  9.396203  0.064784    -0.000004   -0.000224    0.001334  
      1.812421  2.046229  0.064784     0.000002   -0.000224   -0.001334  
      0.000000  0.000000  0.015287    -0.000001    0.016212   -0.000000  
      1.812421  5.721216  0.037814     0.000000   -0.019404   -0.000000  
      1.812421  5.721216  1.904192     0.000001   -0.002786   -0.000001  
 
   5 f  =   23.866266 THz   149.956169 2PiTHz  796.092927 cm-1    98.702899 meV
             X         Y         Z           dx          dy          dz
      0.000000  1.709092  0.573576    -0.000002   -0.023648   -0.012808  
      0.000000  9.733340  0.573576     0.000001   -0.023648    0.012809  
      1.812421  7.489962  4.361673    -0.000000    0.005175    0.009088  
      1.812421  3.952470  4.361673     0.000000    0.005175   -0.009087  
      0.000000  1.641168  2.174523     0.000011    0.003078   -0.006282  
      0.000000  9.801264  2.174523    -0.000011    0.003079    0.006281  
      1.812421  7.374308  2.718980    -0.000004   -0.002721    0.001386  
      1.812421  4.068124  2.718980     0.000009   -0.002721   -0.001388  
      0.000000  3.643901  0.065830    -0.000005   -0.032806    0.020631  
      0.000000  7.798531  0.065830     0.000011   -0.032805   -0.020631  
      1.812421  9.396203  0.064784    -0.000006   -0.041629   -0.015950  
      1.812421  2.046229  0.064784     0.000004   -0.041629    0.015950  
      0.000000  0.000000  0.015287    -0.000004    0.218326    0.000000  
      1.812421  5.721216  0.037814     0.000001    0.049282    0.000000  
      1.812421  5.721216  1.904192     0.000002   -0.004571   -0.000001  
 
   6 f  =   20.181910 THz   126.806679 2PiTHz  673.196047 cm-1    83.465635 meV
             X         Y         Z           dx          dy          dz
      0.000000  1.709092  0.573576     0.013309    0.000003    0.000002  
      0.000000  9.733340  0.573576     0.013343   -0.000003    0.000002  
      1.812421  7.489962  4.361673    -0.019014   -0.000003    0.000002  
      1.812421  3.952470  4.361673    -0.018971    0.000003    0.000001  
      0.000000  1.641168  2.174523     0.000522   -0.000001   -0.000001  
      0.000000  9.801264  2.174523     0.000524    0.000000   -0.000000  
      1.812421  7.374308  2.718980     0.000382    0.000001   -0.000002  
      1.812421  4.068124  2.718980     0.000392   -0.000000   -0.000002  
      0.000000  3.643901  0.065830     0.128190   -0.000004   -0.000000  
      0.000000  7.798531  0.065830     0.128518    0.000006   -0.000001  
      1.812421  9.396203  0.064784    -0.114028    0.000004   -0.000001  
      1.812421  2.046229  0.064784    -0.113729   -0.000004   -0.000002  
      0.000000  0.000000  0.015287     0.011457   -0.000003   -0.000005  
      1.812421  5.721216  0.037814    -0.007205   -0.000001   -0.000003  
      1.812421  5.721216  1.904192     0.002507   -0.000002   -0.000006  
 
   7 f  =   20.080915 THz   126.172112 2PiTHz  669.827232 cm-1    83.047955 meV
             X         Y         Z           dx          dy          dz
      0.000000  1.709092  0.573576     0.013883   -0.000002   -0.000001  
      0.000000  9.733340  0.573576    -0.013847   -0.000002    0.000001  
      1.812421  7.489962  4.361673     0.016625    0.000002   -0.000001  
      1.812421  3.952470  4.361673    -0.016675   -0.000001    0.000002  
      0.000000  1.641168  2.174523     0.000517    0.000000    0.000002  
      0.000000  9.801264  2.174523    -0.000515    0.000001   -0.000002  
      1.812421  7.374308  2.718980     0.000355    0.000003   -0.000000  
      1.812421  4.068124  2.718980    -0.000343    0.000006   -0.000002  
      0.000000  3.643901  0.065830     0.126407    0.000005   -0.000002  
      0.000000  7.798531  0.065830    -0.126079    0.000003    0.000001  
      1.812421  9.396203  0.064784     0.117401   -0.000010    0.000006  
      1.812421  2.046229  0.064784    -0.117695   -0.000004   -0.000007  
      0.000000  0.000000  0.015287     0.000015    0.000015    0.000001  
      1.812421  5.721216  0.037814    -0.000008   -0.000010    0.000001  
      1.812421  5.721216  1.904192     0.000004   -0.000010    0.000001  
 
   8 f  =   19.011158 THz   119.450630 2PiTHz  634.143979 cm-1    78.623797 meV
             X         Y         Z           dx          dy          dz
      0.000000  1.709092  0.573576    -0.000000    0.000464   -0.000420  
      0.000000  9.733340  0.573576     0.000000    0.000447    0.000419  
      1.812421  7.489962  4.361673    -0.000002    0.006408    0.005577  
      1.812421  3.952470  4.361673     0.000002    0.006424   -0.005577  
      0.000000  1.641168  2.174523    -0.000001   -0.001967    0.001440  
      0.000000  9.801264  2.174523     0.000001   -0.001963   -0.001442  
      1.812421  7.374308  2.718980     0.000001    0.066770   -0.002432  
      1.812421  4.068124  2.718980    -0.000001    0.066764    0.002426  
      0.000000  3.643901  0.065830    -0.000007    0.000604   -0.001933  
      0.000000  7.798531  0.065830     0.000006    0.000635    0.001943  
      1.812421  9.396203  0.064784    -0.000002   -0.002434    0.000258  
      1.812421  2.046229  0.064784     0.000004   -0.002466   -0.000248  
      0.000000  0.000000  0.015287     0.000000    0.003946   -0.000004  
      1.812421  5.721216  0.037814     0.000000   -0.033986   -0.000004  
      1.812421  5.721216  1.904192     0.000000   -0.371583   -0.000000  
 
   9 f  =   18.877008 THz   118.607738 2PiTHz  629.669204 cm-1    78.068996 meV
             X         Y         Z           dx          dy          dz
      0.000000  1.709092  0.573576    -0.000002    0.046331   -0.002662  
      0.000000  9.733340  0.573576    -0.000001   -0.046332   -0.002661  
      1.812421  7.489962  4.361673     0.000003   -0.042668   -0.002155  
      1.812421  3.952470  4.361673    -0.000000    0.042667   -0.002151  
      0.000000  1.641168  2.174523     0.000006   -0.009476   -0.006063  
      0.000000  9.801264  2.174523     0.000001    0.009475   -0.006062  
      1.812421  7.374308  2.718980    -0.000001    0.019259   -0.011470  
      1.812421  4.068124  2.718980    -0.000002   -0.019280   -0.011472  
      0.000000  3.643901  0.065830     0.000000   -0.087351    0.027795  
      0.000000  7.798531  0.065830    -0.000009    0.087347    0.027796  
      1.812421  9.396203  0.064784     0.000009    0.088494    0.031056  
      1.812421  2.046229  0.064784     0.000008   -0.088489    0.031055  
      0.000000  0.000000  0.015287    -0.000002   -0.000001   -0.028642  
      1.812421  5.721216  0.037814    -0.000007    0.000007   -0.008211  
      1.812421  5.721216  1.904192     0.000001    0.000068   -0.040684  
 
  10 f  =   18.405900 THz   115.647679 2PiTHz  613.954730 cm-1    76.120651 meV
             X         Y         Z           dx          dy          dz
      0.000000  1.709092  0.573576    -0.000000    0.004937   -0.000636  
      0.000000  9.733340  0.573576     0.000000   -0.004938   -0.000636  
      1.812421  7.489962  4.361673    -0.000000   -0.003813   -0.005667  
      1.812421  3.952470  4.361673    -0.000000    0.003812   -0.005667  
      0.000000  1.641168  2.174523     0.000001   -0.001965   -0.000281  
      0.000000  9.801264  2.174523    -0.000001    0.001965   -0.000281  
      1.812421  7.374308  2.718980    -0.000001   -0.043212   -0.005388  
      1.812421  4.068124  2.718980    -0.000001    0.043209   -0.005390  
      0.000000  3.643901  0.065830     0.000001   -0.009102    0.005666  
      0.000000  7.798531  0.065830     0.000001    0.009102    0.005666  
      1.812421  9.396203  0.064784     0.000001    0.007707    0.003704  
      1.812421  2.046229  0.064784     0.000000   -0.007704    0.003703  
      0.000000  0.000000  0.015287    -0.000000    0.000001   -0.002540  
      1.812421  5.721216  0.037814    -0.000001    0.000000   -0.099216  
      1.812421  5.721216  1.904192    -0.000000    0.000007    0.357394  
 
  11 f  =   15.480190 THz    97.264901 2PiTHz  516.363552 cm-1    64.020892 meV
             X         Y         Z           dx          dy          dz
      0.000000  1.709092  0.573576     0.000034   -0.006846   -0.003476  
      0.000000  9.733340  0.573576     0.000031    0.006847   -0.003475  
      1.812421  7.489962  4.361673     0.000047   -0.006934    0.006289  
      1.812421  3.952470  4.361673     0.000050    0.006938    0.006289  
      0.000000  1.641168  2.174523    -0.000002    0.001771   -0.003070  
      0.000000  9.801264  2.174523    -0.000004   -0.001770   -0.003070  
      1.812421  7.374308  2.718980    -0.000011    0.010204    0.001703  
      1.812421  4.068124  2.718980    -0.000011   -0.010204    0.001704  
      0.000000  3.643901  0.065830    -0.000126   -0.119061    0.028642  
      0.000000  7.798531  0.065830    -0.000115    0.119083    0.028645  
      1.812421  9.396203  0.064784    -0.000141   -0.115202   -0.030047  
      1.812421  2.046229  0.064784    -0.000152    0.115171   -0.030038  
      0.000000  0.000000  0.015287     0.000037   -0.000002    0.035407  
      1.812421  5.721216  0.037814    -0.000003   -0.000007   -0.039146  
      1.812421  5.721216  1.904192    -0.000004    0.000004   -0.023247  
 
  12 f  =   15.405730 THz    96.797054 2PiTHz  513.879828 cm-1    63.712950 meV
             X         Y         Z           dx          dy          dz
      0.000000  1.709092  0.573576     0.026903    0.000027    0.000009  
      0.000000  9.733340  0.573576     0.026918   -0.000026    0.000010  
      1.812421  7.489962  4.361673     0.039442    0.000019   -0.000008  
      1.812421  3.952470  4.361673     0.039426   -0.000020   -0.000008  
      0.000000  1.641168  2.174523    -0.002843   -0.000006    0.000008  
      0.000000  9.801264  2.174523    -0.002845    0.000007    0.000007  
      1.812421  7.374308  2.718980    -0.009579   -0.000019   -0.000002  
      1.812421  4.068124  2.718980    -0.009580    0.000020   -0.000001  
      0.000000  3.643901  0.065830    -0.096670    0.000135   -0.000034  
      0.000000  7.798531  0.065830    -0.096729   -0.000154   -0.000039  
      1.812421  9.396203  0.064784    -0.118401    0.000141    0.000028  
      1.812421  2.046229  0.064784    -0.118334   -0.000129    0.000025  
      0.000000  0.000000  0.015287     0.032542    0.000003   -0.000071  
      1.812421  5.721216  0.037814     0.001365    0.000000    0.000058  
      1.812421  5.721216  1.904192    -0.002688   -0.000001    0.000033  
 
  13 f  =   15.171527 THz    95.325514 2PiTHz  506.067658 cm-1    62.744365 meV
             X         Y         Z           dx          dy          dz
      0.000000  1.709092  0.573576     0.000006   -0.002608    0.001116  
      0.000000  9.733340  0.573576    -0.000002   -0.002588   -0.001123  
      1.812421  7.489962  4.361673    -0.000004    0.007020    0.002782  
      1.812421  3.952470  4.361673     0.000008    0.007031   -0.002788  
      0.000000  1.641168  2.174523    -0.000014   -0.002918    0.000395  
      0.000000  9.801264  2.174523     0.000014   -0.002922   -0.000402  
      1.812421  7.374308  2.718980     0.000009   -0.000613   -0.001067  
      1.812421  4.068124  2.718980    -0.000007   -0.000615    0.001060  
      0.000000  3.643901  0.065830    -0.000022    0.121958   -0.025981  
      0.000000  7.798531  0.065830     0.000008    0.121937    0.025987  
      1.812421  9.396203  0.064784     0.000000   -0.119165   -0.029156  
      1.812421  2.046229  0.064784    -0.000014   -0.119208    0.029178  
      0.000000  0.000000  0.015287     0.000001   -0.004905    0.000019  
      1.812421  5.721216  0.037814     0.000001   -0.027481    0.000008  
      1.812421  5.721216  1.904192    -0.000001    0.014653    0.000007  
 
  14 f  =   14.966427 THz    94.036837 2PiTHz  499.226280 cm-1    61.896142 meV
             X         Y         Z           dx          dy          dz
      0.000000  1.709092  0.573576     0.029221    0.000011    0.000004  
      0.000000  9.733340  0.573576    -0.029205   -0.000016   -0.000003  
      1.812421  7.489962  4.361673    -0.035942    0.000009   -0.000004  
      1.812421  3.952470  4.361673     0.035969   -0.000015   -0.000001  
      0.000000  1.641168  2.174523    -0.004590   -0.000001    0.000002  
      0.000000  9.801264  2.174523     0.004586    0.000007   -0.000001  
      1.812421  7.374308  2.718980     0.005026   -0.000005    0.000001  
      1.812421  4.068124  2.718980    -0.005048    0.000008   -0.000001  
      0.000000  3.643901  0.065830    -0.103762   -0.000011    0.000001  
      0.000000  7.798531  0.065830     0.103710   -0.000010   -0.000001  
      1.812421  9.396203  0.064784     0.116630    0.000017    0.000010  
      1.812421  2.046229  0.064784    -0.116689    0.000014   -0.000004  
      0.000000  0.000000  0.015287     0.000007    0.000001   -0.000015  
      1.812421  5.721216  0.037814    -0.000002    0.000011    0.000016  
      1.812421  5.721216  1.904192    -0.000002    0.000003    0.000005  
 
  15 f  =   14.834875 THz    93.210266 2PiTHz  494.838152 cm-1    61.352084 meV
             X         Y         Z           dx          dy          dz
      0.000000  1.709092  0.573576     0.000013   -0.066761   -0.016524  
      0.000000  9.733340  0.573576     0.000001    0.066766   -0.016524  
      1.812421  7.489962  4.361673     0.000005   -0.044881   -0.002474  
      1.812421  3.952470  4.361673     0.000017    0.044886   -0.002477  
      0.000000  1.641168  2.174523    -0.000002    0.015079   -0.014736  
      0.000000  9.801264  2.174523     0.000001   -0.015078   -0.014735  
      1.812421  7.374308  2.718980    -0.000002    0.020753   -0.010541  
      1.812421  4.068124  2.718980    -0.000005   -0.020757   -0.010544  
      0.000000  3.643901  0.065830    -0.000040    0.003681    0.019183  
      0.000000  7.798531  0.065830    -0.000006   -0.003733    0.019161  
      1.812421  9.396203  0.064784    -0.000011    0.039895    0.025772  
      1.812421  2.046229  0.064784    -0.000055   -0.039863    0.025768  
      0.000000  0.000000  0.015287    -0.000002   -0.000002    0.107908  
      1.812421  5.721216  0.037814    -0.000004   -0.000005   -0.024830  
      1.812421  5.721216  1.904192    -0.000000   -0.000000   -0.004172  
 
  16 f  =   14.128145 THz    88.769754 2PiTHz  471.264197 cm-1    58.429287 meV
             X         Y         Z           dx          dy          dz
      0.000000  1.709092  0.573576     0.000003    0.001486    0.018501  
      0.000000  9.733340  0.573576    -0.000002   -0.001486    0.018501  
      1.812421  7.489962  4.361673     0.000000   -0.036019    0.035377  
      1.812421  3.952470  4.361673     0.000005    0.036025    0.035378  
      0.000000  1.641168  2.174523    -0.000003    0.001049    0.020251  
      0.000000  9.801264  2.174523     0.000001   -0.001049    0.020252  
      1.812421  7.374308  2.718980     0.000002    0.033698    0.029145  
      1.812421  4.068124  2.718980     0.000003   -0.033701    0.029147  
      0.000000  3.643901  0.065830    -0.000013    0.033772   -0.063173  
      0.000000  7.798531  0.065830     0.000004   -0.033765   -0.063171  
      1.812421  9.396203  0.064784     0.000013   -0.006130   -0.048107  
      1.812421  2.046229  0.064784    -0.000009    0.006112   -0.048102  
      0.000000  0.000000  0.015287     0.000000   -0.000003   -0.054087  
      1.812421  5.721216  0.037814    -0.000009   -0.000001   -0.140823  
      1.812421  5.721216  1.904192    -0.000000    0.000001   -0.064423  
 
  17 f  =   13.717748 THz    86.191153 2PiTHz  457.574821 cm-1    56.732022 meV
             X         Y         Z           dx          dy          dz
      0.000000  1.709092  0.573576     0.000001    0.028610   -0.010994  
      0.000000  9.733340  0.573576    -0.000002    0.028596    0.010996  
      1.812421  7.489962  4.361673    -0.000004    0.037653    0.013733  
      1.812421  3.952470  4.361673     0.000002    0.037644   -0.013736  
      0.000000  1.641168  2.174523    -0.000005   -0.003283   -0.015838  
      0.000000  9.801264  2.174523     0.000008   -0.003279    0.015839  
      1.812421  7.374308  2.718980     0.000006   -0.003378    0.015661  
      1.812421  4.068124  2.718980    -0.000001   -0.003372   -0.015662  
      0.000000  3.643901  0.065830    -0.000003   -0.076932    0.068614  
      0.000000  7.798531  0.065830     0.000004   -0.076938   -0.068615  
      1.812421  9.396203  0.064784     0.000008   -0.064259   -0.043286  
      1.812421  2.046229  0.064784    -0.000006   -0.064259    0.043283  
      0.000000  0.000000  0.015287     0.000001   -0.038819   -0.000003  
      1.812421  5.721216  0.037814     0.000000   -0.100268    0.000005  
      1.812421  5.721216  1.904192     0.000000    0.034109    0.000004  
 
  18 f  =   11.805006 THz    74.173038 2PiTHz  393.772605 cm-1    48.821559 meV
             X         Y         Z           dx          dy          dz
      0.000000  1.709092  0.573576    -0.000002   -0.023061    0.030196  
      0.000000  9.733340  0.573576    -0.000002    0.023056    0.030196  
      1.812421  7.489962  4.361673    -0.000002   -0.031980   -0.024546  
      1.812421  3.952470  4.361673     0.000002    0.031985   -0.024552  
      0.000000  1.641168  2.174523    -0.000000    0.041516    0.036508  
      0.000000  9.801264  2.174523     0.000005   -0.041509    0.036508  
      1.812421  7.374308  2.718980    -0.000004    0.029198   -0.032750  
      1.812421  4.068124  2.718980    -0.000006   -0.029200   -0.032756  
      0.000000  3.643901  0.065830    -0.000000    0.001090    0.029636  
      0.000000  7.798531  0.065830     0.000001   -0.001088    0.029630  
      1.812421  9.396203  0.064784     0.000005   -0.013274   -0.049478  
      1.812421  2.046229  0.064784    -0.000001    0.013274   -0.049473  
      0.000000  0.000000  0.015287    -0.000004   -0.000003   -0.124014  
      1.812421  5.721216  0.037814    -0.000008    0.000002    0.091126  
      1.812421  5.721216  1.904192    -0.000004   -0.000001    0.078299  
 
  19 f  =   11.144265 THz    70.021479 2PiTHz  371.732651 cm-1    46.088954 meV
             X         Y         Z           dx          dy          dz
      0.000000  1.709092  0.573576    -0.000001    0.027663    0.016340  
      0.000000  9.733340  0.573576     0.000002    0.027665   -0.016340  
      1.812421  7.489962  4.361673    -0.000003    0.023553   -0.029029  
      1.812421  3.952470  4.361673     0.000003    0.023555    0.029026  
      0.000000  1.641168  2.174523    -0.000001   -0.033032    0.014686  
      0.000000  9.801264  2.174523    -0.000001   -0.033039   -0.014685  
      1.812421  7.374308  2.718980     0.000005   -0.029170   -0.023690  
      1.812421  4.068124  2.718980    -0.000010   -0.029163    0.023688  
      0.000000  3.643901  0.065830     0.000001   -0.060590   -0.094577  
      0.000000  7.798531  0.065830     0.000001   -0.060591    0.094582  
      1.812421  9.396203  0.064784    -0.000002   -0.059648    0.058092  
      1.812421  2.046229  0.064784     0.000002   -0.059643   -0.058085  
      0.000000  0.000000  0.015287    -0.000003    0.005569   -0.000006  
      1.812421  5.721216  0.037814    -0.000003    0.045440    0.000005  
      1.812421  5.721216  1.904192    -0.000000   -0.032562    0.000003  
 
  20 f  =   10.393819 THz    65.306293 2PiTHz  346.700495 cm-1    42.985364 meV
             X         Y         Z           dx          dy          dz
      0.000000  1.709092  0.573576     0.000003    0.042715   -0.033653  
      0.000000  9.733340  0.573576    -0.000006    0.042717    0.033658  
      1.812421  7.489962  4.361673    -0.000004   -0.045086   -0.025482  
      1.812421  3.952470  4.361673     0.000004   -0.045083    0.025481  
      0.000000  1.641168  2.174523    -0.000019   -0.043222   -0.040356  
      0.000000  9.801264  2.174523     0.000021   -0.043209    0.040360  
      1.812421  7.374308  2.718980     0.000001    0.039037   -0.033288  
      1.812421  4.068124  2.718980     0.000002    0.039018    0.033284  
      0.000000  3.643901  0.065830     0.000002   -0.005383   -0.035885  
      0.000000  7.798531  0.065830    -0.000001   -0.005381    0.035879  
      1.812421  9.396203  0.064784    -0.000000    0.008865   -0.066516  
      1.812421  2.046229  0.064784    -0.000000    0.008856    0.066487  
      0.000000  0.000000  0.015287     0.000009    0.036945    0.000010  
      1.812421  5.721216  0.037814    -0.000003   -0.031650    0.000010  
      1.812421  5.721216  1.904192     0.000000    0.029856    0.000014  
 
  21 f  =   10.231494 THz    64.286371 2PiTHz  341.285893 cm-1    42.314039 meV
             X         Y         Z           dx          dy          dz
      0.000000  1.709092  0.573576     0.010071    0.000006    0.000001  
      0.000000  9.733340  0.573576     0.010068   -0.000003   -0.000001  
      1.812421  7.489962  4.361673    -0.044877   -0.000005   -0.000001  
      1.812421  3.952470  4.361673    -0.044872    0.000004   -0.000000  
      0.000000  1.641168  2.174523    -0.007109   -0.000010    0.000002  
      0.000000  9.801264  2.174523    -0.007109    0.000005   -0.000003  
      1.812421  7.374308  2.718980     0.058407    0.000038   -0.000003  
      1.812421  4.068124  2.718980     0.058396   -0.000037   -0.000002  
      0.000000  3.643901  0.065830    -0.032582    0.000000   -0.000008  
      0.000000  7.798531  0.065830    -0.032572   -0.000001   -0.000004  
      1.812421  9.396203  0.064784    -0.014262    0.000000   -0.000005  
      1.812421  2.046229  0.064784    -0.014264    0.000002   -0.000012  
      0.000000  0.000000  0.015287     0.020294    0.000003    0.000016  
      1.812421  5.721216  0.037814     0.197732   -0.000003    0.000010  
      1.812421  5.721216  1.904192    -0.013641    0.000002    0.000034  
 
  22 f  =    9.955524 THz    62.552400 2PiTHz  332.080522 cm-1    41.172719 meV
             X         Y         Z           dx          dy          dz
      0.000000  1.709092  0.573576    -0.000001    0.017624    0.006863  
      0.000000  9.733340  0.573576    -0.000007   -0.017628    0.006849  
      1.812421  7.489962  4.361673     0.000009   -0.011164   -0.001688  
      1.812421  3.952470  4.361673     0.000009    0.011171   -0.001695  
      0.000000  1.641168  2.174523    -0.000004   -0.076399    0.002770  
      0.000000  9.801264  2.174523     0.000014    0.076396    0.002755  
      1.812421  7.374308  2.718980    -0.000010    0.061234   -0.010082  
      1.812421  4.068124  2.718980    -0.000014   -0.061245   -0.010090  
      0.000000  3.643901  0.065830     0.000008    0.001338   -0.052420  
      0.000000  7.798531  0.065830     0.000007   -0.001334   -0.052427  
      1.812421  9.396203  0.064784     0.000002    0.005896   -0.073464  
      1.812421  2.046229  0.064784     0.000006   -0.005895   -0.073503  
      0.000000  0.000000  0.015287    -0.000001    0.000004    0.112890  
      1.812421  5.721216  0.037814    -0.000038   -0.000006    0.083682  
      1.812421  5.721216  1.904192     0.000002   -0.000000    0.101875  
 
  23 f  =    9.272753 THz    58.262423 2PiTHz  309.305733 cm-1    38.349006 meV
             X         Y         Z           dx          dy          dz
      0.000000  1.709092  0.573576     0.000015   -0.025540   -0.020013  
      0.000000  9.733340  0.573576    -0.000012   -0.025543    0.020012  
      1.812421  7.489962  4.361673     0.000013    0.022446   -0.011579  
      1.812421  3.952470  4.361673    -0.000014    0.022452    0.011579  
      0.000000  1.641168  2.174523    -0.000014    0.059170   -0.018507  
      0.000000  9.801264  2.174523     0.000002    0.059190    0.018505  
      1.812421  7.374308  2.718980    -0.000030   -0.033462   -0.002620  
      1.812421  4.068124  2.718980     0.000024   -0.033450    0.002621  
      0.000000  3.643901  0.065830    -0.000002   -0.024557   -0.052335  
      0.000000  7.798531  0.065830     0.000002   -0.024555    0.052314  
      1.812421  9.396203  0.064784     0.000002    0.006700   -0.109044  
      1.812421  2.046229  0.064784    -0.000003    0.006701    0.109034  
      0.000000  0.000000  0.015287    -0.000006   -0.058810    0.000014  
      1.812421  5.721216  0.037814     0.000011    0.082358    0.000013  
      1.812421  5.721216  1.904192    -0.000001   -0.051557    0.000008  
 
  24 f  =    9.002588 THz    56.564927 2PiTHz  300.294004 cm-1    37.231695 meV
             X         Y         Z           dx          dy          dz
      0.000000  1.709092  0.573576     0.000010    0.015519   -0.021052  
      0.000000  9.733340  0.573576     0.000003   -0.015518   -0.021048  
      1.812421  7.489962  4.361673     0.000009    0.005395    0.005417  
      1.812421  3.952470  4.361673     0.000002   -0.005396    0.005422  
      0.000000  1.641168  2.174523    -0.000027    0.031343   -0.023538  
      0.000000  9.801264  2.174523    -0.000001   -0.031326   -0.023535  
      1.812421  7.374308  2.718980    -0.000011    0.133160   -0.008850  
      1.812421  4.068124  2.718980     0.000012   -0.133171   -0.008847  
      0.000000  3.643901  0.065830     0.000004    0.031046    0.009340  
      0.000000  7.798531  0.065830     0.000005   -0.031047    0.009345  
      1.812421  9.396203  0.064784     0.000001   -0.041963    0.072049  
      1.812421  2.046229  0.064784     0.000004    0.041964    0.072059  
      0.000000  0.000000  0.015287     0.000001    0.000000   -0.021876  
      1.812421  5.721216  0.037814    -0.000040   -0.000001   -0.007703  
      1.812421  5.721216  1.904192     0.000004   -0.000006    0.082085  
 
  25 f  =    8.088850 THz    50.823746 2PiTHz  269.815007 cm-1    33.452782 meV
             X         Y         Z           dx          dy          dz
      0.000000  1.709092  0.573576    -0.000295   -0.028012    0.000923  
      0.000000  9.733340  0.573576    -0.000227    0.028009    0.000919  
      1.812421  7.489962  4.361673     0.000007    0.041703    0.017508  
      1.812421  3.952470  4.361673     0.000040   -0.041702    0.017509  
      0.000000  1.641168  2.174523     0.000620    0.057184    0.005184  
      0.000000  9.801264  2.174523     0.000453   -0.057171    0.005179  
      1.812421  7.374308  2.718980    -0.000018    0.035369    0.018326  
      1.812421  4.068124  2.718980    -0.000057   -0.035361    0.018328  
      0.000000  3.643901  0.065830    -0.000002   -0.080614   -0.076430  
      0.000000  7.798531  0.065830    -0.000011    0.080605   -0.076432  
      1.812421  9.396203  0.064784    -0.000069    0.063000   -0.011821  
      1.812421  2.046229  0.064784    -0.000099   -0.063008   -0.011822  
      0.000000  0.000000  0.015287     0.000630   -0.000003   -0.024101  
      1.812421  5.721216  0.037814     0.000095    0.000001    0.019414  
      1.812421  5.721216  1.904192     0.000006    0.000002    0.047562  
 
  26 f  =    8.078966 THz    50.761641 2PiTHz  269.485300 cm-1    33.411904 meV
             X         Y         Z           dx          dy          dz
      0.000000  1.709092  0.573576    -0.053703    0.000130   -0.000006  
      0.000000  9.733340  0.573576    -0.053734   -0.000135   -0.000004  
      1.812421  7.489962  4.361673     0.002904   -0.000194   -0.000084  
      1.812421  3.952470  4.361673     0.002895    0.000197   -0.000081  
      0.000000  1.641168  2.174523     0.110425   -0.000260   -0.000028  
      0.000000  9.801264  2.174523     0.110495    0.000278   -0.000028  
      1.812421  7.374308  2.718980    -0.005168   -0.000159   -0.000090  
      1.812421  4.068124  2.718980    -0.005166    0.000147   -0.000088  
      0.000000  3.643901  0.065830    -0.002294    0.000391    0.000377  
      0.000000  7.798531  0.065830    -0.002293   -0.000392    0.000381  
      1.812421  9.396203  0.064784    -0.017250   -0.000303    0.000061  
      1.812421  2.046229  0.064784    -0.017235    0.000299    0.000057  
      0.000000  0.000000  0.015287     0.137021   -0.000000    0.000116  
      1.812421  5.721216  0.037814     0.015274    0.000001   -0.000107  
      1.812421  5.721216  1.904192    -0.000919   -0.000006   -0.000227  
 
  27 f  =    7.865189 THz    49.418442 2PiTHz  262.354476 cm-1    32.527795 meV
             X         Y         Z           dx          dy          dz
      0.000000  1.709092  0.573576     0.053463   -0.000010    0.000002  
      0.000000  9.733340  0.573576    -0.053437    0.000026    0.000003  
      1.812421  7.489962  4.361673     0.036143    0.000030    0.000017  
      1.812421  3.952470  4.361673    -0.036151   -0.000023    0.000003  
      0.000000  1.641168  2.174523    -0.119104    0.000011    0.000013  
      0.000000  9.801264  2.174523     0.119045   -0.000067   -0.000003  
      1.812421  7.374308  2.718980    -0.056379   -0.000031    0.000022  
      1.812421  4.068124  2.718980     0.056449   -0.000041    0.000002  
      0.000000  3.643901  0.065830    -0.013400   -0.000041   -0.000025  
      0.000000  7.798531  0.065830     0.013386    0.000064   -0.000054  
      1.812421  9.396203  0.064784    -0.021297    0.000058    0.000014  
      1.812421  2.046229  0.064784     0.021303   -0.000031   -0.000045  
      0.000000  0.000000  0.015287    -0.000023    0.000025   -0.000015  
      1.812421  5.721216  0.037814    -0.000030   -0.000011    0.000007  
      1.812421  5.721216  1.904192    -0.000004   -0.000028    0.000017  
 
  28 f  =    7.194203 THz    45.202510 2PiTHz  239.972776 cm-1    29.752819 meV
             X         Y         Z           dx          dy          dz
      0.000000  1.709092  0.573576    -0.000001    0.000478   -0.008252  
      0.000000  9.733340  0.573576    -0.000005   -0.000474   -0.008244  
      1.812421  7.489962  4.361673     0.000017   -0.036997    0.006012  
      1.812421  3.952470  4.361673    -0.000004    0.037000    0.006004  
      0.000000  1.641168  2.174523     0.000019   -0.000147   -0.008009  
      0.000000  9.801264  2.174523    -0.000000    0.000101   -0.007999  
      1.812421  7.374308  2.718980    -0.000028   -0.051993    0.008524  
      1.812421  4.068124  2.718980     0.000002    0.052000    0.008517  
      0.000000  3.643901  0.065830    -0.000004   -0.011645   -0.105188  
      0.000000  7.798531  0.065830     0.000012    0.011657   -0.105197  
      1.812421  9.396203  0.064784     0.000003   -0.049312    0.077540  
      1.812421  2.046229  0.064784    -0.000003    0.049323    0.077537  
      0.000000  0.000000  0.015287     0.000018    0.000002   -0.026362  
      1.812421  5.721216  0.037814     0.000028    0.000002    0.084064  
      1.812421  5.721216  1.904192     0.000008    0.000003    0.032024  
 
  29 f  =    7.049681 THz    44.294454 2PiTHz  235.152055 cm-1    29.155126 meV
             X         Y         Z           dx          dy          dz
      0.000000  1.709092  0.573576     0.000025   -0.012044    0.017427  
      0.000000  9.733340  0.573576    -0.000009   -0.012049   -0.017429  
      1.812421  7.489962  4.361673    -0.000015   -0.023194   -0.022547  
      1.812421  3.952470  4.361673    -0.000005   -0.023179    0.022547  
      0.000000  1.641168  2.174523    -0.000080    0.108433    0.023852  
      0.000000  9.801264  2.174523     0.000034    0.108431   -0.023853  
      1.812421  7.374308  2.718980     0.000019    0.089321   -0.032588  
      1.812421  4.068124  2.718980    -0.000015    0.089339    0.032589  
      0.000000  3.643901  0.065830     0.000006   -0.038158   -0.000412  
      0.000000  7.798531  0.065830    -0.000013   -0.038167    0.000397  
      1.812421  9.396203  0.064784    -0.000013   -0.045313    0.013955  
      1.812421  2.046229  0.064784     0.000027   -0.045298   -0.013944  
      0.000000  0.000000  0.015287     0.000055   -0.012604    0.000004  
      1.812421  5.721216  0.037814    -0.000025   -0.021217    0.000012  
      1.812421  5.721216  1.904192     0.000000    0.076989    0.000004  
 
  30 f  =    6.952366 THz    43.683005 2PiTHz  231.905976 cm-1    28.752664 meV
             X         Y         Z           dx          dy          dz
      0.000000  1.709092  0.573576     0.020618   -0.000004   -0.000006  
      0.000000  9.733340  0.573576     0.020768    0.000012    0.000004  
      1.812421  7.489962  4.361673    -0.027941    0.000010    0.000009  
      1.812421  3.952470  4.361673    -0.028311    0.000004   -0.000004  
      0.000000  1.641168  2.174523    -0.064792   -0.000011   -0.000004  
      0.000000  9.801264  2.174523    -0.065498   -0.000033    0.000005  
      1.812421  7.374308  2.718980     0.042243   -0.000046    0.000015  
      1.812421  4.068124  2.718980     0.043297   -0.000029   -0.000006  
      0.000000  3.643901  0.065830    -0.014231   -0.000007   -0.000020  
      0.000000  7.798531  0.065830    -0.013885    0.000030   -0.000016  
      1.812421  9.396203  0.064784     0.018868    0.000027   -0.000011  
      1.812421  2.046229  0.064784     0.018612    0.000001   -0.000003  
      0.000000  0.000000  0.015287     0.178831    0.000009   -0.000001  
      1.812421  5.721216  0.037814    -0.097499    0.000002    0.000014  
      1.812421  5.721216  1.904192     0.003395   -0.000031    0.000007  
 
  31 f  =    6.889443 THz    43.287645 2PiTHz  229.807074 cm-1    28.492433 meV
             X         Y         Z           dx          dy          dz
      0.000000  1.709092  0.573576     0.015574    0.000008   -0.000035  
      0.000000  9.733340  0.573576    -0.015373    0.000011    0.000029  
      1.812421  7.489962  4.361673    -0.046240    0.000001   -0.000018  
      1.812421  3.952470  4.361673     0.045997    0.000001    0.000025  
      0.000000  1.641168  2.174523    -0.079861    0.000078   -0.000023  
      0.000000  9.801264  2.174523     0.079232    0.000050    0.000019  
      1.812421  7.374308  2.718980     0.121860   -0.000135    0.000001  
      1.812421  4.068124  2.718980    -0.121684   -0.000127    0.000010  
      0.000000  3.643901  0.065830     0.041189    0.000014    0.000001  
      0.000000  7.798531  0.065830    -0.041281    0.000036   -0.000046  
      1.812421  9.396203  0.064784    -0.029215    0.000030    0.000041  
      1.812421  2.046229  0.064784     0.029405    0.000032   -0.000016  
      0.000000  0.000000  0.015287     0.000800    0.000039   -0.000007  
      1.812421  5.721216  0.037814    -0.000374   -0.000044    0.000010  
      1.812421  5.721216  1.904192     0.000025   -0.000117    0.000008  
 
  32 f  =    6.039082 THz    37.944673 2PiTHz  201.442099 cm-1    24.975626 meV
             X         Y         Z           dx          dy          dz
      0.000000  1.709092  0.573576    -0.000034    0.027339   -0.015979  
      0.000000  9.733340  0.573576     0.000040    0.027337    0.015978  
      1.812421  7.489962  4.361673     0.000037   -0.019628   -0.020313  
      1.812421  3.952470  4.361673    -0.000040   -0.019620    0.020316  
      0.000000  1.641168  2.174523     0.000079    0.089238   -0.015247  
      0.000000  9.801264  2.174523    -0.000057    0.089229    0.015248  
      1.812421  7.374308  2.718980    -0.000103   -0.105844   -0.018440  
      1.812421  4.068124  2.718980     0.000123   -0.105821    0.018447  
      0.000000  3.643901  0.065830    -0.000046    0.019864    0.033672  
      0.000000  7.798531  0.065830     0.000040    0.019868   -0.033684  
      1.812421  9.396203  0.064784     0.000037   -0.003197    0.034280  
      1.812421  2.046229  0.064784    -0.000042   -0.003197   -0.034279  
      0.000000  0.000000  0.015287    -0.000030    0.026338   -0.000001  
      1.812421  5.721216  0.037814    -0.000006   -0.036896    0.000009  
      1.812421  5.721216  1.904192    -0.000005   -0.104183    0.000000  
 
  33 f  =    5.765910 THz    36.228284 2PiTHz  192.330069 cm-1    23.845879 meV
             X         Y         Z           dx          dy          dz
      0.000000  1.709092  0.573576     0.003283    0.000001    0.000011  
      0.000000  9.733340  0.573576     0.003314    0.000000   -0.000017  
      1.812421  7.489962  4.361673    -0.020016   -0.000005    0.000012  
      1.812421  3.952470  4.361673    -0.019863   -0.000002   -0.000007  
      0.000000  1.641168  2.174523     0.069141    0.000011    0.000011  
      0.000000  9.801264  2.174523     0.069256   -0.000004   -0.000019  
      1.812421  7.374308  2.718980     0.123230    0.000000    0.000015  
      1.812421  4.068124  2.718980     0.123215    0.000019   -0.000003  
      0.000000  3.643901  0.065830    -0.027891   -0.000011   -0.000036  
      0.000000  7.798531  0.065830    -0.027983   -0.000006    0.000005  
      1.812421  9.396203  0.064784    -0.020050    0.000003   -0.000017  
      1.812421  2.046229  0.064784    -0.020020    0.000005    0.000023  
      0.000000  0.000000  0.015287    -0.086083    0.000002   -0.000003  
      1.812421  5.721216  0.037814    -0.100673   -0.000007    0.000019  
      1.812421  5.721216  1.904192     0.011003    0.000013    0.000011  
 
  34 f  =    4.650732 THz    29.221410 2PiTHz  155.131714 cm-1    19.233873 meV
             X         Y         Z           dx          dy          dz
      0.000000  1.709092  0.573576    -0.000001    0.028980   -0.028537  
      0.000000  9.733340  0.573576     0.000031   -0.028986   -0.028534  
      1.812421  7.489962  4.361673    -0.000025   -0.017099    0.023938  
      1.812421  3.952470  4.361673    -0.000002    0.017107    0.023948  
      0.000000  1.641168  2.174523     0.000010    0.116502   -0.025082  
      0.000000  9.801264  2.174523     0.000040   -0.116528   -0.025080  
      1.812421  7.374308  2.718980    -0.000064   -0.027260    0.027513  
      1.812421  4.068124  2.718980    -0.000014    0.027266    0.027522  
      0.000000  3.643901  0.065830    -0.000001    0.024314    0.015990  
      0.000000  7.798531  0.065830    -0.000010   -0.024307    0.015977  
      1.812421  9.396203  0.064784     0.000013   -0.001097   -0.061066  
      1.812421  2.046229  0.064784    -0.000001    0.001102   -0.061067  
      0.000000  0.000000  0.015287    -0.000001   -0.000001    0.055589  
      1.812421  5.721216  0.037814    -0.000000    0.000006    0.050200  
      1.812421  5.721216  1.904192    -0.000017    0.000002    0.027232  
 
  35 f  =    4.386263 THz    27.559705 2PiTHz  146.309993 cm-1    18.140119 meV
             X         Y         Z           dx          dy          dz
      0.000000  1.709092  0.573576     0.054198   -0.000056   -0.000053  
      0.000000  9.733340  0.573576     0.051104   -0.000035    0.000070  
      1.812421  7.489962  4.361673    -0.041876    0.000051   -0.000094  
      1.812421  3.952470  4.361673    -0.044977    0.000037    0.000082  
      0.000000  1.641168  2.174523     0.087559   -0.000105   -0.000058  
      0.000000  9.801264  2.174523     0.082641   -0.000031    0.000071  
      1.812421  7.374308  2.718980    -0.085349    0.000051   -0.000097  
      1.812421  4.068124  2.718980    -0.091259    0.000028    0.000080  
      0.000000  3.643901  0.065830    -0.024685    0.000023    0.000107  
      0.000000  7.798531  0.065830    -0.023104    0.000039   -0.000122  
      1.812421  9.396203  0.064784     0.016147   -0.000011    0.000089  
      1.812421  2.046229  0.064784     0.017043   -0.000012   -0.000049  
      0.000000  0.000000  0.015287    -0.000182   -0.000056   -0.000017  
      1.812421  5.721216  0.037814    -0.027664    0.000069   -0.000018  
      1.812421  5.721216  1.904192    -0.025298    0.000011   -0.000008  
 
  36 f  =    4.359286 THz    27.390200 2PiTHz  145.410122 cm-1    18.028549 meV
             X         Y         Z           dx          dy          dz
      0.000000  1.709092  0.573576     0.048217    0.000033    0.000014  
      0.000000  9.733340  0.573576    -0.051535    0.000015   -0.000026  
      1.812421  7.489962  4.361673     0.049617   -0.000022    0.000024  
      1.812421  3.952470  4.361673    -0.046932   -0.000016   -0.000017  
      0.000000  1.641168  2.174523     0.076118    0.000066    0.000013  
      0.000000  9.801264  2.174523    -0.081417   -0.000005   -0.000021  
      1.812421  7.374308  2.718980     0.096963   -0.000022    0.000027  
      1.812421  4.068124  2.718980    -0.091271   -0.000021   -0.000017  
      0.000000  3.643901  0.065830    -0.023605    0.000007   -0.000015  
      0.000000  7.798531  0.065830     0.025057   -0.000013    0.000030  
      1.812421  9.396203  0.064784    -0.015536    0.000000   -0.000039  
      1.812421  2.046229  0.064784     0.014455    0.000002    0.000003  
      0.000000  0.000000  0.015287    -0.000040    0.000023    0.000018  
      1.812421  5.721216  0.037814     0.000789   -0.000022    0.000008  
      1.812421  5.721216  1.904192     0.000829   -0.000016    0.000007  
 
  37 f  =    4.290477 THz    26.957860 2PiTHz  143.114898 cm-1    17.743978 meV
             X         Y         Z           dx          dy          dz
      0.000000  1.709092  0.573576     0.000072    0.026071    0.034917  
      0.000000  9.733340  0.573576     0.000110    0.026060   -0.034916  
      1.812421  7.489962  4.361673    -0.000095   -0.025482    0.053054  
      1.812421  3.952470  4.361673    -0.000037   -0.025476   -0.053060  
      0.000000  1.641168  2.174523     0.000096    0.036642    0.036182  
      0.000000  9.801264  2.174523     0.000177    0.036601   -0.036180  
      1.812421  7.374308  2.718980    -0.000210   -0.022917    0.053708  
      1.812421  4.068124  2.718980    -0.000148   -0.022906   -0.053714  
      0.000000  3.643901  0.065830    -0.000012   -0.018415   -0.068310  
      0.000000  7.798531  0.065830    -0.000051   -0.018418    0.068294  
      1.812421  9.396203  0.064784     0.000038    0.007140   -0.041189  
      1.812421  2.046229  0.064784     0.000032    0.007146    0.041189  
      0.000000  0.000000  0.015287     0.000016    0.033614    0.000012  
      1.812421  5.721216  0.037814    -0.000021   -0.039795   -0.000003  
      1.812421  5.721216  1.904192    -0.000040   -0.006179   -0.000009  
 
  38 f  =    2.661489 THz    16.722626 2PiTHz   88.777704 cm-1    11.007027 meV
             X         Y         Z           dx          dy          dz
      0.000000  1.709092  0.573576     0.000006   -0.020584   -0.041557  
      0.000000  9.733340  0.573576    -0.000009    0.020600   -0.041616  
      1.812421  7.489962  4.361673    -0.000001   -0.002954    0.042455  
      1.812421  3.952470  4.361673     0.000002    0.002953    0.042474  
      0.000000  1.641168  2.174523     0.000005   -0.074066   -0.044861  
      0.000000  9.801264  2.174523    -0.000009    0.074055   -0.044918  
      1.812421  7.374308  2.718980    -0.000002   -0.002790    0.042712  
      1.812421  4.068124  2.718980    -0.000002    0.002772    0.042730  
      0.000000  3.643901  0.065830     0.000004   -0.001751    0.040477  
      0.000000  7.798531  0.065830    -0.000003    0.001759    0.040444  
      1.812421  9.396203  0.064784    -0.000005    0.009449   -0.027628  
      1.812421  2.046229  0.064784     0.000004   -0.009433   -0.027556  
      0.000000  0.000000  0.015287    -0.000001    0.000017   -0.101156  
      1.812421  5.721216  0.037814     0.000004   -0.000002    0.050724  
      1.812421  5.721216  1.904192    -0.000016   -0.000011    0.046052  
 
  39 f  =    2.210496 THz    13.888956 2PiTHz   73.734211 cm-1     9.141873 meV
             X         Y         Z           dx          dy          dz
      0.000000  1.709092  0.573576    -0.000069   -0.006551   -0.059237  
      0.000000  9.733340  0.573576     0.000058   -0.006535    0.059192  
      1.812421  7.489962  4.361673     0.000060   -0.000616    0.037543  
      1.812421  3.952470  4.361673    -0.000071   -0.000614   -0.037514  
      0.000000  1.641168  2.174523    -0.000076    0.030002   -0.057552  
      0.000000  9.801264  2.174523     0.000066    0.030057    0.057503  
      1.812421  7.374308  2.718980     0.000082    0.024469    0.035799  
      1.812421  4.068124  2.718980    -0.000071    0.024470   -0.035770  
      0.000000  3.643901  0.065830    -0.000069   -0.009816   -0.054674  
      0.000000  7.798531  0.065830     0.000056   -0.009817    0.054702  
      1.812421  9.396203  0.064784     0.000051   -0.014488    0.074215  
      1.812421  2.046229  0.064784    -0.000064   -0.014499   -0.074255  
      0.000000  0.000000  0.015287    -0.000012   -0.026545   -0.000044  
      1.812421  5.721216  0.037814    -0.000010   -0.004339    0.000017  
      1.812421  5.721216  1.904192    -0.000010    0.032985    0.000015  
 
  40 f  =    1.959318 THz    12.310760 2PiTHz   65.355822 cm-1     8.103085 meV
             X         Y         Z           dx          dy          dz
      0.000000  1.709092  0.573576    -0.056465   -0.000005    0.000069  
      0.000000  9.733340  0.573576     0.056376   -0.000000   -0.000075  
      1.812421  7.489962  4.361673     0.049773    0.000005   -0.000041  
      1.812421  3.952470  4.361673    -0.049804    0.000003    0.000046  
      0.000000  1.641168  2.174523    -0.067215   -0.000051    0.000072  
      0.000000  9.801264  2.174523     0.067126   -0.000038   -0.000079  
      1.812421  7.374308  2.718980     0.065969   -0.000018   -0.000034  
      1.812421  4.068124  2.718980    -0.065887   -0.000019    0.000040  
      0.000000  3.643901  0.065830    -0.045622    0.000001    0.000051  
      0.000000  7.798531  0.065830     0.045572    0.000004   -0.000047  
      1.812421  9.396203  0.064784     0.047765    0.000026   -0.000100  
      1.812421  2.046229  0.064784    -0.047843    0.000024    0.000099  
      0.000000  0.000000  0.015287    -0.000037    0.000038   -0.000009  
      1.812421  5.721216  0.037814    -0.000045   -0.000008    0.000003  
      1.812421  5.721216  1.904192     0.000021   -0.000023    0.000003  
 
  41 f  =    0.008268 THz     0.051953 2PiTHz    0.275807 cm-1     0.034196 meV
             X         Y         Z           dx          dy          dz
      0.000000  1.709092  0.573576    -0.051938    0.000840    0.000381  
      0.000000  9.733340  0.573576    -0.051978    0.000841    0.000371  
      1.812421  7.489962  4.361673    -0.052013    0.000837    0.000381  
      1.812421  3.952470  4.361673    -0.051954    0.000836    0.000378  
      0.000000  1.641168  2.174523    -0.051928    0.000834    0.000380  
      0.000000  9.801264  2.174523    -0.051977    0.000842    0.000372  
      1.812421  7.374308  2.718980    -0.052011    0.000836    0.000381  
      1.812421  4.068124  2.718980    -0.051907    0.000836    0.000378  
      0.000000  3.643901  0.065830    -0.052010    0.000838    0.000372  
      0.000000  7.798531  0.065830    -0.052060    0.000840    0.000368  
      1.812421  9.396203  0.064784    -0.052029    0.000838    0.000381  
      1.812421  2.046229  0.064784    -0.051991    0.000839    0.000392  
      0.000000  0.000000  0.015287    -0.052027    0.000842    0.000373  
      1.812421  5.721216  0.037814    -0.051996    0.000837    0.000379  
      1.812421  5.721216  1.904192    -0.052842    0.000836    0.000380  
 
  42 fi =    0.008536 THz     0.053632 2PiTHz    0.284722 cm-1     0.035301 meV
             X         Y         Z           dx          dy          dz
      0.000000  1.709092  0.573576    -0.000834   -0.051993    0.000215  
      0.000000  9.733340  0.573576    -0.000842   -0.051991   -0.000140  
      1.812421  7.489962  4.361673    -0.000838   -0.051971   -0.000057  
      1.812421  3.952470  4.361673    -0.000837   -0.051969    0.000141  
      0.000000  1.641168  2.174523    -0.000833   -0.052170    0.000206  
      0.000000  9.801264  2.174523    -0.000845   -0.052164   -0.000131  
      1.812421  7.374308  2.718980    -0.000837   -0.052091   -0.000046  
      1.812421  4.068124  2.718980    -0.000837   -0.052091    0.000129  
      0.000000  3.643901  0.065830    -0.000838   -0.051979    0.000164  
      0.000000  7.798531  0.065830    -0.000840   -0.051979   -0.000083  
      1.812421  9.396203  0.064784    -0.000841   -0.051890   -0.000224  
      1.812421  2.046229  0.064784    -0.000836   -0.051890    0.000303  
      0.000000  0.000000  0.015287    -0.000839   -0.051890    0.000034  
      1.812421  5.721216  0.037814    -0.000837   -0.051969    0.000043  
      1.812421  5.721216  1.904192    -0.000851   -0.052095    0.000043  
 
  43 fi =    0.021676 THz     0.136195 2PiTHz    0.723036 cm-1     0.089645 meV
             X         Y         Z           dx          dy          dz
      0.000000  1.709092  0.573576     0.000378   -0.000095    0.051805  
      0.000000  9.733340  0.573576     0.000379    0.000161    0.051813  
      1.812421  7.489962  4.361673     0.000378    0.000055    0.052176  
      1.812421  3.952470  4.361673     0.000377    0.000012    0.052166  
      0.000000  1.641168  2.174523     0.000376   -0.000459    0.051777  
      0.000000  9.801264  2.174523     0.000376    0.000531    0.051784  
      1.812421  7.374308  2.718980     0.000380    0.000023    0.052177  
      1.812421  4.068124  2.718980     0.000378    0.000049    0.052168  
      0.000000  3.643901  0.065830     0.000378    0.000052    0.052424  
      0.000000  7.798531  0.065830     0.000379    0.000012    0.052437  
      1.812421  9.396203  0.064784     0.000380    0.000076    0.051995  
      1.812421  2.046229  0.064784     0.000379   -0.000010    0.051985  
      0.000000  0.000000  0.015287     0.000380    0.000032    0.051394  
      1.812421  5.721216  0.037814     0.000377    0.000032    0.051986  
      1.812421  5.721216  1.904192     0.000385    0.000037    0.052055  
 
  44 fi =    4.913322 THz    30.871313 2PiTHz  163.890781 cm-1    20.319858 meV
             X         Y         Z           dx          dy          dz
      0.000000  1.709092  0.573576     0.003454   -0.000000    0.000003  
      0.000000  9.733340  0.573576     0.003456   -0.000000    0.000000  
      1.812421  7.489962  4.361673     0.009900    0.000001   -0.000001  
      1.812421  3.952470  4.361673     0.009890   -0.000001   -0.000001  
      0.000000  1.641168  2.174523     0.002816    0.000001    0.000003  
      0.000000  9.801264  2.174523     0.002819   -0.000003    0.000000  
      1.812421  7.374308  2.718980     0.014209    0.000001   -0.000002  
      1.812421  4.068124  2.718980     0.014165    0.000001   -0.000002  
      0.000000  3.643901  0.065830     0.009992   -0.000003   -0.000005  
      0.000000  7.798531  0.065830     0.009997    0.000002   -0.000005  
      1.812421  9.396203  0.064784     0.005993    0.000001    0.000002  
      1.812421  2.046229  0.064784     0.005990   -0.000000    0.000006  
      0.000000  0.000000  0.015287     0.004845    0.000001    0.000003  
      1.812421  5.721216  0.037814    -0.001793   -0.000001   -0.000001  
      1.812421  5.721216  1.904192    -0.403093    0.000001   -0.000001  
 
  45 fi =   14.070091 THz    88.404987 2PiTHz  469.327706 cm-1    58.189193 meV
             X         Y         Z           dx          dy          dz
      0.000000  1.709092  0.573576     0.000004   -0.029130   -0.001406  
      0.000000  9.733340  0.573576    -0.000005   -0.029129    0.001406  
      1.812421  7.489962  4.361673     0.000006    0.030205   -0.015278  
      1.812421  3.952470  4.361673    -0.000004    0.030205    0.015277  
      0.000000  1.641168  2.174523     0.000028    0.004892    0.002145  
      0.000000  9.801264  2.174523    -0.000033    0.004890   -0.002144  
      1.812421  7.374308  2.718980    -0.000034   -0.011558   -0.030878  
      1.812421  4.068124  2.718980     0.000023   -0.011551    0.030878  
      0.000000  3.643901  0.065830    -0.000009    0.009070   -0.060581  
      0.000000  7.798531  0.065830     0.000012    0.009071    0.060578  
      1.812421  9.396203  0.064784    -0.000003    0.049782   -0.000775  
      1.812421  2.046229  0.064784     0.000003    0.049781    0.000779  
      0.000000  0.000000  0.015287    -0.000005    0.052543   -0.000005  
      1.812421  5.721216  0.037814     0.000003   -0.178209    0.000001  
      1.812421  5.721216  1.904192     0.000002    0.039160   -0.000002  
 
