 Eigenvectors and eigenvalues of the dynamical matrix
 ----------------------------------------------------
 
 
   1 f  =   25.306235 THz   159.003764 2PiTHz  844.125139 cm-1   104.658132 meV
             X         Y         Z           dx          dy          dz
      2.531008  1.896458 -0.000000    -0.000000   -0.000000   -0.010463  
      5.085732  0.882910  4.808070     0.000000   -0.000000   -0.010474  
      2.513782  1.846012  3.242649    -0.005434    0.007661   -0.010935  
      2.513782  4.625381  1.565421     0.005434   -0.007662   -0.010935  
      5.068506  0.933356  1.565421     0.005420    0.007654   -0.010915  
      5.068506 -1.846012  3.242649    -0.005420   -0.007655   -0.010914  
      0.618988  1.937502  3.042042    -0.008749   -0.015625   -0.028979  
      0.618988 -0.841866  1.766028     0.008747    0.015636   -0.028982  
      3.173713  0.841866  1.766028     0.008774   -0.015682   -0.029032  
      3.173713  3.621235  3.042042    -0.008772    0.015693   -0.029035  
      0.507745  1.700102 -0.000000    -0.000000   -0.000001    0.176420  
      3.062469  1.079266  4.808070     0.000000   -0.000001    0.176729  
 
   2 f  =   25.239781 THz   158.586224 2PiTHz  841.908487 cm-1   104.383302 meV
             X         Y         Z           dx          dy          dz
      2.531008  1.896458 -0.000000     0.000001    0.000001   -0.006168  
      5.085732  0.882910  4.808070    -0.000000    0.000000    0.006147  
      2.513782  1.846012  3.242649     0.007372   -0.003885    0.012136  
      2.513782  4.625381  1.565421    -0.007372    0.003886    0.012136  
      5.068506  0.933356  1.565421     0.007383    0.003898   -0.012156  
      5.068506 -1.846012  3.242649    -0.007383   -0.003899   -0.012155  
      0.618988  1.937502  3.042042    -0.009199   -0.030840   -0.024912  
      0.618988 -0.841866  1.766028     0.009201    0.030852   -0.024915  
      3.173713  0.841866  1.766028    -0.009193    0.030805    0.024859  
      3.173713  3.621235  3.042042     0.009190   -0.030819    0.024865  
      0.507745  1.700102 -0.000000    -0.000001   -0.000002    0.173745  
      3.062469  1.079266  4.808070    -0.000001    0.000003   -0.173428  
 
   3 f  =   22.516077 THz   141.472686 2PiTHz  751.055497 cm-1    93.118972 meV
             X         Y         Z           dx          dy          dz
      2.531008  1.896458 -0.000000     0.000004    0.000002   -0.000419  
      5.085732  0.882910  4.808070    -0.000004    0.000002   -0.000420  
      2.513782  1.846012  3.242649     0.008828    0.003331   -0.008182  
      2.513782  4.625381  1.565421    -0.008837   -0.003325   -0.008168  
      5.068506  0.933356  1.565421    -0.008828    0.003336   -0.008187  
      5.068506 -1.846012  3.242649     0.008836   -0.003331   -0.008172  
      0.618988  1.937502  3.042042    -0.055245    0.112888    0.032007  
      0.618988 -0.841866  1.766028     0.055482   -0.112905    0.031929  
      3.173713  0.841866  1.766028     0.055221    0.112829    0.031995  
      3.173713  3.621235  3.042042    -0.055459   -0.112851    0.031921  
      0.507745  1.700102 -0.000000     0.000012   -0.000013    0.021099  
      3.062469  1.079266  4.808070    -0.000012   -0.000013    0.021071  
 
   4 f  =   22.440800 THz   140.999703 2PiTHz  748.544503 cm-1    92.807648 meV
             X         Y         Z           dx          dy          dz
      2.531008  1.896458 -0.000000     0.002445   -0.002091    0.000001  
      5.085732  0.882910  4.808070    -0.002445   -0.002091   -0.000000  
      2.513782  1.846012  3.242649    -0.005414    0.000974   -0.008106  
      2.513782  4.625381  1.565421    -0.005395    0.000982    0.008122  
      5.068506  0.933356  1.565421     0.005412    0.000975   -0.008108  
      5.068506 -1.846012  3.242649     0.005395    0.000981    0.008121  
      0.618988  1.937502  3.042042     0.122939    0.001419    0.045823  
      0.618988 -0.841866  1.766028     0.122813    0.001616   -0.045870  
      3.173713  0.841866  1.766028    -0.122929    0.001407    0.045815  
      3.173713  3.621235  3.042042    -0.122822    0.001629   -0.045879  
      0.507745  1.700102 -0.000000     0.012571   -0.012142   -0.000016  
      3.062469  1.079266  4.808070    -0.012571   -0.012143   -0.000020  
 
   5 f  =   22.037280 THz   138.464317 2PiTHz  735.084551 cm-1    91.138828 meV
             X         Y         Z           dx          dy          dz
      2.531008  1.896458 -0.000000     0.000001   -0.000001   -0.005436  
      5.085732  0.882910  4.808070     0.000001    0.000001    0.005432  
      2.513782  1.846012  3.242649     0.007243    0.006184   -0.012599  
      2.513782  4.625381  1.565421    -0.007246   -0.006178   -0.012600  
      5.068506  0.933356  1.565421     0.007243   -0.006182    0.012592  
      5.068506 -1.846012  3.242649    -0.007244    0.006178    0.012595  
      0.618988  1.937502  3.042042    -0.045264   -0.097091   -0.061878  
      0.618988 -0.841866  1.766028     0.045296    0.097127   -0.061918  
      3.173713  0.841866  1.766028    -0.045283    0.097128    0.061898  
      3.173713  3.621235  3.042042     0.045277   -0.097179    0.061936  
      0.507745  1.700102 -0.000000    -0.000003   -0.000009   -0.049749  
      3.062469  1.079266  4.808070    -0.000007    0.000012    0.049773  
 
   6 f  =   21.637171 THz   135.950357 2PiTHz  721.738349 cm-1    89.484110 meV
             X         Y         Z           dx          dy          dz
      2.531008  1.896458 -0.000000    -0.003216    0.003768   -0.000002  
      5.085732  0.882910  4.808070    -0.003215   -0.003767    0.000002  
      2.513782  1.846012  3.242649     0.004053   -0.009920   -0.007377  
      2.513782  4.625381  1.565421     0.004045   -0.009919    0.007372  
      5.068506  0.933356  1.565421     0.004053    0.009920    0.007378  
      5.068506 -1.846012  3.242649     0.004045    0.009919   -0.007373  
      0.618988  1.937502  3.042042    -0.030383   -0.086597   -0.084905  
      0.618988 -0.841866  1.766028    -0.030311   -0.086576    0.084866  
      3.173713  0.841866  1.766028    -0.030380    0.086600    0.084904  
      3.173713  3.621235  3.042042    -0.030313    0.086575   -0.084865  
      0.507745  1.700102 -0.000000     0.020292    0.047811   -0.000004  
      3.062469  1.079266  4.808070     0.020290   -0.047807    0.000004  
 
   7 f  =   20.891721 THz   131.266556 2PiTHz  696.872808 cm-1    86.401178 meV
             X         Y         Z           dx          dy          dz
      2.531008  1.896458 -0.000000    -0.000001    0.000001   -0.000233  
      5.085732  0.882910  4.808070     0.000000   -0.000003    0.000238  
      2.513782  1.846012  3.242649    -0.007736    0.009853    0.001275  
      2.513782  4.625381  1.565421     0.007740   -0.009846    0.001273  
      5.068506  0.933356  1.565421    -0.007742   -0.009843   -0.001272  
      5.068506 -1.846012  3.242649     0.007745    0.009857   -0.001281  
      0.618988  1.937502  3.042042     0.111332   -0.065091    0.019987  
      0.618988 -0.841866  1.766028    -0.111342    0.065000    0.020071  
      3.173713  0.841866  1.766028     0.111345    0.065061   -0.020016  
      3.173713  3.621235  3.042042    -0.111386   -0.065102   -0.020013  
      0.507745  1.700102 -0.000000     0.000012    0.000025   -0.000800  
      3.062469  1.079266  4.808070     0.000001   -0.000000    0.000797  
 
   8 f  =   20.760025 THz   130.439084 2PiTHz  692.479897 cm-1    85.856526 meV
             X         Y         Z           dx          dy          dz
      2.531008  1.896458 -0.000000     0.001164    0.004799    0.000000  
      5.085732  0.882910  4.808070    -0.001165    0.004800    0.000000  
      2.513782  1.846012  3.242649     0.000350   -0.016742   -0.008152  
      2.513782  4.625381  1.565421     0.000351   -0.016747    0.008150  
      5.068506  0.933356  1.565421    -0.000355   -0.016747   -0.008152  
      5.068506 -1.846012  3.242649    -0.000348   -0.016740    0.008151  
      0.618988  1.937502  3.042042    -0.028946    0.101107    0.066562  
      0.618988 -0.841866  1.766028    -0.029009    0.101134   -0.066544  
      3.173713  0.841866  1.766028     0.029023    0.101163    0.066552  
      3.173713  3.621235  3.042042     0.028948    0.101088   -0.066549  
      0.507745  1.700102 -0.000000    -0.012392   -0.030948   -0.000005  
      3.062469  1.079266  4.808070     0.012391   -0.030949   -0.000004  
 
   9 f  =   20.355861 THz   127.899648 2PiTHz  678.998442 cm-1    84.185040 meV
             X         Y         Z           dx          dy          dz
      2.531008  1.896458 -0.000000     0.000001   -0.000001    0.009767  
      5.085732  0.882910  4.808070    -0.000000   -0.000001    0.009771  
      2.513782  1.846012  3.242649     0.007696    0.004786    0.014111  
      2.513782  4.625381  1.565421    -0.007697   -0.004786    0.014113  
      5.068506  0.933356  1.565421    -0.007693    0.004784    0.014112  
      5.068506 -1.846012  3.242649     0.007694   -0.004784    0.014114  
      0.618988  1.937502  3.042042    -0.105904   -0.030349   -0.062294  
      0.618988 -0.841866  1.766028     0.105918    0.030354   -0.062301  
      3.173713  0.841866  1.766028     0.105889   -0.030333   -0.062286  
      3.173713  3.621235  3.042042    -0.105900    0.030338   -0.062290  
      0.507745  1.700102 -0.000000    -0.000002   -0.000002   -0.026710  
      3.062469  1.079266  4.808070     0.000001   -0.000001   -0.026708  
 
  10 f  =   19.453160 THz   122.227810 2PiTHz  648.887577 cm-1    80.451770 meV
             X         Y         Z           dx          dy          dz
      2.531008  1.896458 -0.000000     0.001493    0.009530    0.000001  
      5.085732  0.882910  4.808070     0.001493   -0.009529   -0.000001  
      2.513782  1.846012  3.242649     0.018483    0.007853   -0.001552  
      2.513782  4.625381  1.565421     0.018482    0.007855    0.001551  
      5.068506  0.933356  1.565421     0.018483   -0.007855    0.001552  
      5.068506 -1.846012  3.242649     0.018482   -0.007857   -0.001551  
      0.618988  1.937502  3.042042    -0.107580    0.059665   -0.018340  
      0.618988 -0.841866  1.766028    -0.107565    0.059654    0.018338  
      3.173713  0.841866  1.766028    -0.107578   -0.059658    0.018344  
      3.173713  3.621235  3.042042    -0.107565   -0.059645   -0.018345  
      0.507745  1.700102 -0.000000     0.022725    0.002606   -0.000003  
      3.062469  1.079266  4.808070     0.022723   -0.002604    0.000003  
 
  11 f  =   18.114029 THz   113.813800 2PiTHz  604.218966 cm-1    74.913570 meV
             X         Y         Z           dx          dy          dz
      2.531008  1.896458 -0.000000     0.020639   -0.021457   -0.000001  
      5.085732  0.882910  4.808070     0.020657    0.021433    0.000002  
      2.513782  1.846012  3.242649     0.011162   -0.015232    0.018878  
      2.513782  4.625381  1.565421     0.011162   -0.015233   -0.018878  
      5.068506  0.933356  1.565421     0.011159    0.015225   -0.018872  
      5.068506 -1.846012  3.242649     0.011158    0.015227    0.018872  
      0.618988  1.937502  3.042042    -0.019039   -0.023363   -0.014492  
      0.618988 -0.841866  1.766028    -0.019042   -0.023361    0.014492  
      3.173713  0.841866  1.766028    -0.019042    0.023374    0.014493  
      3.173713  3.621235  3.042042    -0.019045    0.023370   -0.014494  
      0.507745  1.700102 -0.000000    -0.087996   -0.133728   -0.000000  
      3.062469  1.079266  4.808070    -0.088043    0.133784    0.000001  
 
  12 f  =   18.102857 THz   113.743603 2PiTHz  603.846301 cm-1    74.867366 meV
             X         Y         Z           dx          dy          dz
      2.531008  1.896458 -0.000000     0.038959    0.048280    0.000000  
      5.085732  0.882910  4.808070    -0.038952    0.048289    0.000001  
      2.513782  1.846012  3.242649    -0.008467    0.014217   -0.015185  
      2.513782  4.625381  1.565421    -0.008466    0.014217    0.015185  
      5.068506  0.933356  1.565421     0.008473    0.014224   -0.015193  
      5.068506 -1.846012  3.242649     0.008472    0.014224    0.015194  
      0.618988  1.937502  3.042042    -0.007658   -0.021579   -0.002114  
      0.618988 -0.841866  1.766028    -0.007665   -0.021572    0.002111  
      3.173713  0.841866  1.766028     0.007648   -0.021565   -0.002106  
      3.173713  3.621235  3.042042     0.007651   -0.021564    0.002103  
      0.507745  1.700102 -0.000000    -0.104690   -0.128627   -0.000000  
      3.062469  1.079266  4.808070     0.104654   -0.128569    0.000000  
 
  13 f  =   13.822314 THz    86.848160 2PiTHz  461.062763 cm-1    57.164471 meV
             X         Y         Z           dx          dy          dz
      2.531008  1.896458 -0.000000     0.117643    0.189982   -0.000004  
      5.085732  0.882910  4.808070    -0.117163    0.189193    0.000003  
      2.513782  1.846012  3.242649     0.011772   -0.008434    0.013030  
      2.513782  4.625381  1.565421     0.011774   -0.008433   -0.013028  
      5.068506  0.933356  1.565421    -0.011772   -0.008425    0.013019  
      5.068506 -1.846012  3.242649    -0.011772   -0.008424   -0.013015  
      0.618988  1.937502  3.042042     0.012082    0.013794   -0.025154  
      0.618988 -0.841866  1.766028     0.012073    0.013787    0.025135  
      3.173713  0.841866  1.766028    -0.012076    0.013770   -0.025145  
      3.173713  3.621235  3.042042    -0.012072    0.013769    0.025137  
      0.507745  1.700102 -0.000000     0.060827   -0.034987   -0.000001  
      3.062469  1.079266  4.808070    -0.061082   -0.035147   -0.000000  
 
  14 f  =   13.804740 THz    86.737743 2PiTHz  460.476577 cm-1    57.091794 meV
             X         Y         Z           dx          dy          dz
      2.531008  1.896458 -0.000000     0.125925    0.206946   -0.000000  
      5.085732  0.882910  4.808070     0.126380   -0.207665   -0.000001  
      2.513782  1.846012  3.242649     0.000130   -0.002426    0.002776  
      2.513782  4.625381  1.565421     0.000130   -0.002426   -0.002776  
      5.068506  0.933356  1.565421     0.000175    0.002458   -0.002825  
      5.068506 -1.846012  3.242649     0.000175    0.002458    0.002826  
      0.618988  1.937502  3.042042     0.000399    0.005022   -0.000034  
      0.618988 -0.841866  1.766028     0.000400    0.005022    0.000035  
      3.173713  0.841866  1.766028     0.000446   -0.005075    0.000131  
      3.173713  3.621235  3.042042     0.000447   -0.005075   -0.000132  
      0.507745  1.700102 -0.000000    -0.065738    0.041608   -0.000000  
      3.062469  1.079266  4.808070    -0.065505   -0.041474    0.000000  
 
  15 f  =   13.171233 THz    82.757295 2PiTHz  439.345029 cm-1    54.471817 meV
             X         Y         Z           dx          dy          dz
      2.531008  1.896458 -0.000000    -0.074326    0.066180    0.000030  
      5.085732  0.882910  4.808070     0.074327    0.066186    0.000061  
      2.513782  1.846012  3.242649     0.017318    0.009480   -0.012554  
      2.513782  4.625381  1.565421     0.017345    0.009465    0.012581  
      5.068506  0.933356  1.565421    -0.017323    0.009490   -0.012546  
      5.068506 -1.846012  3.242649    -0.017340    0.009455    0.012586  
      0.618988  1.937502  3.042042    -0.032306   -0.056495    0.076711  
      0.618988 -0.841866  1.766028    -0.032429   -0.056633   -0.076950  
      3.173713  0.841866  1.766028     0.032328   -0.056516    0.076761  
      3.173713  3.621235  3.042042     0.032406   -0.056612   -0.076901  
      0.507745  1.700102 -0.000000     0.066584   -0.018297   -0.000010  
      3.062469  1.079266  4.808070    -0.066584   -0.018296   -0.000011  
 
  16 f  =   13.047534 THz    81.980075 2PiTHz  435.218893 cm-1    53.960241 meV
             X         Y         Z           dx          dy          dz
      2.531008  1.896458 -0.000000    -0.000102    0.000103   -0.058457  
      5.085732  0.882910  4.808070     0.000103    0.000102   -0.058519  
      2.513782  1.846012  3.242649     0.009703   -0.012046   -0.015909  
      2.513782  4.625381  1.565421    -0.009680    0.012062   -0.015886  
      5.068506  0.933356  1.565421    -0.009694   -0.012058   -0.015918  
      5.068506 -1.846012  3.242649     0.009671    0.012073   -0.015895  
      0.618988  1.937502  3.042042    -0.049772   -0.059529    0.091630  
      0.618988 -0.841866  1.766028     0.049710    0.059418    0.091484  
      3.173713  0.841866  1.766028     0.049735   -0.059505    0.091568  
      3.173713  3.621235  3.042042    -0.049672    0.059393    0.091421  
      0.507745  1.700102 -0.000000     0.000072   -0.000023    0.011162  
      3.062469  1.079266  4.808070    -0.000071   -0.000022    0.011164  
 
  17 f  =   12.885574 THz    80.962451 2PiTHz  429.816490 cm-1    53.290429 meV
             X         Y         Z           dx          dy          dz
      2.531008  1.896458 -0.000000    -0.000069    0.000048    0.077603  
      5.085732  0.882910  4.808070     0.000100    0.000076   -0.077576  
      2.513782  1.846012  3.242649     0.011691    0.017007    0.013842  
      2.513782  4.625381  1.565421    -0.011701   -0.017005    0.013847  
      5.068506  0.933356  1.565421     0.011708   -0.016999   -0.013831  
      5.068506 -1.846012  3.242649    -0.011696    0.016997   -0.013835  
      0.618988  1.937502  3.042042    -0.045526   -0.040574    0.097071  
      0.618988 -0.841866  1.766028     0.045508    0.040547    0.097037  
      3.173713  0.841866  1.766028    -0.045553    0.040600   -0.097110  
      3.173713  3.621235  3.042042     0.045558   -0.040611   -0.097117  
      0.507745  1.700102 -0.000000     0.000017   -0.000008   -0.001275  
      3.062469  1.079266  4.808070    -0.000026   -0.000015    0.001265  
 
  18 f  =   12.740503 THz    80.050943 2PiTHz  424.977446 cm-1    52.690464 meV
             X         Y         Z           dx          dy          dz
      2.531008  1.896458 -0.000000    -0.194912    0.108608   -0.000005  
      5.085732  0.882910  4.808070     0.194909    0.108617    0.000061  
      2.513782  1.846012  3.242649    -0.027545   -0.005837    0.007788  
      2.513782  4.625381  1.565421    -0.027535   -0.005830   -0.007793  
      5.068506  0.933356  1.565421     0.027537   -0.005826    0.007797  
      5.068506 -1.846012  3.242649     0.027544   -0.005842   -0.007784  
      0.618988  1.937502  3.042042     0.005183    0.012622   -0.023432  
      0.618988 -0.841866  1.766028     0.005131    0.012570    0.023330  
      3.173713  0.841866  1.766028    -0.005150    0.012594   -0.023365  
      3.173713  3.621235  3.042042    -0.005164    0.012599    0.023399  
      0.507745  1.700102 -0.000000     0.010359   -0.019072   -0.000002  
      3.062469  1.079266  4.808070    -0.010361   -0.019073   -0.000003  
 
  19 f  =   12.089317 THz    75.959420 2PiTHz  403.256216 cm-1    49.997376 meV
             X         Y         Z           dx          dy          dz
      2.531008  1.896458 -0.000000     0.159877   -0.141441   -0.000021  
      5.085732  0.882910  4.808070     0.159871    0.141442    0.000020  
      2.513782  1.846012  3.242649     0.002240    0.006908   -0.010518  
      2.513782  4.625381  1.565421     0.002243    0.006911    0.010517  
      5.068506  0.933356  1.565421     0.002240   -0.006909    0.010519  
      5.068506 -1.846012  3.242649     0.002242   -0.006911   -0.010518  
      0.618988  1.937502  3.042042    -0.024967   -0.028058    0.041869  
      0.618988 -0.841866  1.766028    -0.024977   -0.028066   -0.041888  
      3.173713  0.841866  1.766028    -0.024968    0.028058   -0.041869  
      3.173713  3.621235  3.042042    -0.024978    0.028066    0.041888  
      0.507745  1.700102 -0.000000    -0.053343    0.045038    0.000000  
      3.062469  1.079266  4.808070    -0.053339   -0.045036   -0.000000  
 
  20 f  =   11.580898 THz    72.764926 2PiTHz  386.297165 cm-1    47.894723 meV
             X         Y         Z           dx          dy          dz
      2.531008  1.896458 -0.000000     0.000016    0.000006    0.254839  
      5.085732  0.882910  4.808070    -0.000015    0.000003    0.254867  
      2.513782  1.846012  3.242649     0.001348    0.000288   -0.014895  
      2.513782  4.625381  1.565421    -0.001345   -0.000288   -0.014893  
      5.068506  0.933356  1.565421    -0.001346    0.000287   -0.014898  
      5.068506 -1.846012  3.242649     0.001343   -0.000285   -0.014897  
      0.618988  1.937502  3.042042    -0.007913   -0.013665    0.013675  
      0.618988 -0.841866  1.766028     0.007907    0.013653    0.013656  
      3.173713  0.841866  1.766028     0.007905   -0.013661    0.013667  
      3.173713  3.621235  3.042042    -0.007901    0.013652    0.013653  
      0.507745  1.700102 -0.000000     0.000001    0.000005   -0.000413  
      3.062469  1.079266  4.808070     0.000001    0.000006   -0.000411  
 
  21 f  =   11.363771 THz    71.400681 2PiTHz  379.054608 cm-1    46.996761 meV
             X         Y         Z           dx          dy          dz
      2.531008  1.896458 -0.000000    -0.000015    0.000020   -0.249098  
      5.085732  0.882910  4.808070    -0.000019   -0.000021    0.249062  
      2.513782  1.846012  3.242649     0.005468    0.013037    0.012040  
      2.513782  4.625381  1.565421    -0.005464   -0.013041    0.012044  
      5.068506  0.933356  1.565421     0.005465   -0.013038   -0.012040  
      5.068506 -1.846012  3.242649    -0.005465    0.013042   -0.012041  
      0.618988  1.937502  3.042042    -0.010335   -0.003357    0.019386  
      0.618988 -0.841866  1.766028     0.010323    0.003339    0.019354  
      3.173713  0.841866  1.766028    -0.010337    0.003356   -0.019379  
      3.173713  3.621235  3.042042     0.010326   -0.003342   -0.019356  
      0.507745  1.700102 -0.000000     0.000010   -0.000003   -0.009269  
      3.062469  1.079266  4.808070     0.000011    0.000007    0.009269  
 
  22 f  =   10.898242 THz    68.475677 2PiTHz  363.526238 cm-1    45.071489 meV
             X         Y         Z           dx          dy          dz
      2.531008  1.896458 -0.000000     0.060817   -0.073479   -0.000038  
      5.085732  0.882910  4.808070     0.060820    0.073479    0.000044  
      2.513782  1.846012  3.242649    -0.006857    0.013073    0.007173  
      2.513782  4.625381  1.565421    -0.006858    0.013068   -0.007170  
      5.068506  0.933356  1.565421    -0.006856   -0.013072   -0.007174  
      5.068506 -1.846012  3.242649    -0.006858   -0.013069    0.007170  
      0.618988  1.937502  3.042042     0.040783    0.059008   -0.089971  
      0.618988 -0.841866  1.766028     0.040792    0.059010    0.089986  
      3.173713  0.841866  1.766028     0.040784   -0.059010    0.089974  
      3.173713  3.621235  3.042042     0.040792   -0.059010   -0.089988  
      0.507745  1.700102 -0.000000    -0.041033    0.013995   -0.000003  
      3.062469  1.079266  4.808070    -0.041023   -0.013990    0.000003  
 
  23 f  =    9.992184 THz    62.782746 2PiTHz  333.303393 cm-1    41.324335 meV
             X         Y         Z           dx          dy          dz
      2.531008  1.896458 -0.000000     0.057166    0.098133   -0.000010  
      5.085732  0.882910  4.808070    -0.057173    0.098130   -0.000015  
      2.513782  1.846012  3.242649    -0.017646   -0.008557    0.008277  
      2.513782  4.625381  1.565421    -0.017649   -0.008556   -0.008275  
      5.068506  0.933356  1.565421     0.017647   -0.008556    0.008275  
      5.068506 -1.846012  3.242649     0.017648   -0.008555   -0.008273  
      0.618988  1.937502  3.042042    -0.009367   -0.030188    0.049460  
      0.618988 -0.841866  1.766028    -0.009373   -0.030195   -0.049472  
      3.173713  0.841866  1.766028     0.009367   -0.030188    0.049459  
      3.173713  3.621235  3.042042     0.009371   -0.030191   -0.049465  
      0.507745  1.700102 -0.000000    -0.087478    0.100048    0.000001  
      3.062469  1.079266  4.808070     0.087481    0.100048    0.000002  
 
  24 f  =    9.513445 THz    59.774739 2PiTHz  317.334376 cm-1    39.344430 meV
             X         Y         Z           dx          dy          dz
      2.531008  1.896458 -0.000000    -0.089711   -0.021852    0.000001  
      5.085732  0.882910  4.808070    -0.089699    0.021846    0.000002  
      2.513782  1.846012  3.242649     0.010443    0.009281    0.041249  
      2.513782  4.625381  1.565421     0.010442    0.009283   -0.041249  
      5.068506  0.933356  1.565421     0.010436   -0.009285   -0.041248  
      5.068506 -1.846012  3.242649     0.010437   -0.009279    0.041248  
      0.618988  1.937502  3.042042    -0.006140   -0.014665    0.015486  
      0.618988 -0.841866  1.766028    -0.006139   -0.014664   -0.015487  
      3.173713  0.841866  1.766028    -0.006142    0.014665   -0.015488  
      3.173713  3.621235  3.042042    -0.006141    0.014663    0.015485  
      0.507745  1.700102 -0.000000    -0.051114    0.090415    0.000001  
      3.062469  1.079266  4.808070    -0.051107   -0.090417    0.000000  
 
  25 f  =    9.337688 THz    58.670426 2PiTHz  311.471754 cm-1    38.617558 meV
             X         Y         Z           dx          dy          dz
      2.531008  1.896458 -0.000000    -0.000004   -0.000005    0.013185  
      5.085732  0.882910  4.808070     0.000008   -0.000007    0.013186  
      2.513782  1.846012  3.242649     0.014436   -0.054288    0.002859  
      2.513782  4.625381  1.565421    -0.014431    0.054291    0.002860  
      5.068506  0.933356  1.565421    -0.014439   -0.054284    0.002862  
      5.068506 -1.846012  3.242649     0.014433    0.054286    0.002854  
      0.618988  1.937502  3.042042     0.006050    0.012798   -0.030209  
      0.618988 -0.841866  1.766028    -0.006047   -0.012797   -0.030207  
      3.173713  0.841866  1.766028    -0.006052    0.012798   -0.030206  
      3.173713  3.621235  3.042042     0.006052   -0.012801   -0.030210  
      0.507745  1.700102 -0.000000    -0.000003   -0.000005    0.024192  
      3.062469  1.079266  4.808070     0.000003    0.000001    0.024194  
 
  26 f  =    8.833337 THz    55.501493 2PiTHz  294.648403 cm-1    36.531730 meV
             X         Y         Z           dx          dy          dz
      2.531008  1.896458 -0.000000     0.122748   -0.006670    0.000003  
      5.085732  0.882910  4.808070     0.122737    0.006663   -0.000003  
      2.513782  1.846012  3.242649    -0.014976   -0.006219    0.034030  
      2.513782  4.625381  1.565421    -0.014979   -0.006224   -0.034030  
      5.068506  0.933356  1.565421    -0.014971    0.006219   -0.034030  
      5.068506 -1.846012  3.242649    -0.014973    0.006227    0.034030  
      0.618988  1.937502  3.042042    -0.009776   -0.005873    0.002020  
      0.618988 -0.841866  1.766028    -0.009777   -0.005876   -0.002025  
      3.173713  0.841866  1.766028    -0.009773    0.005873   -0.002019  
      3.173713  3.621235  3.042042    -0.009774    0.005875    0.002022  
      0.507745  1.700102 -0.000000     0.113502   -0.016074    0.000001  
      3.062469  1.079266  4.808070     0.113487    0.016066   -0.000000  
 
  27 f  =    8.717150 THz    54.771466 2PiTHz  290.772812 cm-1    36.051218 meV
             X         Y         Z           dx          dy          dz
      2.531008  1.896458 -0.000000     0.092761   -0.051519   -0.000005  
      5.085732  0.882910  4.808070    -0.092782   -0.051518    0.000002  
      2.513782  1.846012  3.242649    -0.041797    0.007567    0.005186  
      2.513782  4.625381  1.565421    -0.041800    0.007575   -0.005185  
      5.068506  0.933356  1.565421     0.041799    0.007570    0.005187  
      5.068506 -1.846012  3.242649     0.041804    0.007568   -0.005186  
      0.618988  1.937502  3.042042    -0.023005   -0.010859    0.022328  
      0.618988 -0.841866  1.766028    -0.023008   -0.010859   -0.022330  
      3.173713  0.841866  1.766028     0.023006   -0.010856    0.022325  
      3.173713  3.621235  3.042042     0.023010   -0.010864   -0.022335  
      0.507745  1.700102 -0.000000     0.088426   -0.031060    0.000001  
      3.062469  1.079266  4.808070    -0.088448   -0.031072    0.000001  
 
  28 f  =    7.848248 THz    49.311995 2PiTHz  261.789365 cm-1    32.457730 meV
             X         Y         Z           dx          dy          dz
      2.531008  1.896458 -0.000000    -0.000048   -0.000086   -0.043013  
      5.085732  0.882910  4.808070     0.000058   -0.000085    0.043012  
      2.513782  1.846012  3.242649    -0.017867   -0.048669    0.000299  
      2.513782  4.625381  1.565421     0.017906    0.048695    0.000090  
      5.068506  0.933356  1.565421    -0.017907    0.048703   -0.000096  
      5.068506 -1.846012  3.242649     0.017865   -0.048670   -0.000295  
      0.618988  1.937502  3.042042    -0.014503   -0.039453    0.040582  
      0.618988 -0.841866  1.766028     0.014521    0.039438    0.040437  
      3.173713  0.841866  1.766028    -0.014521    0.039439   -0.040436  
      3.173713  3.621235  3.042042     0.014497   -0.039450   -0.040574  
      0.507745  1.700102 -0.000000    -0.000051   -0.000100   -0.008276  
      3.062469  1.079266  4.808070     0.000065   -0.000099    0.008274  
 
  29 f  =    7.828437 THz    49.187517 2PiTHz  261.128534 cm-1    32.375797 meV
             X         Y         Z           dx          dy          dz
      2.531008  1.896458 -0.000000    -0.025073   -0.044605    0.000083  
      5.085732  0.882910  4.808070     0.025076   -0.044606   -0.000085  
      2.513782  1.846012  3.242649     0.009306    0.007813    0.050953  
      2.513782  4.625381  1.565421     0.009229    0.007615   -0.050956  
      5.068506  0.933356  1.565421    -0.009228    0.007621    0.050957  
      5.068506 -1.846012  3.242649    -0.009307    0.007809   -0.050955  
      0.618988  1.937502  3.042042     0.004684   -0.003328    0.035884  
      0.618988 -0.841866  1.766028     0.004625   -0.003480   -0.036038  
      3.173713  0.841866  1.766028    -0.004623   -0.003486    0.036045  
      3.173713  3.621235  3.042042    -0.004686   -0.003324   -0.035880  
      0.507745  1.700102 -0.000000    -0.026717   -0.050943    0.000015  
      3.062469  1.079266  4.808070     0.026720   -0.050938   -0.000017  
 
  30 f  =    6.832599 THz    42.930487 2PiTHz  227.910977 cm-1    28.257347 meV
             X         Y         Z           dx          dy          dz
      2.531008  1.896458 -0.000000    -0.000001   -0.000000   -0.001733  
      5.085732  0.882910  4.808070     0.000001    0.000000   -0.001741  
      2.513782  1.846012  3.242649     0.054497    0.016067    0.000688  
      2.513782  4.625381  1.565421    -0.054493   -0.016065    0.000690  
      5.068506  0.933356  1.565421    -0.054546    0.016048    0.000683  
      5.068506 -1.846012  3.242649     0.054542   -0.016046    0.000684  
      0.618988  1.937502  3.042042     0.030458   -0.008049   -0.007875  
      0.618988 -0.841866  1.766028    -0.030457    0.008047   -0.007874  
      3.173713  0.841866  1.766028    -0.030485   -0.008047   -0.007867  
      3.173713  3.621235  3.042042     0.030483    0.008046   -0.007865  
      0.507745  1.700102 -0.000000    -0.000001   -0.000000    0.009565  
      3.062469  1.079266  4.808070    -0.000000   -0.000001    0.009549  
 
  31 f  =    6.814818 THz    42.818762 2PiTHz  227.317847 cm-1    28.183808 meV
             X         Y         Z           dx          dy          dz
      2.531008  1.896458 -0.000000    -0.000000    0.000002   -0.006031  
      5.085732  0.882910  4.808070    -0.000001    0.000002    0.006028  
      2.513782  1.846012  3.242649     0.052789   -0.020138   -0.006380  
      2.513782  4.625381  1.565421    -0.052789    0.020137   -0.006374  
      5.068506  0.933356  1.565421     0.052739    0.020151    0.006375  
      5.068506 -1.846012  3.242649    -0.052738   -0.020152    0.006381  
      0.618988  1.937502  3.042042     0.029805    0.004182    0.006846  
      0.618988 -0.841866  1.766028    -0.029805   -0.004181    0.006854  
      3.173713  0.841866  1.766028     0.029777   -0.004187   -0.006861  
      3.173713  3.621235  3.042042    -0.029777    0.004189   -0.006855  
      0.507745  1.700102 -0.000000     0.000000    0.000003   -0.016810  
      3.062469  1.079266  4.808070    -0.000003    0.000001    0.016818  
 
  32 f  =    4.717789 THz    29.642743 2PiTHz  157.368505 cm-1    19.511199 meV
             X         Y         Z           dx          dy          dz
      2.531008  1.896458 -0.000000    -0.000005   -0.000043   -0.036214  
      5.085732  0.882910  4.808070    -0.000006    0.000046    0.036220  
      2.513782  1.846012  3.242649    -0.002356    0.007538   -0.052519  
      2.513782  4.625381  1.565421     0.002358   -0.007645   -0.052515  
      5.068506  0.933356  1.565421    -0.002356   -0.007540    0.052518  
      5.068506 -1.846012  3.242649     0.002359    0.007646    0.052516  
      0.618988  1.937502  3.042042    -0.006600    0.002512    0.038926  
      0.618988 -0.841866  1.766028     0.006604   -0.002431    0.038916  
      3.173713  0.841866  1.766028    -0.006600   -0.002514   -0.038925  
      3.173713  3.621235  3.042042     0.006604    0.002430   -0.038916  
      0.507745  1.700102 -0.000000    -0.000011    0.000059    0.051614  
      3.062469  1.079266  4.808070    -0.000012   -0.000056   -0.051614  
 
  33 f  =    4.618473 THz    29.018722 2PiTHz  154.055678 cm-1    19.100461 meV
             X         Y         Z           dx          dy          dz
      2.531008  1.896458 -0.000000     0.005303    0.043122   -0.000036  
      5.085732  0.882910  4.808070     0.005303   -0.043120    0.000035  
      2.513782  1.846012  3.242649    -0.000976    0.051984    0.000738  
      2.513782  4.625381  1.565421    -0.000971    0.051970   -0.000845  
      5.068506  0.933356  1.565421    -0.000977   -0.051983   -0.000737  
      5.068506 -1.846012  3.242649    -0.000971   -0.051970    0.000845  
      0.618988  1.937502  3.042042    -0.002111   -0.041341   -0.003101  
      0.618988 -0.841866  1.766028    -0.002099   -0.041344    0.003181  
      3.173713  0.841866  1.766028    -0.002111    0.041340    0.003102  
      3.173713  3.621235  3.042042    -0.002099    0.041343   -0.003181  
      0.507745  1.700102 -0.000000     0.011688   -0.056085    0.000054  
      3.062469  1.079266  4.808070     0.011688    0.056084   -0.000054  
 
  34 fi =    0.001185 THz     0.007445 2PiTHz    0.039522 cm-1     0.004900 meV
             X         Y         Z           dx          dy          dz
      2.531008  1.896458 -0.000000    -0.000061   -0.000824    0.050725  
      5.085732  0.882910  4.808070    -0.000061   -0.000824    0.050725  
      2.513782  1.846012  3.242649    -0.000066   -0.000824    0.050730  
      2.513782  4.625381  1.565421    -0.000056   -0.000826    0.050731  
      5.068506  0.933356  1.565421    -0.000056   -0.000824    0.050730  
      5.068506 -1.846012  3.242649    -0.000066   -0.000826    0.050731  
      0.618988  1.937502  3.042042    -0.000069   -0.000823    0.050731  
      0.618988 -0.841866  1.766028    -0.000053   -0.000826    0.050731  
      3.173713  0.841866  1.766028    -0.000053   -0.000823    0.050731  
      3.173713  3.621235  3.042042    -0.000069   -0.000825    0.050731  
      0.507745  1.700102 -0.000000    -0.000061   -0.000824    0.050727  
      3.062469  1.079266  4.808070    -0.000061   -0.000824    0.050726  
 
  35 fi =    0.002489 THz     0.015636 2PiTHz    0.083009 cm-1     0.010292 meV
             X         Y         Z           dx          dy          dz
      2.531008  1.896458 -0.000000    -0.039512   -0.031814   -0.000564  
      5.085732  0.882910  4.808070    -0.039510   -0.031824   -0.000563  
      2.513782  1.846012  3.242649    -0.039512   -0.031824   -0.000566  
      2.513782  4.625381  1.565421    -0.039513   -0.031824   -0.000563  
      5.068506  0.933356  1.565421    -0.039515   -0.031825   -0.000567  
      5.068506 -1.846012  3.242649    -0.039514   -0.031824   -0.000562  
      0.618988  1.937502  3.042042    -0.039522   -0.031823   -0.000554  
      0.618988 -0.841866  1.766028    -0.039523   -0.031822   -0.000576  
      3.173713  0.841866  1.766028    -0.039523   -0.031811   -0.000581  
      3.173713  3.621235  3.042042    -0.039523   -0.031809   -0.000550  
      0.507745  1.700102 -0.000000    -0.039497   -0.031812   -0.000563  
      3.062469  1.079266  4.808070    -0.039489   -0.031796   -0.000564  
 
  36 fi =    0.002535 THz     0.015931 2PiTHz    0.084575 cm-1     0.010486 meV
             X         Y         Z           dx          dy          dz
      2.531008  1.896458 -0.000000     0.031824   -0.039509   -0.000603  
      5.085732  0.882910  4.808070     0.031825   -0.039501   -0.000603  
      2.513782  1.846012  3.242649     0.031829   -0.039513   -0.000607  
      2.513782  4.625381  1.565421     0.031827   -0.039512   -0.000601  
      5.068506  0.933356  1.565421     0.031825   -0.039512   -0.000606  
      5.068506 -1.846012  3.242649     0.031826   -0.039512   -0.000602  
      0.618988  1.937502  3.042042     0.031835   -0.039498   -0.000619  
      0.618988 -0.841866  1.766028     0.031834   -0.039497   -0.000592  
      3.173713  0.841866  1.766028     0.031834   -0.039508   -0.000596  
      3.173713  3.621235  3.042042     0.031834   -0.039507   -0.000614  
      0.507745  1.700102 -0.000000     0.031804   -0.039480   -0.000603  
      3.062469  1.079266  4.808070     0.031816   -0.039493   -0.000603  
 
