 Eigenvectors and eigenvalues of the dynamical matrix
 ----------------------------------------------------
 
 
   1 f  =   40.509034 THz   254.525769 2PiTHz 1351.235939 cm-1   167.531829 meV
             X         Y         Z           dx          dy          dz
      0.000000  0.000000  0.000000    -0.072226   -0.000002   -0.000003  
     -0.000000 -0.000000  4.662562    -0.000159   -0.000000    0.000000  
      1.775085  1.879583  1.753764    -0.000158   -0.000000   -0.000000  
      1.775085 -0.000000  0.000000     0.978118    0.000156    0.000121  
     -0.000000  1.879583  0.000000    -0.019901   -0.000004   -0.000002  
      1.775084  1.879582  4.150392    -0.003407   -0.000002    0.000004  
     -0.000000 -0.000000  2.265934    -0.003409   -0.000002    0.000004  
 
   2 f  =   28.409368 THz   178.501324 2PiTHz  947.634515 cm-1   117.491653 meV
             X         Y         Z           dx          dy          dz
      0.000000  0.000000  0.000000     0.000024   -0.002906    0.000003  
     -0.000000 -0.000000  4.662562    -0.000000   -0.000787    0.000000  
      1.775085  1.879583  1.753764    -0.000000   -0.000787    0.000000  
      1.775085 -0.000000  0.000000    -0.000144    0.978118   -0.000018  
     -0.000000  1.879583  0.000000     0.000007   -0.051727   -0.000019  
      1.775084  1.879582  4.150392    -0.000003    0.002750    0.000005  
     -0.000000 -0.000000  2.265934    -0.000003    0.002755    0.000005  
 
   3 f  =   24.283759 THz   152.579360 2PiTHz  810.019021 cm-1   100.429514 meV
             X         Y         Z           dx          dy          dz
      0.000000  0.000000  0.000000     0.000016   -0.000006   -0.044879  
     -0.000000 -0.000000  4.662562     0.000000    0.000000    0.000689  
      1.775085  1.879583  1.753764    -0.000001    0.000000    0.000696  
      1.775085 -0.000000  0.000000    -0.000096    0.000038    0.925690  
     -0.000000  1.879583  0.000000     0.000001   -0.000006    0.052608  
      1.775084  1.879582  4.150392     0.000026    0.000003   -0.051401  
     -0.000000 -0.000000  2.265934     0.000025    0.000004   -0.051412  
 
   4 f  =   19.921203 THz   125.168609 2PiTHz  664.499800 cm-1    82.387438 meV
             X         Y         Z           dx          dy          dz
      0.000000  0.000000  0.000000     0.000005   -0.331490   -0.000014  
     -0.000000 -0.000000  4.662562     0.000000    0.001220   -0.000000  
      1.775085  1.879583  1.753764     0.000000    0.001220   -0.000000  
      1.775085 -0.000000  0.000000    -0.000010    0.092708   -0.000068  
     -0.000000  1.879583  0.000000    -0.000002    0.117444    0.000045  
      1.775084  1.879582  4.150392     0.000001    0.000395   -0.000008  
     -0.000000 -0.000000  2.265934     0.000001    0.000394   -0.000009  
 
   5 f  =   13.720244 THz    86.206836 2PiTHz  457.658078 cm-1    56.742344 meV
             X         Y         Z           dx          dy          dz
      0.000000  0.000000  0.000000    -0.349608   -0.000018   -0.000078  
     -0.000000 -0.000000  4.662562     0.002537    0.000001    0.000006  
      1.775085  1.879583  1.753764     0.002536    0.000001    0.000008  
      1.775085 -0.000000  0.000000    -0.152121    0.000015   -0.000549  
     -0.000000  1.879583  0.000000     0.082017   -0.000016    0.000256  
      1.775084  1.879582  4.150392     0.018228    0.000014   -0.000165  
     -0.000000 -0.000000  2.265934     0.018238    0.000014   -0.000170  
 
   6 f  =   12.491688 THz    78.487593 2PiTHz  416.677876 cm-1    51.661449 meV
             X         Y         Z           dx          dy          dz
      0.000000  0.000000  0.000000     0.000567    0.000227   -0.079223  
     -0.000000 -0.000000  4.662562    -0.000009   -0.000009    0.005418  
      1.775085  1.879583  1.753764    -0.000010   -0.000008    0.005408  
      1.775085 -0.000000  0.000000     0.000340    0.000217   -0.367928  
     -0.000000  1.879583  0.000000    -0.000058    0.000174    0.171055  
      1.775084  1.879582  4.150392     0.000019   -0.000033   -0.103724  
     -0.000000 -0.000000  2.265934     0.000015   -0.000029   -0.103741  
 
   7 f  =   11.657285 THz    73.244884 2PiTHz  388.845185 cm-1    48.210637 meV
             X         Y         Z           dx          dy          dz
      0.000000  0.000000  0.000000     0.000003    0.000006    0.000022  
     -0.000000 -0.000000  4.662562    -0.000003   -0.000000   -0.008197  
      1.775085  1.879583  1.753764     0.000003   -0.000000    0.008200  
      1.775085 -0.000000  0.000000     0.000001    0.000007   -0.000023  
     -0.000000  1.879583  0.000000    -0.000006    0.000005   -0.000011  
      1.775084  1.879582  4.150392    -0.000288   -0.000053    0.175120  
     -0.000000 -0.000000  2.265934     0.000290    0.000044   -0.175116  
 
   8 f  =    9.772631 THz    61.403252 2PiTHz  325.979886 cm-1    40.416337 meV
             X         Y         Z           dx          dy          dz
      0.000000  0.000000  0.000000     0.000030   -0.166123   -0.000199  
     -0.000000 -0.000000  4.662562     0.000001    0.009257    0.000027  
      1.775085  1.879583  1.753764     0.000001    0.009253    0.000025  
      1.775085 -0.000000  0.000000     0.000026   -0.175162   -0.000451  
     -0.000000  1.879583  0.000000    -0.000035   -0.198869   -0.000031  
      1.775084  1.879582  4.150392     0.000036    0.061106   -0.000207  
     -0.000000 -0.000000  2.265934     0.000037    0.061005   -0.000220  
 
   9 f  =    8.669081 THz    54.469440 2PiTHz  289.169403 cm-1    35.852420 meV
             X         Y         Z           dx          dy          dz
      0.000000  0.000000  0.000000    -0.106689    0.000034   -0.000401  
     -0.000000 -0.000000  4.662562     0.014529   -0.000002    0.000061  
      1.775085  1.879583  1.753764     0.014529   -0.000002    0.000063  
      1.775085 -0.000000  0.000000    -0.127302    0.000058   -0.000330  
     -0.000000  1.879583  0.000000    -0.228784    0.000037   -0.000453  
      1.775084  1.879582  4.150392     0.015684    0.000025   -0.000331  
     -0.000000 -0.000000  2.265934     0.015693    0.000017   -0.000323  
 
  10 f  =    7.959703 THz    50.012292 2PiTHz  265.507127 cm-1    32.918673 meV
             X         Y         Z           dx          dy          dz
      0.000000  0.000000  0.000000    -0.000002    0.000037    0.003711  
     -0.000000 -0.000000  4.662562     0.000010    0.003697   -0.000368  
      1.775085  1.879583  1.753764    -0.000010   -0.003691   -0.000339  
      1.775085 -0.000000  0.000000    -0.000003    0.000055    0.001049  
     -0.000000  1.879583  0.000000    -0.000005    0.000040    0.002363  
      1.775084  1.879582  4.150392     0.000397    0.176368    0.001091  
     -0.000000 -0.000000  2.265934    -0.000397   -0.176468    0.001004  
 
  11 f  =    7.952108 THz    49.964570 2PiTHz  265.253778 cm-1    32.887262 meV
             X         Y         Z           dx          dy          dz
      0.000000  0.000000  0.000000     0.000292    0.000143   -0.231651  
     -0.000000 -0.000000  4.662562    -0.000052    0.000045    0.022155  
      1.775085  1.879583  1.753764    -0.000054   -0.000072    0.022046  
      1.775085 -0.000000  0.000000     0.000367    0.000148   -0.065588  
     -0.000000  1.879583  0.000000     0.000640    0.000206   -0.147239  
      1.775084  1.879582  4.150392     0.000029    0.002750   -0.065336  
     -0.000000 -0.000000  2.265934     0.000031   -0.002906   -0.065383  
 
  12 f  =    6.820052 THz    42.851647 2PiTHz  227.492431 cm-1    28.205454 meV
             X         Y         Z           dx          dy          dz
      0.000000  0.000000  0.000000     0.000008    0.000001    0.000054  
     -0.000000 -0.000000  4.662562    -0.006595    0.000012    0.001345  
      1.775085  1.879583  1.753764     0.006590   -0.000014   -0.001344  
      1.775085 -0.000000  0.000000     0.000010    0.000001    0.000001  
     -0.000000  1.879583  0.000000     0.000001    0.000002   -0.000000  
      1.775084  1.879582  4.150392    -0.175669    0.000401    0.000243  
     -0.000000 -0.000000  2.265934     0.175653   -0.000393   -0.000267  
 
  13 f  =    6.754847 THz    42.441956 2PiTHz  225.317443 cm-1    27.935790 meV
             X         Y         Z           dx          dy          dz
      0.000000  0.000000  0.000000     0.000006    0.000000   -0.000199  
     -0.000000 -0.000000  4.662562    -0.000150    0.000003   -0.059403  
      1.775085  1.879583  1.753764     0.000152   -0.000006    0.059436  
      1.775085 -0.000000  0.000000     0.000007   -0.000003   -0.000147  
     -0.000000  1.879583  0.000000     0.000003    0.000000   -0.000135  
      1.775084  1.879582  4.150392    -0.003944   -0.000013   -0.024237  
     -0.000000 -0.000000  2.265934     0.003922    0.000039    0.024077  
 
  14 f  =    5.937306 THz    37.305193 2PiTHz  198.047204 cm-1    24.554713 meV
             X         Y         Z           dx          dy          dz
      0.000000  0.000000  0.000000     0.000312    0.000099    0.278747  
     -0.000000 -0.000000  4.662562    -0.000100   -0.000030    0.009300  
      1.775085  1.879583  1.753764    -0.000102   -0.000030    0.009290  
      1.775085 -0.000000  0.000000     0.000340    0.000097   -0.020772  
     -0.000000  1.879583  0.000000     0.000207    0.000150   -0.076049  
      1.775084  1.879582  4.150392     0.000882    0.000132   -0.102831  
     -0.000000 -0.000000  2.265934     0.000830    0.000130   -0.102816  
 
  15 f  =    5.490733 THz    34.499294 2PiTHz  183.151146 cm-1    22.707838 meV
             X         Y         Z           dx          dy          dz
      0.000000  0.000000  0.000000    -0.000111   -0.046480    0.000289  
     -0.000000 -0.000000  4.662562     0.000052    0.022749    0.000004  
      1.775085  1.879583  1.753764     0.000057    0.022787    0.000013  
      1.775085 -0.000000  0.000000    -0.000118   -0.031681   -0.000062  
     -0.000000  1.879583  0.000000    -0.000019   -0.058971   -0.000046  
      1.775084  1.879582  4.150392    -0.000451   -0.156580   -0.000124  
     -0.000000 -0.000000  2.265934    -0.000443   -0.156509   -0.000115  
 
  16 f  =    4.625949 THz    29.065692 2PiTHz  154.305036 cm-1    19.131378 meV
             X         Y         Z           dx          dy          dz
      0.000000  0.000000  0.000000     0.028829   -0.000086   -0.001346  
     -0.000000 -0.000000  4.662562    -0.019752    0.000065   -0.000106  
      1.775085  1.879583  1.753764    -0.019726    0.000065   -0.000099  
      1.775085 -0.000000  0.000000     0.030643   -0.000032    0.000066  
     -0.000000  1.879583  0.000000    -0.005922   -0.000116    0.000363  
      1.775084  1.879582  4.150392     0.166244   -0.000431    0.000550  
     -0.000000 -0.000000  2.265934     0.166246   -0.000429    0.000555  
 
  17 f  =    2.977164 THz    18.706071 2PiTHz   99.307488 cm-1    12.312554 meV
             X         Y         Z           dx          dy          dz
      0.000000  0.000000  0.000000     0.000000    0.000006   -0.000004  
     -0.000000 -0.000000  4.662562     0.000489    0.059905    0.000006  
      1.775085  1.879583  1.753764    -0.000490   -0.059859   -0.000004  
      1.775085 -0.000000  0.000000     0.000000    0.000006   -0.000004  
     -0.000000  1.879583  0.000000    -0.000001    0.000002   -0.000001  
      1.775084  1.879582  4.150392    -0.000144   -0.010917   -0.000003  
     -0.000000 -0.000000  2.265934     0.000146    0.010851    0.000000  
 
  18 f  =    2.892730 THz    18.175561 2PiTHz   96.491101 cm-1    11.963366 meV
             X         Y         Z           dx          dy          dz
      0.000000  0.000000  0.000000    -0.000004    0.000002   -0.000004  
     -0.000000 -0.000000  4.662562    -0.059621    0.000490    0.000003  
      1.775085  1.879583  1.753764     0.059643   -0.000491   -0.000001  
      1.775085 -0.000000  0.000000    -0.000005    0.000001    0.000004  
     -0.000000  1.879583  0.000000     0.000010    0.000003   -0.000001  
      1.775084  1.879582  4.150392     0.019399   -0.000098    0.000021  
     -0.000000 -0.000000  2.265934    -0.019459    0.000109   -0.000025  
 
  19 fi =    0.003282 THz     0.020624 2PiTHz    0.109491 cm-1     0.013575 meV
             X         Y         Z           dx          dy          dz
      0.000000  0.000000  0.000000     0.025412   -0.020497   -0.043895  
     -0.000000 -0.000000  4.662562     0.025404   -0.020478   -0.043928  
      1.775085  1.879583  1.753764     0.025399   -0.020493   -0.043936  
      1.775085 -0.000000  0.000000     0.025425   -0.020502   -0.043915  
     -0.000000  1.879583  0.000000     0.025454   -0.020498   -0.043986  
      1.775084  1.879582  4.150392     0.025408   -0.020541   -0.043949  
     -0.000000 -0.000000  2.265934     0.025418   -0.020542   -0.043959  
 
  20 fi =    0.005152 THz     0.032370 2PiTHz    0.171846 cm-1     0.021306 meV
             X         Y         Z           dx          dy          dz
      0.000000  0.000000  0.000000    -0.016562   -0.050352    0.013891  
     -0.000000 -0.000000  4.662562    -0.016545   -0.050255    0.013882  
      1.775085  1.879583  1.753764    -0.016542   -0.050287    0.013884  
      1.775085 -0.000000  0.000000    -0.016568   -0.050373    0.013868  
     -0.000000  1.879583  0.000000    -0.016583   -0.050374    0.013931  
      1.775084  1.879582  4.150392    -0.016566   -0.050392    0.013888  
     -0.000000 -0.000000  2.265934    -0.016572   -0.050388    0.013893  
 
  21 fi =    0.008350 THz     0.052467 2PiTHz    0.278539 cm-1     0.034534 meV
             X         Y         Z           dx          dy          dz
      0.000000  0.000000  0.000000     0.045569   -0.006847    0.029413  
     -0.000000 -0.000000  4.662562     0.045543   -0.006833    0.029530  
      1.775085  1.879583  1.753764     0.045531   -0.006838    0.029536  
      1.775085 -0.000000  0.000000     0.045578   -0.006847    0.029511  
     -0.000000  1.879583  0.000000     0.045569   -0.006854    0.029582  
      1.775084  1.879582  4.150392     0.045829   -0.006858    0.029590  
     -0.000000 -0.000000  2.265934     0.045846   -0.006856    0.029597  
 
