 Eigenvectors and eigenvalues of the dynamical matrix
 ----------------------------------------------------
 
 
   1 f  =   44.664130 THz   280.633005 2PiTHz 1489.835009 cm-1   184.715916 meV
             X         Y         Z           dx          dy          dz
      0.000000  0.000000  0.000000     0.021180   -0.052679   -0.060212  
      4.171223  1.676943  0.000000     0.000015   -0.000035   -0.000041  
      1.635176  0.485694  2.509465     0.000015   -0.000036   -0.000042  
     -0.439256  1.092603  1.248706    -0.249058    0.619499    0.708153  
      0.498676 -1.240405  1.260758     0.004194   -0.010426   -0.011915  
      9.464414  3.804949  0.000000     0.000917   -0.002248   -0.002579  
     -3.658015 -1.642311  2.509465     0.000918   -0.002285   -0.002608  
 
   2 f  =   27.663159 THz   173.812754 2PiTHz  922.743658 cm-1   114.405581 meV
             X         Y         Z           dx          dy          dz
      0.000000  0.000000  0.000000    -0.008753    0.021751   -0.022201  
      4.171223  1.676943  0.000000     0.000127   -0.000314    0.000324  
      1.635176  0.485694  2.509465     0.000126   -0.000313    0.000324  
     -0.439256  1.092603  1.248706    -0.259021    0.644498   -0.654984  
      0.498676 -1.240405  1.260758     0.019307   -0.048010    0.048771  
      9.464414  3.804949  0.000000    -0.000783    0.001773   -0.001970  
     -3.658015 -1.642311  2.509465    -0.000777    0.001927   -0.001970  
 
   3 f  =   22.115967 THz   138.958719 2PiTHz  737.709252 cm-1    91.464249 meV
             X         Y         Z           dx          dy          dz
      0.000000  0.000000  0.000000     0.089243   -0.221803    0.225459  
      4.171223  1.676943  0.000000    -0.000296    0.000730   -0.000740  
      1.635176  0.485694  2.509465    -0.000296    0.000730   -0.000741  
     -0.439256  1.092603  1.248706    -0.058782    0.141610   -0.144544  
      0.498676 -1.240405  1.260758    -0.030287    0.075105   -0.076364  
      9.464414  3.804949  0.000000     0.000093    0.000030   -0.000015  
     -3.658015 -1.642311  2.509465     0.000094    0.000038   -0.000019  
 
   4 f  =   21.998449 THz   138.220330 2PiTHz  733.789266 cm-1    90.978233 meV
             X         Y         Z           dx          dy          dz
      0.000000  0.000000  0.000000     0.036853    0.015240   -0.000446  
      4.171223  1.676943  0.000000    -0.001423   -0.000576    0.000001  
      1.635176  0.485694  2.509465    -0.001424   -0.000574    0.000000  
     -0.439256  1.092603  1.248706    -0.856144   -0.344446    0.000163  
      0.498676 -1.240405  1.260758    -0.042330   -0.017215    0.000152  
      9.464414  3.804949  0.000000     0.052647    0.021344    0.000014  
     -3.658015 -1.642311  2.509465     0.052638    0.021162    0.000008  
 
   5 f  =   14.173359 THz    89.053844 2PiTHz  472.772382 cm-1    58.616278 meV
             X         Y         Z           dx          dy          dz
      0.000000  0.000000  0.000000     0.088534   -0.220422   -0.251853  
      4.171223  1.676943  0.000000    -0.000567    0.001425    0.001623  
      1.635176  0.485694  2.509465    -0.000570    0.001416    0.001617  
     -0.439256  1.092603  1.248706     0.046508   -0.115507   -0.131876  
      0.498676 -1.240405  1.260758    -0.021509    0.053641    0.061309  
      9.464414  3.804949  0.000000    -0.004923    0.012443    0.014055  
     -3.658015 -1.642311  2.509465    -0.005001    0.012122    0.014003  
 
   6 f  =   12.474188 THz    78.377632 2PiTHz  416.094107 cm-1    51.589071 meV
             X         Y         Z           dx          dy          dz
      0.000000  0.000000  0.000000     0.004590    0.001735    0.000366  
      4.171223  1.676943  0.000000    -0.003199   -0.001312   -0.000020  
      1.635176  0.485694  2.509465     0.002605    0.001042   -0.000018  
     -0.439256  1.092603  1.248706     0.028949    0.011517    0.000205  
      0.498676 -1.240405  1.260758    -0.014167   -0.006126    0.000143  
      9.464414  3.804949  0.000000     0.170801    0.069860    0.000002  
     -3.658015 -1.642311  2.509465    -0.155089   -0.062494    0.000025  
 
   7 f  =   12.458970 THz    78.282015 2PiTHz  415.586496 cm-1    51.526135 meV
             X         Y         Z           dx          dy          dz
      0.000000  0.000000  0.000000    -0.053435   -0.021348   -0.000043  
      4.171223  1.676943  0.000000     0.003172    0.001288    0.000010  
      1.635176  0.485694  2.509465     0.003678    0.001481    0.000010  
     -0.439256  1.092603  1.248706    -0.332294   -0.133536   -0.000031  
      0.498676 -1.240405  1.260758     0.167143    0.067256   -0.000142  
      9.464414  3.804949  0.000000    -0.078274   -0.031830   -0.000020  
     -3.658015 -1.642311  2.509465    -0.106566   -0.042774    0.000003  
 
   8 f  =    9.833410 THz    61.785134 2PiTHz  328.007235 cm-1    40.667696 meV
             X         Y         Z           dx          dy          dz
      0.000000  0.000000  0.000000    -0.044341    0.110178   -0.112154  
      4.171223  1.676943  0.000000     0.001837   -0.004491    0.004626  
      1.635176  0.485694  2.509465     0.001868   -0.004486    0.004629  
     -0.439256  1.092603  1.248706    -0.052692    0.130459   -0.132785  
      0.498676 -1.240405  1.260758    -0.052133    0.127869   -0.129915  
      9.464414  3.804949  0.000000     0.022028   -0.054299    0.052625  
     -3.658015 -1.642311  2.509465     0.019418   -0.050093    0.051216  
 
   9 f  =    9.327472 THz    58.606234 2PiTHz  311.130970 cm-1    38.575307 meV
             X         Y         Z           dx          dy          dz
      0.000000  0.000000  0.000000     0.027909   -0.069627   -0.079769  
      4.171223  1.676943  0.000000    -0.003543    0.008837    0.010085  
      1.635176  0.485694  2.509465    -0.003570    0.008761    0.010044  
     -0.439256  1.092603  1.248706     0.032129   -0.079068   -0.090654  
      0.498676 -1.240405  1.260758     0.058580   -0.145256   -0.166372  
      9.464414  3.804949  0.000000    -0.004909    0.012371    0.012699  
     -3.658015 -1.642311  2.509465    -0.003682    0.009867    0.012958  
 
  10 f  =    8.765784 THz    55.077048 2PiTHz  292.395097 cm-1    36.252355 meV
             X         Y         Z           dx          dy          dz
      0.000000  0.000000  0.000000    -0.212911   -0.086194    0.000259  
      4.171223  1.676943  0.000000     0.020218    0.008184    0.000023  
      1.635176  0.485694  2.509465     0.020213    0.008212   -0.000001  
     -0.439256  1.092603  1.248706    -0.108926   -0.044551    0.000381  
      0.498676 -1.240405  1.260758    -0.126854   -0.051727    0.000284  
      9.464414  3.804949  0.000000    -0.066204   -0.034118    0.005002  
     -3.658015 -1.642311  2.509465    -0.071391   -0.021699   -0.005622  
 
  11 f  =    8.685655 THz    54.573583 2PiTHz  289.722281 cm-1    35.920969 meV
             X         Y         Z           dx          dy          dz
      0.000000  0.000000  0.000000    -0.012564   -0.002158   -0.000898  
      4.171223  1.676943  0.000000     0.000962    0.000500   -0.000412  
      1.635176  0.485694  2.509465     0.001204   -0.000247    0.000360  
     -0.439256  1.092603  1.248706    -0.006307    0.000903   -0.001312  
      0.498676 -1.240405  1.260758    -0.006806    0.000648   -0.001023  
      9.464414  3.804949  0.000000    -0.052489    0.120639   -0.117931  
     -3.658015 -1.642311  2.509465     0.045668   -0.121138    0.119894  
 
  12 f  =    7.144791 THz    44.892047 2PiTHz  238.324579 cm-1    29.548469 meV
             X         Y         Z           dx          dy          dz
      0.000000  0.000000  0.000000     0.022373    0.005832    0.000331  
      4.171223  1.676943  0.000000     0.001348   -0.002195   -0.003344  
      1.635176  0.485694  2.509465    -0.000853    0.003704    0.003487  
     -0.439256  1.092603  1.248706    -0.001913   -0.004242    0.000643  
      0.498676 -1.240405  1.260758    -0.004310   -0.004727    0.001134  
      9.464414  3.804949  0.000000     0.039549   -0.116737   -0.131550  
     -3.658015 -1.642311  2.509465    -0.049325    0.102212    0.128236  
 
  13 f  =    7.025112 THz    44.140079 2PiTHz  234.332504 cm-1    29.053515 meV
             X         Y         Z           dx          dy          dz
      0.000000  0.000000  0.000000    -0.264852   -0.106009   -0.000128  
      4.171223  1.676943  0.000000    -0.007597   -0.003465   -0.000278  
      1.635176  0.485694  2.509465    -0.007847   -0.002963    0.000286  
     -0.439256  1.092603  1.248706     0.044947    0.018606   -0.000186  
      0.498676 -1.240405  1.260758     0.071541    0.029219   -0.000254  
      9.464414  3.804949  0.000000     0.093973    0.027995   -0.009450  
     -3.658015 -1.642311  2.509465     0.086773    0.046181    0.009647  
 
  14 f  =    6.291017 THz    39.527626 2PiTHz  209.845742 cm-1    26.017544 meV
             X         Y         Z           dx          dy          dz
      0.000000  0.000000  0.000000     0.000055    0.000230   -0.000026  
      4.171223  1.676943  0.000000     0.054583    0.021868    0.000005  
      1.635176  0.485694  2.509465    -0.054524   -0.021970    0.000018  
     -0.439256  1.092603  1.248706    -0.000085    0.000175   -0.000030  
      0.498676 -1.240405  1.260758    -0.000103    0.000172   -0.000073  
      9.464414  3.804949  0.000000     0.008647    0.003671   -0.000188  
     -3.658015 -1.642311  2.509465    -0.009014   -0.003005    0.000059  
 
  15 f  =    6.031506 THz    37.897071 2PiTHz  201.189387 cm-1    24.944294 meV
             X         Y         Z           dx          dy          dz
      0.000000  0.000000  0.000000     0.016194   -0.043601    0.043049  
      4.171223  1.676943  0.000000    -0.006275    0.015733   -0.015224  
      1.635176  0.485694  2.509465    -0.006356    0.015246   -0.015447  
     -0.439256  1.092603  1.248706     0.017039   -0.041758    0.041598  
      0.498676 -1.240405  1.260758     0.021706   -0.052841    0.054058  
      9.464414  3.804949  0.000000     0.041028   -0.099998    0.102286  
     -3.658015 -1.642311  2.509465     0.043040   -0.106011    0.098979  
 
  16 f  =    4.871167 THz    30.606443 2PiTHz  162.484633 cm-1    20.145518 meV
             X         Y         Z           dx          dy          dz
      0.000000  0.000000  0.000000     0.007113   -0.020965   -0.024056  
      4.171223  1.676943  0.000000    -0.004949    0.011878    0.014337  
      1.635176  0.485694  2.509465    -0.004851    0.011247    0.013944  
     -0.439256  1.092603  1.248706     0.009960   -0.023987   -0.027425  
      0.498676 -1.240405  1.260758    -0.000655    0.002662    0.001996  
      9.464414  3.804949  0.000000     0.041054   -0.099567   -0.120799  
     -3.658015 -1.642311  2.509465     0.043643   -0.107824   -0.125530  
 
  17 f  =    3.056092 THz    19.201990 2PiTHz  101.940244 cm-1    12.638974 meV
             X         Y         Z           dx          dy          dz
      0.000000  0.000000  0.000000    -0.000059   -0.000014    0.000015  
      4.171223  1.676943  0.000000    -0.017111    0.042458   -0.036868  
      1.635176  0.485694  2.509465     0.017127   -0.042727    0.036856  
     -0.439256  1.092603  1.248706    -0.000002    0.000010    0.000021  
      0.498676 -1.240405  1.260758    -0.000007   -0.000024   -0.000037  
      9.464414  3.804949  0.000000     0.000617   -0.001453    0.000459  
     -3.658015 -1.642311  2.509465    -0.000825    0.002001   -0.000327  
 
  18 f  =    3.047925 THz    19.150678 2PiTHz  101.667835 cm-1    12.605199 meV
             X         Y         Z           dx          dy          dz
      0.000000  0.000000  0.000000    -0.000155   -0.000031    0.000105  
      4.171223  1.676943  0.000000    -0.013679    0.033862    0.045780  
      1.635176  0.485694  2.509465     0.013712   -0.034296   -0.045777  
     -0.439256  1.092603  1.248706     0.000012    0.000019    0.000143  
      0.498676 -1.240405  1.260758     0.000008   -0.000042    0.000000  
      9.464414  3.804949  0.000000     0.003331   -0.008066   -0.010206  
     -3.658015 -1.642311  2.509465    -0.003706    0.009168    0.010699  
 
  19 fi =    0.002847 THz     0.017889 2PiTHz    0.094971 cm-1     0.011775 meV
             X         Y         Z           dx          dy          dz
      0.000000  0.000000  0.000000    -0.051773   -0.000384    0.014714  
      4.171223  1.676943  0.000000    -0.051817   -0.000416    0.014709  
      1.635176  0.485694  2.509465    -0.051836   -0.000392    0.014728  
     -0.439256  1.092603  1.248706    -0.051739   -0.000371    0.014717  
      0.498676 -1.240405  1.260758    -0.051844   -0.000417    0.014710  
      9.464414  3.804949  0.000000    -0.051828   -0.000405    0.014712  
     -3.658015 -1.642311  2.509465    -0.051844   -0.000372    0.014757  
 
  20 fi =    0.005313 THz     0.033380 2PiTHz    0.177209 cm-1     0.021971 meV
             X         Y         Z           dx          dy          dz
      0.000000  0.000000  0.000000    -0.014541    0.009260   -0.051030  
      4.171223  1.676943  0.000000    -0.014583    0.009300   -0.051020  
      1.635176  0.485694  2.509465    -0.014552    0.009218   -0.051080  
     -0.439256  1.092603  1.248706    -0.014557    0.009295   -0.051036  
      0.498676 -1.240405  1.260758    -0.014566    0.009222   -0.051043  
      9.464414  3.804949  0.000000    -0.014572    0.009218   -0.050906  
     -3.658015 -1.642311  2.509465    -0.014582    0.009281   -0.050962  
 
  21 fi =    0.041216 THz     0.258965 2PiTHz    1.374804 cm-1     0.170454 meV
             X         Y         Z           dx          dy          dz
      0.000000  0.000000  0.000000    -0.002218   -0.053030   -0.008832  
      4.171223  1.676943  0.000000    -0.002061   -0.053305   -0.009126  
      1.635176  0.485694  2.509465    -0.002176   -0.053021   -0.009048  
     -0.439256  1.092603  1.248706    -0.002139   -0.053057   -0.008685  
      0.498676 -1.240405  1.260758    -0.002088   -0.053145   -0.009006  
      9.464414  3.804949  0.000000    -0.002579   -0.051753   -0.008167  
     -3.658015 -1.642311  2.509465    -0.002262   -0.052741   -0.008630  
 
