 Eigenvectors and eigenvalues of the dynamical matrix
 ----------------------------------------------------
 
 
   1 f  =   30.870680 THz   193.966203 2PiTHz 1029.735046 cm-1   127.670817 meV
             X         Y         Z           dx          dy          dz
      2.254346  2.254345  0.000000    -0.000000    0.000001    0.000000  
      2.254346  0.000000  1.826612    -0.000001    0.000001    0.000000  
      0.000000  0.000000  0.000000    -0.000001    0.000006   -0.000001  
      0.000000  2.254345  1.826612    -0.000005    0.000003    0.000002  
      0.774738  1.127173  0.913306     0.000002   -0.102010   -0.086342  
      3.733954  3.381518  0.913306    -0.000003    0.101984   -0.086317  
     -1.127172  1.479608  2.739918    -0.101987    0.000004    0.086319  
      1.127173 -1.479608  2.739918     0.102003   -0.000002    0.086337  
 
   2 f  =   29.724294 THz   186.763250 2PiTHz  991.495736 cm-1   122.929749 meV
             X         Y         Z           dx          dy          dz
      2.254346  2.254345  0.000000     0.005243   -0.001281   -0.000001  
      2.254346  0.000000  1.826612    -0.001584    0.005159   -0.000000  
      0.000000  0.000000  0.000000     0.048792    0.014225    0.000028  
      0.000000  2.254345  1.826612     0.011362    0.049537    0.000029  
      0.774738  1.127173  0.913306     0.020402   -0.093186   -0.082018  
      3.733954  3.381518  0.913306     0.020399   -0.093080    0.081959  
     -1.127172  1.479608  2.739918    -0.087804    0.021623    0.077317  
      1.127173 -1.479608  2.739918    -0.087924    0.021624   -0.077384  
 
   3 f  =   29.724107 THz   186.762072 2PiTHz  991.489485 cm-1   122.928974 meV
             X         Y         Z           dx          dy          dz
      2.254346  2.254345  0.000000     0.001279    0.005245    0.000000  
      2.254346  0.000000  1.826612    -0.005161   -0.001581    0.000000  
      0.000000  0.000000  0.000000    -0.014222    0.048793    0.000004  
      0.000000  2.254345  1.826612    -0.049537    0.011360    0.000004  
      0.774738  1.127173  0.913306    -0.021622   -0.087859   -0.077345  
      3.733954  3.381518  0.913306    -0.021625   -0.087869    0.077356  
     -1.127172  1.479608  2.739918     0.093153    0.020402   -0.082003  
      1.127173 -1.479608  2.739918     0.093112    0.020398    0.081975  
 
   4 f  =   29.384108 THz   184.625798 2PiTHz  980.148355 cm-1   121.522853 meV
             X         Y         Z           dx          dy          dz
      2.254346  2.254345  0.000000     0.000003    0.000000    0.002524  
      2.254346  0.000000  1.826612    -0.000001    0.000003    0.002524  
      0.000000  0.000000  0.000000     0.000026    0.000011   -0.052000  
      0.000000  2.254345  1.826612     0.000002    0.000027   -0.052000  
      0.774738  1.127173  0.913306     0.000007    0.107770    0.056839  
      3.733954  3.381518  0.913306     0.000011   -0.107884    0.056935  
     -1.127172  1.479608  2.739918    -0.107871    0.000015    0.056922  
      1.127173 -1.479608  2.739918     0.107789    0.000011    0.056854  
 
   5 f  =   23.856319 THz   149.893673 2PiTHz  795.761148 cm-1    98.661764 meV
             X         Y         Z           dx          dy          dz
      2.254346  2.254345  0.000000     0.003008   -0.001213   -0.000001  
      2.254346  0.000000  1.826612    -0.003123   -0.000897   -0.000000  
      0.000000  0.000000  0.000000    -0.069801    0.066850   -0.000006  
      0.000000  2.254345  1.826612     0.076316    0.059318    0.000009  
      0.774738  1.127173  0.913306    -0.006240   -0.018017    0.005983  
      3.733954  3.381518  0.913306    -0.006253   -0.018025   -0.005984  
     -1.127172  1.479608  2.739918    -0.000925   -0.120985   -0.000310  
      1.127173 -1.479608  2.739918    -0.000928   -0.120999    0.000311  
 
   6 f  =   23.856248 THz   149.893224 2PiTHz  795.758762 cm-1    98.661468 meV
             X         Y         Z           dx          dy          dz
      2.254346  2.254345  0.000000     0.001214    0.003014    0.000000  
      2.254346  0.000000  1.826612     0.000898   -0.003118    0.000002  
      0.000000  0.000000  0.000000    -0.066857   -0.069807   -0.000012  
      0.000000  2.254345  1.826612    -0.059310    0.076313    0.000009  
      0.774738  1.127173  0.913306     0.120998   -0.000933    0.000307  
      3.733954  3.381518  0.913306     0.120982   -0.000934   -0.000307  
     -1.127172  1.479608  2.739918     0.018023   -0.006234    0.005982  
      1.127173 -1.479608  2.739918     0.018020   -0.006247   -0.005983  
 
   7 f  =   22.705323 THz   142.661749 2PiTHz  757.368040 cm-1    93.901627 meV
             X         Y         Z           dx          dy          dz
      2.254346  2.254345  0.000000    -0.000001    0.000002    0.002173  
      2.254346  0.000000  1.826612    -0.000000    0.000002   -0.002173  
      0.000000  0.000000  0.000000    -0.000009    0.000003    0.092556  
      0.000000  2.254345  1.826612    -0.000005    0.000011   -0.092556  
      0.774738  1.127173  0.913306    -0.091522   -0.000006   -0.000000  
      3.733954  3.381518  0.913306     0.091548   -0.000001   -0.000003  
     -1.127172  1.479608  2.739918     0.000001   -0.091550    0.000004  
      1.127173 -1.479608  2.739918     0.000005    0.091524   -0.000000  
 
   8 f  =   18.755564 THz   117.844684 2PiTHz  625.618272 cm-1    77.566745 meV
             X         Y         Z           dx          dy          dz
      2.254346  2.254345  0.000000    -0.000002    0.000001    0.051704  
      2.254346  0.000000  1.826612     0.000001    0.000004   -0.051704  
      0.000000  0.000000  0.000000     0.000002    0.000004    0.085244  
      0.000000  2.254345  1.826612    -0.000006   -0.000002   -0.085244  
      0.774738  1.127173  0.913306     0.095660   -0.000007    0.000014  
      3.733954  3.381518  0.913306    -0.095647    0.000012    0.000012  
     -1.127172  1.479608  2.739918    -0.000012    0.095640   -0.000012  
      1.127173 -1.479608  2.739918     0.000008   -0.095652   -0.000014  
 
   9 f  =   17.725361 THz   111.371726 2PiTHz  591.254391 cm-1    73.306169 meV
             X         Y         Z           dx          dy          dz
      2.254346  2.254345  0.000000     0.000000    0.000001    0.000007  
      2.254346  0.000000  1.826612     0.000000    0.000002    0.000004  
      0.000000  0.000000  0.000000     0.000004   -0.000001    0.000012  
      0.000000  2.254345  1.826612    -0.000001    0.000004    0.000006  
      0.774738  1.127173  0.913306    -0.133624    0.000005   -0.000006  
      3.733954  3.381518  0.913306     0.133624   -0.000010   -0.000014  
     -1.127172  1.479608  2.739918    -0.000010    0.133627   -0.000013  
      1.127173 -1.479608  2.739918     0.000005   -0.133628   -0.000006  
 
  10 f  =   16.445172 THz   103.328060 2PiTHz  548.551877 cm-1    68.011734 meV
             X         Y         Z           dx          dy          dz
      2.254346  2.254345  0.000000    -0.064549   -0.007897   -0.000007  
      2.254346  0.000000  1.826612     0.011119    0.064072    0.000003  
      0.000000  0.000000  0.000000     0.047885    0.089545   -0.000017  
      0.000000  2.254345  1.826612    -0.091831   -0.043344    0.000001  
      0.774738  1.127173  0.913306     0.062307    0.000368    0.036998  
      3.733954  3.381518  0.913306     0.062309    0.000351   -0.037022  
     -1.127172  1.479608  2.739918    -0.000313   -0.065509    0.035234  
      1.127173 -1.479608  2.739918    -0.000369   -0.065505   -0.035172  
 
  11 f  =   16.444558 THz   103.324206 2PiTHz  548.531416 cm-1    68.009197 meV
             X         Y         Z           dx          dy          dz
      2.254346  2.254345  0.000000     0.007910   -0.064551    0.000001  
      2.254346  0.000000  1.826612    -0.064075    0.011129    0.000000  
      0.000000  0.000000  0.000000    -0.089550    0.047890   -0.000029  
      0.000000  2.254345  1.826612     0.043349   -0.091832   -0.000030  
      0.774738  1.127173  0.913306     0.065494   -0.000363   -0.035184  
      3.733954  3.381518  0.913306     0.065504   -0.000325    0.035217  
     -1.127172  1.479608  2.739918    -0.000318    0.062302    0.037054  
      1.127173 -1.479608  2.739918    -0.000403    0.062294   -0.036965  
 
  12 f  =   16.242939 THz   102.057398 2PiTHz  541.806136 cm-1    67.175369 meV
             X         Y         Z           dx          dy          dz
      2.254346  2.254345  0.000000     0.000002    0.000034   -0.008617  
      2.254346  0.000000  1.826612     0.000033   -0.000017   -0.008617  
      0.000000  0.000000  0.000000     0.000028   -0.000032   -0.069601  
      0.000000  2.254345  1.826612    -0.000008    0.000041   -0.069601  
      0.774738  1.127173  0.913306    -0.000056   -0.078835    0.079153  
      3.733954  3.381518  0.913306    -0.000025    0.078849    0.079161  
     -1.127172  1.479608  2.739918     0.078833   -0.000007    0.079133  
      1.127173 -1.479608  2.739918    -0.078815   -0.000039    0.079140  
 
  13 f  =   15.342566 THz    96.400183 2PiTHz  511.772905 cm-1    63.451725 meV
             X         Y         Z           dx          dy          dz
      2.254346  2.254345  0.000000    -0.000009   -0.000039   -0.000013  
      2.254346  0.000000  1.826612     0.000024    0.000015    0.000007  
      0.000000  0.000000  0.000000    -0.000004    0.000030   -0.000003  
      0.000000  2.254345  1.826612    -0.000016   -0.000020    0.000018  
      0.774738  1.127173  0.913306     0.000014   -0.086308    0.101975  
      3.733954  3.381518  0.913306     0.000037    0.086334    0.102001  
     -1.127172  1.479608  2.739918    -0.086350   -0.000022   -0.102006  
      1.127173 -1.479608  2.739918     0.086322    0.000001   -0.102002  
 
  14 f  =   13.551677 THz    85.147701 2PiTHz  452.035303 cm-1    56.045209 meV
             X         Y         Z           dx          dy          dz
      2.254346  2.254345  0.000000    -0.139410    0.213380   -0.000002  
      2.254346  0.000000  1.826612    -0.000113   -0.254894   -0.000001  
      0.000000  0.000000  0.000000    -0.002724    0.010344    0.000004  
      0.000000  2.254345  1.826612     0.003376   -0.010150    0.000004  
      0.774738  1.127173  0.913306     0.004935    0.008708   -0.012655  
      3.733954  3.381518  0.913306     0.004937    0.008710    0.012662  
     -1.127172  1.479608  2.739918     0.029264    0.001473    0.042543  
      1.127173 -1.479608  2.739918     0.029285    0.001468   -0.042562  
 
  15 f  =   13.551647 THz    85.147511 2PiTHz  452.034294 cm-1    56.045084 meV
             X         Y         Z           dx          dy          dz
      2.254346  2.254345  0.000000     0.213394    0.139407   -0.000001  
      2.254346  0.000000  1.826612    -0.254885    0.000100    0.000004  
      0.000000  0.000000  0.000000     0.010345    0.002721   -0.000002  
      0.000000  2.254345  1.826612    -0.010151   -0.003373   -0.000002  
      0.774738  1.127173  0.913306     0.001468   -0.029286    0.042565  
      3.733954  3.381518  0.913306     0.001464   -0.029261   -0.042539  
     -1.127172  1.479608  2.739918     0.008700   -0.004935    0.012647  
      1.127173 -1.479608  2.739918     0.008715   -0.004935   -0.012668  
 
  16 f  =   12.839615 THz    80.673683 2PiTHz  428.283469 cm-1    53.100359 meV
             X         Y         Z           dx          dy          dz
      2.254346  2.254345  0.000000     0.099417    0.224569    0.000004  
      2.254346  0.000000  1.826612     0.194941    0.149360    0.000008  
      0.000000  0.000000  0.000000    -0.037816   -0.018797   -0.000000  
      0.000000  2.254345  1.826612    -0.009392   -0.041173    0.000001  
      0.774738  1.127173  0.913306    -0.013096   -0.010628   -0.024069  
      3.733954  3.381518  0.913306    -0.013094   -0.010634    0.024057  
     -1.127172  1.479608  2.739918    -0.008373   -0.016633    0.018935  
      1.127173 -1.479608  2.739918    -0.008368   -0.016635   -0.018947  
 
  17 f  =   12.839361 THz    80.672083 2PiTHz  428.274979 cm-1    53.099306 meV
             X         Y         Z           dx          dy          dz
      2.254346  2.254345  0.000000    -0.224561    0.099423   -0.000001  
      2.254346  0.000000  1.826612    -0.149375    0.194946    0.000002  
      0.000000  0.000000  0.000000     0.018797   -0.037818   -0.000000  
      0.000000  2.254345  1.826612     0.041173   -0.009392   -0.000001  
      0.774738  1.127173  0.913306     0.016625   -0.008374   -0.018931  
      3.733954  3.381518  0.913306     0.016625   -0.008365    0.018944  
     -1.127172  1.479608  2.739918     0.010631   -0.013088   -0.024059  
      1.127173 -1.479608  2.739918     0.010638   -0.013086    0.024049  
 
  18 f  =   11.187341 THz    70.292135 2PiTHz  373.169520 cm-1    46.267103 meV
             X         Y         Z           dx          dy          dz
      2.254346  2.254345  0.000000    -0.000004    0.000000    0.262009  
      2.254346  0.000000  1.826612     0.000000    0.000007   -0.262009  
      0.000000  0.000000  0.000000    -0.000002   -0.000000   -0.017590  
      0.000000  2.254345  1.826612    -0.000000    0.000001    0.017590  
      0.774738  1.127173  0.913306    -0.018120   -0.000007    0.000009  
      3.733954  3.381518  0.913306     0.018112   -0.000005   -0.000006  
     -1.127172  1.479608  2.739918     0.000005   -0.018113    0.000007  
      1.127173 -1.479608  2.739918     0.000008    0.018119   -0.000010  
 
  19 f  =   10.679388 THz    67.100574 2PiTHz  356.226039 cm-1    44.166380 meV
             X         Y         Z           dx          dy          dz
      2.254346  2.254345  0.000000    -0.055716    0.049217    0.000044  
      2.254346  0.000000  1.826612     0.072316   -0.017233    0.000053  
      0.000000  0.000000  0.000000    -0.011368    0.021059   -0.000015  
      0.000000  2.254345  1.826612     0.023764    0.002823   -0.000018  
      0.774738  1.127173  0.913306     0.028848   -0.090112    0.117262  
      3.733954  3.381518  0.913306     0.028839   -0.090084   -0.117255  
     -1.127172  1.479608  2.739918    -0.046753    0.055571   -0.060862  
      1.127173 -1.479608  2.739918    -0.046767    0.055576    0.060853  
 
  20 f  =   10.679163 THz    67.099157 2PiTHz  356.218520 cm-1    44.165448 meV
             X         Y         Z           dx          dy          dz
      2.254346  2.254345  0.000000    -0.049202   -0.055719   -0.000029  
      2.254346  0.000000  1.826612     0.017243    0.072307    0.000011  
      0.000000  0.000000  0.000000    -0.021058   -0.011367    0.000008  
      0.000000  2.254345  1.826612    -0.002828    0.023762    0.000002  
      0.774738  1.127173  0.913306    -0.055575   -0.046769    0.060868  
      3.733954  3.381518  0.913306    -0.055581   -0.046754   -0.060847  
     -1.127172  1.479608  2.739918     0.090081    0.028849    0.117246  
      1.127173 -1.479608  2.739918     0.090112    0.028839   -0.117272  
 
  21 f  =    9.772667 THz    61.403479 2PiTHz  325.981089 cm-1    40.416486 meV
             X         Y         Z           dx          dy          dz
      2.254346  2.254345  0.000000    -0.000001    0.000019   -0.252331  
      2.254346  0.000000  1.826612     0.000019    0.000003   -0.252331  
      0.000000  0.000000  0.000000    -0.000002    0.000006    0.031883  
      0.000000  2.254345  1.826612     0.000007   -0.000001    0.031883  
      0.774738  1.127173  0.913306     0.000010    0.003757    0.027911  
      3.733954  3.381518  0.913306     0.000014   -0.003788    0.027870  
     -1.127172  1.479608  2.739918    -0.003782    0.000016    0.027877  
      1.127173 -1.479608  2.739918     0.003758    0.000012    0.027910  
 
  22 fi =    0.000650 THz     0.004082 2PiTHz    0.021670 cm-1     0.002687 meV
             X         Y         Z           dx          dy          dz
      2.254346  2.254345  0.000000     0.006757    0.005580   -0.086592  
      2.254346  0.000000  1.826612     0.006757    0.005581   -0.086592  
      0.000000  0.000000  0.000000     0.006762    0.005585   -0.086608  
      0.000000  2.254345  1.826612     0.006762    0.005586   -0.086608  
      0.774738  1.127173  0.913306     0.006760    0.005585   -0.086606  
      3.733954  3.381518  0.913306     0.006763    0.005586   -0.086605  
     -1.127172  1.479608  2.739918     0.006763    0.005586   -0.086605  
      1.127173 -1.479608  2.739918     0.006761    0.005583   -0.086606  
 
  23 fi =    0.003493 THz     0.021947 2PiTHz    0.116515 cm-1     0.014446 meV
             X         Y         Z           dx          dy          dz
      2.254346  2.254345  0.000000    -0.078725    0.036933   -0.003766  
      2.254346  0.000000  1.826612    -0.078716    0.036951   -0.003766  
      0.000000  0.000000  0.000000    -0.078733    0.036943   -0.003763  
      0.000000  2.254345  1.826612    -0.078726    0.036957   -0.003763  
      0.774738  1.127173  0.913306    -0.078755    0.036936   -0.003752  
      3.733954  3.381518  0.913306    -0.078755    0.036932   -0.003780  
     -1.127172  1.479608  2.739918    -0.078698    0.036960   -0.003735  
      1.127173 -1.479608  2.739918    -0.078701    0.036960   -0.003787  
 
  24 fi =    0.003690 THz     0.023188 2PiTHz    0.123101 cm-1     0.015263 meV
             X         Y         Z           dx          dy          dz
      2.254346  2.254345  0.000000    -0.036509   -0.078619   -0.007928  
      2.254346  0.000000  1.826612    -0.036528   -0.078611   -0.007928  
      0.000000  0.000000  0.000000    -0.036510   -0.078624   -0.007919  
      0.000000  2.254345  1.826612    -0.036525   -0.078616   -0.007919  
      0.774738  1.127173  0.913306    -0.036533   -0.078591   -0.007947  
      3.733954  3.381518  0.913306    -0.036533   -0.078590   -0.007892  
     -1.127172  1.479608  2.739918    -0.036507   -0.078649   -0.007911  
      1.127173 -1.479608  2.739918    -0.036505   -0.078649   -0.007933  
 
