 Eigenvectors and eigenvalues of the dynamical matrix
 ----------------------------------------------------
 
 
   1 f  =   21.556337 THz   135.442459 2PiTHz  719.042000 cm-1    89.149806 meV
             X         Y         Z           dx          dy          dz
      5.117449  1.542838  3.491299    -0.000819    0.000478    0.000015  
      0.135816  4.534789  3.491299    -0.003510    0.002100    0.000013  
     -1.521098  4.445127  1.158590    -0.000823    0.000513   -0.000016  
      3.460534  1.453177  1.158590    -0.003512    0.002112   -0.000013  
      2.691839  2.999651  3.491299     0.003314   -0.001990    0.000009  
      0.904511  2.988315  1.158590     0.003315   -0.001991   -0.000008  
      1.835103  4.307565  2.274727    -0.052002    0.003927   -0.070783  
      1.761247  1.680400  2.375161    -0.052005    0.003917   -0.070784  
      0.177128  1.547018  0.042452    -0.027885    0.044068    0.070788  
     -0.701653  3.000790  2.328827     0.096784   -0.001780   -0.079793  
      3.419222  4.440948  4.607437    -0.027904    0.044060    0.070781  
      2.499828 -0.006807 -0.003882     0.047042   -0.084602    0.079793  
 
   2 f  =   19.357526 THz   121.626923 2PiTHz  645.697567 cm-1    80.056259 meV
             X         Y         Z           dx          dy          dz
      5.117449  1.542838  3.491299     0.006459    0.010765   -0.102637  
      0.135816  4.534789  3.491299     0.005178    0.008621   -0.088604  
     -1.521098  4.445127  1.158590    -0.006460   -0.010762    0.102637  
      3.460534  1.453177  1.158590    -0.005181   -0.008614    0.088604  
      2.691839  2.999651  3.491299    -0.005749   -0.009576   -0.058250  
      0.904511  2.988315  1.158590     0.005749    0.009574    0.058250  
      1.835103  4.307565  2.274727    -0.000313   -0.078187   -0.012745  
      1.761247  1.680400  2.375161     0.000298    0.078199    0.012731  
      0.177128  1.547018  0.042452    -0.068891   -0.037003   -0.012732  
     -0.701653  3.000790  2.328827     0.000008   -0.000002   -0.000010  
      3.419222  4.440948  4.607437     0.068892    0.037020    0.012740  
      2.499828 -0.006807 -0.003882     0.000007   -0.000021    0.000016  
 
   3 f  =   18.641417 THz   117.127478 2PiTHz  621.810744 cm-1    77.094672 meV
             X         Y         Z           dx          dy          dz
      5.117449  1.542838  3.491299     0.028722   -0.017243   -0.000009  
      0.135816  4.534789  3.491299    -0.001437    0.000856   -0.000005  
     -1.521098  4.445127  1.158590    -0.028727    0.017238    0.000011  
      3.460534  1.453177  1.158590     0.001444   -0.000857    0.000006  
      2.691839  2.999651  3.491299    -0.016220    0.009742   -0.000004  
      0.904511  2.988315  1.158590     0.016218   -0.009741    0.000004  
      1.835103  4.307565  2.274727    -0.010400   -0.120163    0.017211  
      1.761247  1.680400  2.375161     0.010402    0.120159   -0.017206  
      0.177128  1.547018  0.042452     0.101189    0.065635   -0.017211  
     -0.701653  3.000790  2.328827    -0.000002    0.000000   -0.000000  
      3.419222  4.440948  4.607437    -0.101184   -0.065635    0.017207  
      2.499828 -0.006807 -0.003882    -0.000003    0.000002   -0.000001  
 
   4 f  =   16.446646 THz   103.337322 2PiTHz  548.601048 cm-1    68.017831 meV
             X         Y         Z           dx          dy          dz
      5.117449  1.542838  3.491299    -0.058059   -0.096668    0.074568  
      0.135816  4.534789  3.491299    -0.002848   -0.004752   -0.005098  
     -1.521098  4.445127  1.158590    -0.058041   -0.096594    0.074486  
      3.460534  1.453177  1.158590    -0.002873   -0.004793   -0.005114  
      2.691839  2.999651  3.491299     0.028288    0.047106   -0.003403  
      0.904511  2.988315  1.158590     0.028299    0.047116   -0.003417  
      1.835103  4.307565  2.274727    -0.018939   -0.069846   -0.000556  
      1.761247  1.680400  2.375161    -0.018943   -0.069790   -0.000560  
      0.177128  1.547018  0.042452    -0.052752   -0.049536   -0.000564  
     -0.701653  3.000790  2.328827     0.057529   -0.003529   -0.019087  
      3.419222  4.440948  4.607437    -0.052701   -0.049498   -0.000562  
      2.499828 -0.006807 -0.003882    -0.030145    0.049122   -0.019081  
 
   5 f  =   15.880477 THz    99.779980 2PiTHz  529.715693 cm-1    65.676346 meV
             X         Y         Z           dx          dy          dz
      5.117449  1.542838  3.491299     0.049670    0.082630   -0.123266  
      0.135816  4.534789  3.491299    -0.038770   -0.064488   -0.047807  
     -1.521098  4.445127  1.158590    -0.049671   -0.082741    0.123330  
      3.460534  1.453177  1.158590     0.038712    0.064500    0.047801  
      2.691839  2.999651  3.491299     0.007695    0.012801   -0.031567  
      0.904511  2.988315  1.158590    -0.007663   -0.012772    0.031566  
      1.835103  4.307565  2.274727    -0.007748    0.081338   -0.004331  
      1.761247  1.680400  2.375161     0.007729   -0.081323    0.004355  
      0.177128  1.547018  0.042452     0.075372    0.031351   -0.004361  
     -0.701653  3.000790  2.328827     0.000030   -0.000015   -0.000003  
      3.419222  4.440948  4.607437    -0.075467   -0.031387    0.004331  
      2.499828 -0.006807 -0.003882     0.000015   -0.000008   -0.000011  
 
   6 f  =   15.579225 THz    97.887157 2PiTHz  519.667006 cm-1    64.430468 meV
             X         Y         Z           dx          dy          dz
      5.117449  1.542838  3.491299     0.071429   -0.042946    0.000053  
      0.135816  4.534789  3.491299    -0.076946    0.046241    0.000013  
     -1.521098  4.445127  1.158590     0.071390   -0.042842   -0.000041  
      3.460534  1.453177  1.158590    -0.076965    0.046175   -0.000015  
      2.691839  2.999651  3.491299     0.015880   -0.009543    0.000010  
      0.904511  2.988315  1.158590     0.015908   -0.009544   -0.000010  
      1.835103  4.307565  2.274727    -0.019562    0.079472    0.054977  
      1.761247  1.680400  2.375161    -0.019568    0.079513    0.054975  
      0.177128  1.547018  0.042452    -0.079394   -0.020089   -0.054969  
     -0.701653  3.000790  2.328827     0.059127   -0.023555    0.012291  
      3.419222  4.440948  4.607437    -0.079347   -0.020061   -0.054980  
      2.499828 -0.006807 -0.003882     0.048573   -0.041128   -0.012296  
 
   7 f  =   14.838000 THz    93.229901 2PiTHz  494.942391 cm-1    61.365008 meV
             X         Y         Z           dx          dy          dz
      5.117449  1.542838  3.491299    -0.185807    0.111567    0.000013  
      0.135816  4.534789  3.491299     0.022160   -0.013329    0.000007  
     -1.521098  4.445127  1.158590     0.185733   -0.111570    0.000025  
      3.460534  1.453177  1.158590    -0.022141    0.013321   -0.000006  
      2.691839  2.999651  3.491299     0.041061   -0.024654    0.000001  
      0.904511  2.988315  1.158590    -0.041069    0.024667   -0.000002  
      1.835103  4.307565  2.274727     0.009065   -0.020344    0.035612  
      1.761247  1.680400  2.375161    -0.009151    0.020247   -0.035454  
      0.177128  1.547018  0.042452     0.022223    0.001545   -0.035655  
     -0.701653  3.000790  2.328827     0.000072    0.000037   -0.000000  
      3.419222  4.440948  4.607437    -0.022189   -0.001418    0.035469  
      2.499828 -0.006807 -0.003882     0.000028   -0.000103    0.000012  
 
   8 f  =   14.758534 THz    92.730606 2PiTHz  492.291716 cm-1    61.036366 meV
             X         Y         Z           dx          dy          dz
      5.117449  1.542838  3.491299    -0.040954    0.024577    0.000011  
      0.135816  4.534789  3.491299     0.032681   -0.019637    0.000004  
     -1.521098  4.445127  1.158590    -0.041324    0.024793    0.000021  
      3.460534  1.453177  1.158590     0.032736   -0.019641   -0.000010  
      2.691839  2.999651  3.491299    -0.008880    0.005338    0.000004  
      0.904511  2.988315  1.158590    -0.008801    0.005284   -0.000003  
      1.835103  4.307565  2.274727    -0.036931   -0.058333    0.078174  
      1.761247  1.680400  2.375161    -0.036878   -0.058382    0.078268  
      0.177128  1.547018  0.042452     0.034151    0.060012   -0.078216  
     -0.701653  3.000790  2.328827     0.072423    0.046073   -0.011640  
      3.419222  4.440948  4.607437     0.034194    0.060020   -0.078262  
      2.499828 -0.006807 -0.003882    -0.006597   -0.085640    0.011662  
 
   9 f  =   14.630136 THz    91.923858 2PiTHz  488.008820 cm-1    60.505355 meV
             X         Y         Z           dx          dy          dz
      5.117449  1.542838  3.491299    -0.032274   -0.053855    0.066606  
      0.135816  4.534789  3.491299    -0.003414   -0.005663   -0.019257  
     -1.521098  4.445127  1.158590    -0.032324   -0.053786    0.066552  
      3.460534  1.453177  1.158590    -0.003406   -0.005665   -0.019254  
      2.691839  2.999651  3.491299     0.010577    0.017620    0.002576  
      0.904511  2.988315  1.158590     0.010589    0.017612    0.002575  
      1.835103  4.307565  2.274727     0.037019   -0.010326   -0.031307  
      1.761247  1.680400  2.375161     0.037004   -0.010328   -0.031314  
      0.177128  1.547018  0.042452    -0.026519    0.027777   -0.031269  
     -0.701653  3.000790  2.328827    -0.139574    0.023781    0.034144  
      3.419222  4.440948  4.607437    -0.026521    0.027809   -0.031264  
      2.499828 -0.006807 -0.003882     0.086565   -0.111988    0.034142  
 
  10 f  =   14.329847 THz    90.037082 2PiTHz  477.992231 cm-1    59.263457 meV
             X         Y         Z           dx          dy          dz
      5.117449  1.542838  3.491299    -0.051658    0.030993    0.000009  
      0.135816  4.534789  3.491299     0.002903   -0.001755    0.000002  
     -1.521098  4.445127  1.158590     0.051664   -0.031028    0.000022  
      3.460534  1.453177  1.158590    -0.002919    0.001752   -0.000009  
      2.691839  2.999651  3.491299     0.004747   -0.002844    0.000001  
      0.904511  2.988315  1.158590    -0.004739    0.002849   -0.000002  
      1.835103  4.307565  2.274727    -0.098809   -0.006538   -0.070595  
      1.761247  1.680400  2.375161     0.098822    0.006550    0.070585  
      0.177128  1.547018  0.042452    -0.040630    0.090263    0.070527  
     -0.701653  3.000790  2.328827    -0.000015    0.000009   -0.000003  
      3.419222  4.440948  4.607437     0.040610   -0.090270   -0.070535  
      2.499828 -0.006807 -0.003882     0.000003   -0.000011    0.000012  
 
  11 f  =   14.146693 THz    88.886292 2PiTHz  471.882878 cm-1    58.505994 meV
             X         Y         Z           dx          dy          dz
      5.117449  1.542838  3.491299     0.020485    0.034231    0.016357  
      0.135816  4.534789  3.491299     0.017750    0.029521   -0.034971  
     -1.521098  4.445127  1.158590    -0.020504   -0.034204   -0.016393  
      3.460534  1.453177  1.158590    -0.017740   -0.029545    0.034966  
      2.691839  2.999651  3.491299    -0.004540   -0.007575   -0.011418  
      0.904511  2.988315  1.158590     0.004543    0.007585    0.011421  
      1.835103  4.307565  2.274727     0.075233    0.005469    0.093176  
      1.761247  1.680400  2.375161    -0.075242   -0.005500   -0.093155  
      0.177128  1.547018  0.042452    -0.030529    0.069056    0.093190  
     -0.701653  3.000790  2.328827     0.000005    0.000001    0.000001  
      3.419222  4.440948  4.607437     0.030521   -0.069042   -0.093206  
      2.499828 -0.006807 -0.003882     0.000006   -0.000016   -0.000003  
 
  12 f  =   13.709991 THz    86.142415 2PiTHz  457.316081 cm-1    56.699942 meV
             X         Y         Z           dx          dy          dz
      5.117449  1.542838  3.491299     0.004821    0.008145   -0.080681  
      0.135816  4.534789  3.491299     0.045637    0.075968    0.059450  
     -1.521098  4.445127  1.158590     0.004804    0.008135   -0.080675  
      3.460534  1.453177  1.158590     0.045647    0.076005    0.059430  
      2.691839  2.999651  3.491299     0.002093    0.003481    0.001443  
      0.904511  2.988315  1.158590     0.002092    0.003478    0.001446  
      1.835103  4.307565  2.274727    -0.064932   -0.017470   -0.042201  
      1.761247  1.680400  2.375161    -0.064937   -0.017471   -0.042192  
      0.177128  1.547018  0.042452     0.015068   -0.065550   -0.042197  
     -0.701653  3.000790  2.328827    -0.004491    0.051543    0.089604  
      3.419222  4.440948  4.607437     0.015067   -0.065555   -0.042200  
      2.499828 -0.006807 -0.003882     0.047658    0.020242    0.089583  
 
  13 f  =   13.451085 THz    84.515659 2PiTHz  448.679897 cm-1    55.629192 meV
             X         Y         Z           dx          dy          dz
      5.117449  1.542838  3.491299    -0.186643    0.112128   -0.000014  
      0.135816  4.534789  3.491299     0.043978   -0.026429   -0.000057  
     -1.521098  4.445127  1.158590    -0.186629    0.112150   -0.000037  
      3.460534  1.453177  1.158590     0.043967   -0.026489   -0.000022  
      2.691839  2.999651  3.491299     0.002987   -0.001789    0.000000  
      0.904511  2.988315  1.158590     0.002990   -0.001781    0.000006  
      1.835103  4.307565  2.274727     0.023170    0.039636    0.002577  
      1.761247  1.680400  2.375161     0.023198    0.039622    0.002581  
      0.177128  1.547018  0.042452    -0.024138   -0.039045   -0.002546  
     -0.701653  3.000790  2.328827     0.044179   -0.050141    0.024375  
      3.419222  4.440948  4.607437    -0.024148   -0.039052   -0.002529  
      2.499828 -0.006807 -0.003882     0.064995   -0.015494   -0.024422  
 
  14 f  =   13.207299 THz    82.983906 2PiTHz  440.548067 cm-1    54.620974 meV
             X         Y         Z           dx          dy          dz
      5.117449  1.542838  3.491299    -0.059015   -0.098093    0.149706  
      0.135816  4.534789  3.491299     0.011833    0.019678    0.038271  
     -1.521098  4.445127  1.158590    -0.059071   -0.098149    0.149753  
      3.460534  1.453177  1.158590     0.011899    0.019796    0.038166  
      2.691839  2.999651  3.491299    -0.013078   -0.021781   -0.009147  
      0.904511  2.988315  1.158590    -0.013084   -0.021807   -0.009170  
      1.835103  4.307565  2.274727    -0.024428    0.064952   -0.028860  
      1.761247  1.680400  2.375161    -0.024464    0.064993   -0.028892  
      0.177128  1.547018  0.042452     0.068792    0.008838   -0.028870  
     -0.701653  3.000790  2.328827     0.032970    0.015182    0.002683  
      3.419222  4.440948  4.607437     0.068842    0.008844   -0.028917  
      2.499828 -0.006807 -0.003882    -0.002148    0.036198    0.002808  
 
  15 f  =   13.170194 THz    82.750770 2PiTHz  439.310387 cm-1    54.467522 meV
             X         Y         Z           dx          dy          dz
      5.117449  1.542838  3.491299    -0.034336    0.020634   -0.000041  
      0.135816  4.534789  3.491299    -0.018191    0.011076   -0.000137  
     -1.521098  4.445127  1.158590    -0.034258    0.020724   -0.000149  
      3.460534  1.453177  1.158590    -0.018341    0.010824    0.000091  
      2.691839  2.999651  3.491299     0.009603   -0.005780   -0.000013  
      0.904511  2.988315  1.158590     0.009628   -0.005735    0.000024  
      1.835103  4.307565  2.274727     0.051161    0.030088    0.016960  
      1.761247  1.680400  2.375161     0.051194    0.029992    0.016947  
      0.177128  1.547018  0.042452    -0.002508   -0.059298   -0.016948  
     -0.701653  3.000790  2.328827    -0.016838    0.095263   -0.113991  
      3.419222  4.440948  4.607437    -0.002601   -0.059311   -0.016894  
      2.499828 -0.006807 -0.003882    -0.092001   -0.029936    0.113995  
 
  16 f  =   13.111692 THz    82.383188 2PiTHz  437.358955 cm-1    54.225575 meV
             X         Y         Z           dx          dy          dz
      5.117449  1.542838  3.491299     0.038378    0.064025   -0.065586  
      0.135816  4.534789  3.491299    -0.078142   -0.130065    0.130719  
     -1.521098  4.445127  1.158590    -0.038451   -0.063879    0.065461  
      3.460534  1.453177  1.158590     0.078077    0.130054   -0.130763  
      2.691839  2.999651  3.491299     0.014276    0.023754    0.021639  
      0.904511  2.988315  1.158590    -0.014242   -0.023739   -0.021632  
      1.835103  4.307565  2.274727     0.020305   -0.047465    0.012936  
      1.761247  1.680400  2.375161    -0.020168    0.047481   -0.012874  
      0.177128  1.547018  0.042452    -0.051470   -0.004493    0.012905  
     -0.701653  3.000790  2.328827    -0.000025    0.000060   -0.000106  
      3.419222  4.440948  4.607437     0.051387    0.004366   -0.012908  
      2.499828 -0.006807 -0.003882    -0.000069   -0.000051    0.000094  
 
  17 f  =   12.117831 THz    76.138578 2PiTHz  404.207336 cm-1    50.115300 meV
             X         Y         Z           dx          dy          dz
      5.117449  1.542838  3.491299    -0.024425    0.014681   -0.000018  
      0.135816  4.534789  3.491299     0.103251   -0.062008    0.000010  
     -1.521098  4.445127  1.158590     0.024390   -0.014653    0.000009  
      3.460534  1.453177  1.158590    -0.103256    0.062005   -0.000012  
      2.691839  2.999651  3.491299    -0.000117    0.000071    0.000001  
      0.904511  2.988315  1.158590     0.000123   -0.000075   -0.000001  
      1.835103  4.307565  2.274727     0.067247   -0.020163   -0.085679  
      1.761247  1.680400  2.375161    -0.067231    0.020165    0.085697  
      0.177128  1.547018  0.042452     0.049384   -0.049881    0.085681  
     -0.701653  3.000790  2.328827     0.000001    0.000008   -0.000010  
      3.419222  4.440948  4.607437    -0.049397    0.049875   -0.085689  
      2.499828 -0.006807 -0.003882    -0.000006   -0.000003    0.000004  
 
  18 f  =   11.793158 THz    74.098598 2PiTHz  393.377411 cm-1    48.772561 meV
             X         Y         Z           dx          dy          dz
      5.117449  1.542838  3.491299     0.016517    0.027448    0.005942  
      0.135816  4.534789  3.491299    -0.090914   -0.151517   -0.114423  
     -1.521098  4.445127  1.158590     0.016448    0.027339    0.006134  
      3.460534  1.453177  1.158590    -0.091082   -0.151730   -0.114522  
      2.691839  2.999651  3.491299     0.012471    0.020772    0.008634  
      0.904511  2.988315  1.158590     0.012484    0.020790    0.008584  
      1.835103  4.307565  2.274727    -0.045391    0.030474   -0.014484  
      1.761247  1.680400  2.375161    -0.045422    0.030473   -0.014448  
      0.177128  1.547018  0.042452     0.048210   -0.025747   -0.014493  
     -0.701653  3.000790  2.328827     0.003760   -0.019219    0.050829  
      3.419222  4.440948  4.607437     0.048222   -0.025773   -0.014447  
      2.499828 -0.006807 -0.003882    -0.018750   -0.005709    0.050829  
 
  19 f  =   11.695137 THz    73.482712 2PiTHz  390.107776 cm-1    48.367178 meV
             X         Y         Z           dx          dy          dz
      5.117449  1.542838  3.491299     0.052079    0.086729   -0.117725  
      0.135816  4.534789  3.491299     0.090030    0.149914    0.081536  
     -1.521098  4.445127  1.158590    -0.052133   -0.086794    0.117720  
      3.460534  1.453177  1.158590    -0.089922   -0.149618   -0.081379  
      2.691839  2.999651  3.491299    -0.008801   -0.014653    0.025911  
      0.904511  2.988315  1.158590     0.008793    0.014627   -0.025927  
      1.835103  4.307565  2.274727     0.015674    0.000490   -0.022740  
      1.761247  1.680400  2.375161    -0.015613   -0.000547    0.022748  
      0.177128  1.547018  0.042452    -0.006933    0.014092   -0.022756  
     -0.701653  3.000790  2.328827    -0.000011   -0.000006   -0.000023  
      3.419222  4.440948  4.607437     0.006875   -0.014038    0.022782  
      2.499828 -0.006807 -0.003882     0.000008   -0.000015   -0.000037  
 
  20 f  =   11.261719 THz    70.759470 2PiTHz  375.650527 cm-1    46.574709 meV
             X         Y         Z           dx          dy          dz
      5.117449  1.542838  3.491299     0.059637   -0.035813   -0.000036  
      0.135816  4.534789  3.491299     0.198963   -0.119434    0.000045  
     -1.521098  4.445127  1.158590     0.059658   -0.035848    0.000013  
      3.460534  1.453177  1.158590     0.198841   -0.119407    0.000025  
      2.691839  2.999651  3.491299    -0.013694    0.008217    0.000005  
      0.904511  2.988315  1.158590    -0.013677    0.008205   -0.000009  
      1.835103  4.307565  2.274727    -0.014743    0.043833    0.008486  
      1.761247  1.680400  2.375161    -0.014739    0.043831    0.008466  
      0.177128  1.547018  0.042452    -0.045662   -0.007567   -0.008487  
     -0.701653  3.000790  2.328827    -0.010757    0.009281   -0.012658  
      3.419222  4.440948  4.607437    -0.045642   -0.007573   -0.008458  
      2.499828 -0.006807 -0.003882    -0.013226    0.005155    0.012642  
 
  21 f  =   11.038947 THz    69.359748 2PiTHz  368.219627 cm-1    45.653395 meV
             X         Y         Z           dx          dy          dz
      5.117449  1.542838  3.491299    -0.019862    0.011917    0.000026  
      0.135816  4.534789  3.491299     0.181970   -0.109318    0.000012  
     -1.521098  4.445127  1.158590     0.019831   -0.011905   -0.000031  
      3.460534  1.453177  1.158590    -0.182082    0.109373    0.000020  
      2.691839  2.999651  3.491299    -0.037563    0.022556   -0.000009  
      0.904511  2.988315  1.158590     0.037562   -0.022563    0.000008  
      1.835103  4.307565  2.274727    -0.029005    0.016561    0.040509  
      1.761247  1.680400  2.375161     0.029029   -0.016592   -0.040519  
      0.177128  1.547018  0.042452    -0.028247    0.017825   -0.040503  
     -0.701653  3.000790  2.328827     0.000007    0.000004    0.000006  
      3.419222  4.440948  4.607437     0.028263   -0.017816    0.040514  
      2.499828 -0.006807 -0.003882     0.000018    0.000005   -0.000014  
 
  22 f  =   10.259193 THz    64.460409 2PiTHz  342.209835 cm-1    42.428593 meV
             X         Y         Z           dx          dy          dz
      5.117449  1.542838  3.491299     0.001237    0.002054    0.007767  
      0.135816  4.534789  3.491299    -0.053544   -0.089093   -0.006883  
     -1.521098  4.445127  1.158590     0.001167    0.001985    0.007744  
      3.460534  1.453177  1.158590    -0.053546   -0.089156   -0.007028  
      2.691839  2.999651  3.491299    -0.014178   -0.023622   -0.000274  
      0.904511  2.988315  1.158590    -0.014173   -0.023589   -0.000234  
      1.835103  4.307565  2.274727     0.032298   -0.026389   -0.004220  
      1.761247  1.680400  2.375161     0.032339   -0.026385   -0.004238  
      0.177128  1.547018  0.042452    -0.038457    0.016115   -0.004216  
     -0.701653  3.000790  2.328827     0.040245    0.137752    0.009105  
      3.419222  4.440948  4.607437    -0.038479    0.016154   -0.004238  
      2.499828 -0.006807 -0.003882     0.102696    0.100244    0.009101  
 
  23 f  =   10.183466 THz    63.984605 2PiTHz  339.683865 cm-1    42.115413 meV
             X         Y         Z           dx          dy          dz
      5.117449  1.542838  3.491299     0.013978    0.023252    0.036748  
      0.135816  4.534789  3.491299     0.014344    0.023876    0.148860  
     -1.521098  4.445127  1.158590    -0.013963   -0.023238   -0.036740  
      3.460534  1.453177  1.158590    -0.014283   -0.023810   -0.148921  
      2.691839  2.999651  3.491299    -0.010166   -0.016945   -0.047502  
      0.904511  2.988315  1.158590     0.010177    0.016964    0.047505  
      1.835103  4.307565  2.274727    -0.063795    0.004191    0.045779  
      1.761247  1.680400  2.375161     0.063759   -0.004162   -0.045784  
      0.177128  1.547018  0.042452     0.033673   -0.054347    0.045794  
     -0.701653  3.000790  2.328827    -0.000008   -0.000039    0.000017  
      3.419222  4.440948  4.607437    -0.033636    0.054328   -0.045775  
      2.499828 -0.006807 -0.003882    -0.000059   -0.000052   -0.000012  
 
  24 f  =    9.653662 THz    60.655745 2PiTHz  322.011489 cm-1    39.924318 meV
             X         Y         Z           dx          dy          dz
      5.117449  1.542838  3.491299    -0.004676   -0.007776    0.033700  
      0.135816  4.534789  3.491299     0.063010    0.104902   -0.210939  
     -1.521098  4.445127  1.158590    -0.004658   -0.007790    0.033696  
      3.460534  1.453177  1.158590     0.063021    0.104930   -0.210892  
      2.691839  2.999651  3.491299    -0.009857   -0.016393   -0.001439  
      0.904511  2.988315  1.158590    -0.009847   -0.016405   -0.001447  
      1.835103  4.307565  2.274727     0.007731   -0.010342    0.018415  
      1.761247  1.680400  2.375161     0.007717   -0.010345    0.018416  
      0.177128  1.547018  0.042452    -0.012767    0.001963    0.018407  
     -0.701653  3.000790  2.328827     0.020418    0.008152    0.045458  
      3.419222  4.440948  4.607437    -0.012757    0.001952    0.018412  
      2.499828 -0.006807 -0.003882    -0.002379    0.021869    0.045479  
 
  25 f  =    9.403673 THz    59.085021 2PiTHz  313.672774 cm-1    38.890450 meV
             X         Y         Z           dx          dy          dz
      5.117449  1.542838  3.491299     0.002996   -0.001774    0.000058  
      0.135816  4.534789  3.491299    -0.004658    0.002765    0.000088  
     -1.521098  4.445127  1.158590     0.002852   -0.001743   -0.000081  
      3.460534  1.453177  1.158590    -0.004736    0.002838   -0.000061  
      2.691839  2.999651  3.491299    -0.010884    0.006515   -0.000033  
      0.904511  2.988315  1.158590    -0.010922    0.006586    0.000034  
      1.835103  4.307565  2.274727    -0.003693   -0.016261    0.032708  
      1.761247  1.680400  2.375161    -0.003744   -0.016280    0.032774  
      0.177128  1.547018  0.042452     0.012614    0.010968   -0.032777  
     -0.701653  3.000790  2.328827    -0.041396   -0.124559   -0.104017  
      3.419222  4.440948  4.607437     0.012632    0.010877   -0.032698  
      2.499828 -0.006807 -0.003882     0.090515    0.095056    0.104004  
 
  26 f  =    9.298340 THz    58.423193 2PiTHz  310.159237 cm-1    38.454827 meV
             X         Y         Z           dx          dy          dz
      5.117449  1.542838  3.491299     0.013029    0.021695    0.090772  
      0.135816  4.534789  3.491299    -0.016771   -0.027916    0.081959  
     -1.521098  4.445127  1.158590    -0.013037   -0.021714   -0.090765  
      3.460534  1.453177  1.158590     0.016795    0.027912   -0.081980  
      2.691839  2.999651  3.491299    -0.013601   -0.022652   -0.040544  
      0.904511  2.988315  1.158590     0.013615    0.022650    0.040544  
      1.835103  4.307565  2.274727     0.066384    0.014248   -0.062158  
      1.761247  1.680400  2.375161    -0.066399   -0.014206    0.062124  
      0.177128  1.547018  0.042452    -0.018630    0.065275   -0.062111  
     -0.701653  3.000790  2.328827     0.000022    0.000078    0.000055  
      3.419222  4.440948  4.607437     0.018634   -0.065301    0.062162  
      2.499828 -0.006807 -0.003882    -0.000061   -0.000074   -0.000084  
 
  27 f  =    9.005009 THz    56.580138 2PiTHz  300.374755 cm-1    37.241706 meV
             X         Y         Z           dx          dy          dz
      5.117449  1.542838  3.491299    -0.115876    0.069586   -0.000017  
      0.135816  4.534789  3.491299    -0.090114    0.054112    0.000020  
     -1.521098  4.445127  1.158590     0.115873   -0.069586    0.000003  
      3.460534  1.453177  1.158590     0.090094   -0.054137   -0.000004  
      2.691839  2.999651  3.491299    -0.065516    0.039349   -0.000001  
      0.904511  2.988315  1.158590     0.065508   -0.039340    0.000003  
      1.835103  4.307565  2.274727     0.017633    0.007077   -0.010132  
      1.761247  1.680400  2.375161    -0.017653   -0.007099    0.010165  
      0.177128  1.547018  0.042452     0.002051   -0.018914    0.010155  
     -0.701653  3.000790  2.328827    -0.000026   -0.000045   -0.000061  
      3.419222  4.440948  4.607437    -0.002026    0.018916   -0.010174  
      2.499828 -0.006807 -0.003882     0.000058    0.000045    0.000041  
 
  28 f  =    8.696151 THz    54.639529 2PiTHz  290.072380 cm-1    35.964375 meV
             X         Y         Z           dx          dy          dz
      5.117449  1.542838  3.491299    -0.004815   -0.007985   -0.012821  
      0.135816  4.534789  3.491299    -0.010455   -0.017373    0.036310  
     -1.521098  4.445127  1.158590    -0.004788   -0.007995   -0.012846  
      3.460534  1.453177  1.158590    -0.010419   -0.017363    0.036296  
      2.691839  2.999651  3.491299    -0.002510   -0.004168   -0.002724  
      0.904511  2.988315  1.158590    -0.002488   -0.004161   -0.002714  
      1.835103  4.307565  2.274727     0.067514   -0.008102   -0.045721  
      1.761247  1.680400  2.375161     0.067499   -0.008107   -0.045711  
      0.177128  1.547018  0.042452    -0.038869    0.055792   -0.045722  
     -0.701653  3.000790  2.328827     0.062533   -0.070212    0.089572  
      3.419222  4.440948  4.607437    -0.038869    0.055786   -0.045714  
      2.499828 -0.006807 -0.003882    -0.091354    0.022227    0.089580  
 
  29 f  =    7.317661 THz    45.978221 2PiTHz  244.090902 cm-1    30.263401 meV
             X         Y         Z           dx          dy          dz
      5.117449  1.542838  3.491299    -0.095028   -0.157726   -0.091403  
      0.135816  4.534789  3.491299     0.023802    0.039479    0.084383  
     -1.521098  4.445127  1.158590     0.094542    0.157939    0.091366  
      3.460534  1.453177  1.158590    -0.023684   -0.039560   -0.084393  
      2.691839  2.999651  3.491299     0.021529    0.035254   -0.022592  
      0.904511  2.988315  1.158590    -0.021013   -0.035573    0.022587  
      1.835103  4.307565  2.274727     0.027385    0.016016    0.002448  
      1.761247  1.680400  2.375161    -0.027948   -0.015985   -0.002383  
      0.177128  1.547018  0.042452     0.000975    0.032198    0.002382  
     -0.701653  3.000790  2.328827    -0.000323    0.000069   -0.000017  
      3.419222  4.440948  4.607437    -0.001277   -0.031693   -0.002433  
      2.499828 -0.006807 -0.003882    -0.000196    0.000274    0.000028  
 
  30 f  =    7.294543 THz    45.832967 2PiTHz  243.319772 cm-1    30.167793 meV
             X         Y         Z           dx          dy          dz
      5.117449  1.542838  3.491299     0.051509   -0.031863   -0.000399  
      0.135816  4.534789  3.491299    -0.014799    0.009124    0.000364  
     -1.521098  4.445127  1.158590     0.052330   -0.030494    0.000400  
      3.460534  1.453177  1.158590    -0.015003    0.008763   -0.000360  
      2.691839  2.999651  3.491299    -0.059737    0.036087   -0.000096  
      0.904511  2.988315  1.158590    -0.059922    0.035783    0.000098  
      1.835103  4.307565  2.274727     0.066813   -0.003798   -0.005938  
      1.761247  1.680400  2.375161     0.066566   -0.003938   -0.005951  
      0.177128  1.547018  0.042452     0.034752   -0.056915    0.005956  
     -0.701653  3.000790  2.328827     0.075720   -0.013314    0.005330  
      3.419222  4.440948  4.607437     0.034735   -0.057188    0.005923  
      2.499828 -0.006807 -0.003882     0.047323   -0.060586   -0.005326  
 
  31 f  =    5.501667 THz    34.567992 2PiTHz  183.515850 cm-1    22.753055 meV
             X         Y         Z           dx          dy          dz
      5.117449  1.542838  3.491299    -0.054291   -0.090402   -0.103436  
      0.135816  4.534789  3.491299    -0.043464   -0.072381    0.015532  
     -1.521098  4.445127  1.158590     0.044244    0.073682    0.088335  
      3.460534  1.453177  1.158590     0.041754    0.069528   -0.014777  
      2.691839  2.999651  3.491299    -0.040117   -0.066800    0.017138  
      0.904511  2.988315  1.158590     0.040565    0.067542   -0.021376  
      1.835103  4.307565  2.274727     0.002633    0.013331    0.014145  
      1.761247  1.680400  2.375161    -0.001587   -0.009973   -0.007130  
      0.177128  1.547018  0.042452     0.010532    0.008587    0.014138  
     -0.701653  3.000790  2.328827    -0.000414    0.000534    0.002511  
      3.419222  4.440948  4.607437    -0.008055   -0.006090   -0.007133  
      2.499828 -0.006807 -0.003882     0.000668   -0.000109    0.002510  
 
  32 f  =    5.497190 THz    34.539864 2PiTHz  183.366521 cm-1    22.734541 meV
             X         Y         Z           dx          dy          dz
      5.117449  1.542838  3.491299     0.077919    0.129742    0.115805  
      0.135816  4.534789  3.491299     0.011215    0.018668   -0.005232  
     -1.521098  4.445127  1.158590     0.084047    0.139934    0.127722  
      3.460534  1.453177  1.158590     0.016485    0.027446   -0.007136  
      2.691839  2.999651  3.491299    -0.006121   -0.010188    0.035488  
      0.904511  2.988315  1.158590    -0.001126   -0.001879    0.033107  
      1.835103  4.307565  2.274727    -0.008313   -0.026372   -0.055953  
      1.761247  1.680400  2.375161    -0.008592   -0.027820   -0.057267  
      0.177128  1.547018  0.042452    -0.019374   -0.019726   -0.055960  
     -0.701653  3.000790  2.328827     0.006565   -0.008562   -0.040699  
      3.419222  4.440948  4.607437    -0.020522   -0.020652   -0.057272  
      2.499828 -0.006807 -0.003882    -0.010641    0.001779   -0.040690  
 
  33 f  =    3.559330 THz    22.363930 2PiTHz  118.726470 cm-1    14.720200 meV
             X         Y         Z           dx          dy          dz
      5.117449  1.542838  3.491299     0.053864    0.089687    0.107546  
      0.135816  4.534789  3.491299    -0.005851   -0.009742    0.048803  
     -1.521098  4.445127  1.158590     0.053882    0.089712    0.107574  
      3.460534  1.453177  1.158590    -0.005844   -0.009735    0.048787  
      2.691839  2.999651  3.491299     0.000955    0.001593   -0.067143  
      0.904511  2.988315  1.158590     0.000962    0.001601   -0.067142  
      1.835103  4.307565  2.274727    -0.008823   -0.015320    0.040244  
      1.761247  1.680400  2.375161    -0.008835   -0.015325    0.040243  
      0.177128  1.547018  0.042452    -0.009376   -0.014986    0.040240  
     -0.701653  3.000790  2.328827    -0.012135   -0.004547    0.052454  
      3.419222  4.440948  4.607437    -0.009378   -0.014998    0.040240  
      2.499828 -0.006807 -0.003882     0.001689   -0.012847    0.052459  
 
  34 fi =    0.005229 THz     0.032856 2PiTHz    0.174428 cm-1     0.021626 meV
             X         Y         Z           dx          dy          dz
      5.117449  1.542838  3.491299    -0.057871    0.034679    0.000010  
      0.135816  4.534789  3.491299    -0.057889    0.034692    0.000010  
     -1.521098  4.445127  1.158590    -0.057868    0.034684    0.000014  
      3.460534  1.453177  1.158590    -0.057889    0.034694    0.000011  
      2.691839  2.999651  3.491299    -0.057875    0.034684    0.000011  
      0.904511  2.988315  1.158590    -0.057874    0.034684    0.000010  
      1.835103  4.307565  2.274727    -0.057845    0.034673    0.000018  
      1.761247  1.680400  2.375161    -0.057846    0.034671    0.000017  
      0.177128  1.547018  0.042452    -0.057849    0.034665    0.000004  
     -0.701653  3.000790  2.328827    -0.057805    0.034629    0.000010  
      3.419222  4.440948  4.607437    -0.057849    0.034665    0.000003  
      2.499828 -0.006807 -0.003882    -0.057792    0.034649    0.000012  
 
  35 fi =    0.010896 THz     0.068463 2PiTHz    0.363456 cm-1     0.045063 meV
             X         Y         Z           dx          dy          dz
      5.117449  1.542838  3.491299    -0.032565   -0.054347    0.022326  
      0.135816  4.534789  3.491299    -0.032733   -0.054621    0.022082  
     -1.521098  4.445127  1.158590    -0.032571   -0.054355    0.022320  
      3.460534  1.453177  1.158590    -0.032733   -0.054624    0.022079  
      2.691839  2.999651  3.491299    -0.032774   -0.054693    0.021944  
      0.904511  2.988315  1.158590    -0.032775   -0.054693    0.021946  
      1.835103  4.307565  2.274727    -0.032810   -0.054767    0.021963  
      1.761247  1.680400  2.375161    -0.032810   -0.054766    0.021964  
      0.177128  1.547018  0.042452    -0.032821   -0.054761    0.021966  
     -0.701653  3.000790  2.328827    -0.032797   -0.054751    0.022035  
      3.419222  4.440948  4.607437    -0.032819   -0.054760    0.021966  
      2.499828 -0.006807 -0.003882    -0.032814   -0.054742    0.022032  
 
  36 fi =    0.015982 THz     0.100418 2PiTHz    0.533101 cm-1     0.066096 meV
             X         Y         Z           dx          dy          dz
      5.117449  1.542838  3.491299    -0.011287   -0.018814   -0.063746  
      0.135816  4.534789  3.491299    -0.011328   -0.018881   -0.063828  
     -1.521098  4.445127  1.158590    -0.011290   -0.018819   -0.063750  
      3.460534  1.453177  1.158590    -0.011328   -0.018882   -0.063822  
      2.691839  2.999651  3.491299    -0.011317   -0.018864   -0.063909  
      0.904511  2.988315  1.158590    -0.011318   -0.018865   -0.063909  
      1.835103  4.307565  2.274727    -0.011303   -0.018905   -0.063681  
      1.761247  1.680400  2.375161    -0.011298   -0.018904   -0.063682  
      0.177128  1.547018  0.042452    -0.011360   -0.018871   -0.063680  
     -0.701653  3.000790  2.328827    -0.011278   -0.018823   -0.063468  
      3.419222  4.440948  4.607437    -0.011361   -0.018866   -0.063682  
      2.499828 -0.006807 -0.003882    -0.011299   -0.018811   -0.063470  
 
