 Eigenvectors and eigenvalues of the dynamical matrix
 ----------------------------------------------------
 
 
   1 f  =   21.687564 THz   136.266983 2PiTHz  723.419265 cm-1    89.692517 meV
             X         Y         Z           dx          dy          dz
      2.955181  0.772514  1.252332     0.007783   -0.004610    0.000004  
     -1.247079  2.110485  3.746137     0.007783   -0.004613   -0.000004  
      0.515804  2.217783  1.252332     0.002157   -0.001278    0.000005  
      1.192299  0.665215  3.746137     0.002155   -0.001277   -0.000005  
     -2.072195  3.751106  1.252332     0.001838   -0.001089    0.000002  
      3.780298 -0.868108  3.746137     0.001834   -0.001087   -0.000002  
     -1.263149  2.298016  0.002715    -0.054144    0.098627    0.090804  
      0.492570  2.179198  4.939709     0.024147   -0.037359    0.056226  
      2.179797  2.331320  2.445904     0.044368   -0.003222   -0.056231  
      1.215533  0.703800  0.058760     0.024143   -0.037364    0.056232  
     -0.471694  0.551678  2.552565     0.044366   -0.003239   -0.056227  
      2.117201 -0.856517  2.496520    -0.112512    0.000112   -0.090804  
 
   2 f  =   16.928325 THz   106.363800 2PiTHz  564.668126 cm-1    70.009893 meV
             X         Y         Z           dx          dy          dz
      2.955181  0.772514  1.252332     0.006959    0.011749    0.008581  
     -1.247079  2.110485  3.746137     0.006992    0.011796    0.008766  
      0.515804  2.217783  1.252332     0.011353    0.019156    0.021535  
      1.192299  0.665215  3.746137     0.011335    0.019142    0.021744  
     -2.072195  3.751106  1.252332     0.001511    0.002553    0.005445  
      3.780298 -0.868108  3.746137     0.001504    0.002537    0.005506  
     -1.263149  2.298016  0.002715     0.080151   -0.122235   -0.087536  
      0.492570  2.179198  4.939709     0.011606    0.011682    0.021529  
      2.179797  2.331320  2.445904     0.004666    0.015601    0.021568  
      1.215533  0.703800  0.058760     0.011422    0.011571    0.021564  
     -0.471694  0.551678  2.552565     0.004667    0.015764    0.021526  
      2.117201 -0.856517  2.496520    -0.145710    0.011582   -0.087535  
 
   3 f  =   16.890319 THz   106.125004 2PiTHz  563.400399 cm-1    69.852715 meV
             X         Y         Z           dx          dy          dz
      2.955181  0.772514  1.252332     0.013812   -0.008177    0.000018  
     -1.247079  2.110485  3.746137    -0.013793    0.008170   -0.000015  
      0.515804  2.217783  1.252332    -0.022836    0.013530    0.000021  
      1.192299  0.665215  3.746137     0.022831   -0.013523   -0.000017  
     -2.072195  3.751106  1.252332     0.006352   -0.003764    0.000006  
      3.780298 -0.868108  3.746137    -0.006351    0.003764   -0.000005  
     -1.263149  2.298016  0.002715    -0.000002   -0.000003   -0.000007  
      0.492570  2.179198  4.939709    -0.097727   -0.074395   -0.013270  
      2.179797  2.331320  2.445904    -0.018300   -0.121428   -0.013264  
      1.215533  0.703800  0.058760     0.097744    0.074399    0.013261  
     -0.471694  0.551678  2.552565     0.018305    0.121418    0.013283  
      2.117201 -0.856517  2.496520    -0.000029    0.000005   -0.000013  
 
   4 f  =   16.765124 THz   105.338380 2PiTHz  559.224340 cm-1    69.334950 meV
             X         Y         Z           dx          dy          dz
      2.955181  0.772514  1.252332     0.011709    0.019765    0.089984  
     -1.247079  2.110485  3.746137    -0.011689   -0.019739   -0.089964  
      0.515804  2.217783  1.252332    -0.005221   -0.008830    0.103347  
      1.192299  0.665215  3.746137     0.005248    0.008866   -0.103305  
     -2.072195  3.751106  1.252332    -0.003407   -0.005747    0.029092  
      3.780298 -0.868108  3.746137     0.003412    0.005755   -0.029081  
     -1.263149  2.298016  0.002715     0.000085   -0.000125   -0.000090  
      0.492570  2.179198  4.939709    -0.078622   -0.047107    0.020721  
      2.179797  2.331320  2.445904     0.003573    0.091648   -0.020670  
      1.215533  0.703800  0.058760     0.078626    0.047134   -0.020696  
     -0.471694  0.551678  2.552565    -0.003559   -0.091631    0.020736  
      2.117201 -0.856517  2.496520    -0.000152    0.000011   -0.000091  
 
   5 f  =   14.770128 THz    92.803454 2PiTHz  492.678451 cm-1    61.084315 meV
             X         Y         Z           dx          dy          dz
      2.955181  0.772514  1.252332    -0.047346    0.028079    0.000008  
     -1.247079  2.110485  3.746137    -0.047371    0.028039   -0.000007  
      0.515804  2.217783  1.252332     0.015112   -0.008960   -0.000003  
      1.192299  0.665215  3.746137     0.015123   -0.008951    0.000005  
     -2.072195  3.751106  1.252332    -0.002197    0.001299    0.000003  
      3.780298 -0.868108  3.746137    -0.002199    0.001306   -0.000002  
     -1.263149  2.298016  0.002715     0.039764   -0.070927   -0.015665  
      0.492570  2.179198  4.939709    -0.042900   -0.033726    0.092010  
      2.179797  2.331320  2.445904     0.008997    0.053799   -0.092046  
      1.215533  0.703800  0.058760    -0.042844   -0.033741    0.092061  
     -0.471694  0.551678  2.552565     0.008995    0.053808   -0.092027  
      2.117201 -0.856517  2.496520     0.081307   -0.000805    0.015665  
 
   6 f  =   14.284471 THz    89.751976 2PiTHz  476.478651 cm-1    59.075797 meV
             X         Y         Z           dx          dy          dz
      2.955181  0.772514  1.252332     0.067780   -0.040151    0.000000  
     -1.247079  2.110485  3.746137     0.067760   -0.040204    0.000025  
      0.515804  2.217783  1.252332    -0.099814    0.059167   -0.000015  
      1.192299  0.665215  3.746137    -0.099773    0.059224    0.000070  
     -2.072195  3.751106  1.252332    -0.011495    0.006793   -0.000009  
      3.780298 -0.868108  3.746137    -0.011492    0.006798    0.000008  
     -1.263149  2.298016  0.002715    -0.039060   -0.047646   -0.044822  
      0.492570  2.179198  4.939709     0.073551    0.024395    0.043567  
      2.179797  2.331320  2.445904     0.013975   -0.076175   -0.043589  
      1.215533  0.703800  0.058760     0.073599    0.024403    0.043564  
     -0.471694  0.551678  2.552565     0.014000   -0.076233   -0.043612  
      2.117201 -0.856517  2.496520     0.023010    0.057128    0.044865  
 
   7 f  =   14.226048 THz    89.384899 2PiTHz  474.529898 cm-1    58.834182 meV
             X         Y         Z           dx          dy          dz
      2.955181  0.772514  1.252332    -0.024682   -0.041588    0.027472  
     -1.247079  2.110485  3.746137    -0.024707   -0.041635    0.027483  
      0.515804  2.217783  1.252332     0.069318    0.116896    0.063149  
      1.192299  0.665215  3.746137     0.069347    0.116932    0.063227  
     -2.072195  3.751106  1.252332    -0.013624   -0.023008   -0.001823  
      3.780298 -0.868108  3.746137    -0.013626   -0.023007   -0.001812  
     -1.263149  2.298016  0.002715    -0.008353   -0.024919    0.046593  
      0.492570  2.179198  4.939709     0.023003    0.067614   -0.037983  
      2.179797  2.331320  2.445904     0.048199    0.052769   -0.037900  
      1.215533  0.703800  0.058760     0.023049    0.067627   -0.037970  
     -0.471694  0.551678  2.552565     0.048270    0.052720   -0.037973  
      2.117201 -0.856517  2.496520    -0.017866   -0.019348    0.046554  
 
   8 f  =   14.144282 THz    88.871148 2PiTHz  471.802477 cm-1    58.496026 meV
             X         Y         Z           dx          dy          dz
      2.955181  0.772514  1.252332    -0.048943   -0.082636    0.039934  
     -1.247079  2.110485  3.746137     0.048952    0.082595   -0.039922  
      0.515804  2.217783  1.252332     0.051825    0.087550    0.139777  
      1.192299  0.665215  3.746137    -0.051843   -0.087431   -0.139728  
     -2.072195  3.751106  1.252332     0.004262    0.007200    0.023282  
      3.780298 -0.868108  3.746137    -0.004277   -0.007211   -0.023285  
     -1.263149  2.298016  0.002715    -0.000017   -0.000032    0.000000  
      0.492570  2.179198  4.939709     0.067533    0.002486    0.020070  
      2.179797  2.331320  2.445904     0.030310   -0.060397   -0.020110  
      1.215533  0.703800  0.058760    -0.067483   -0.002427   -0.020048  
     -0.471694  0.551678  2.552565    -0.030265    0.060382    0.020037  
      2.117201 -0.856517  2.496520     0.000012    0.000019    0.000035  
 
   9 f  =   14.040645 THz    88.219976 2PiTHz  468.345514 cm-1    58.067417 meV
             X         Y         Z           dx          dy          dz
      2.955181  0.772514  1.252332     0.005553   -0.003295    0.000002  
     -1.247079  2.110485  3.746137    -0.005546    0.003265    0.000011  
      0.515804  2.217783  1.252332    -0.000160    0.000105   -0.000001  
      1.192299  0.665215  3.746137     0.000174   -0.000062    0.000021  
     -2.072195  3.751106  1.252332    -0.000029    0.000012   -0.000003  
      3.780298 -0.868108  3.746137     0.000023   -0.000017    0.000002  
     -1.263149  2.298016  0.002715    -0.000009    0.000001    0.000006  
      0.492570  2.179198  4.939709    -0.046899    0.077330   -0.086259  
      2.179797  2.331320  2.445904     0.090358   -0.004001   -0.086237  
      1.215533  0.703800  0.058760     0.046928   -0.077296    0.086216  
     -0.471694  0.551678  2.552565    -0.090338    0.003992    0.086251  
      2.117201 -0.856517  2.496520    -0.000014   -0.000001    0.000012  
 
  10 f  =   13.637586 THz    85.687479 2PiTHz  454.900901 cm-1    56.400498 meV
             X         Y         Z           dx          dy          dz
      2.955181  0.772514  1.252332    -0.011642   -0.019628   -0.052497  
     -1.247079  2.110485  3.746137     0.011616    0.019621    0.052498  
      0.515804  2.217783  1.252332    -0.042096   -0.071071   -0.028912  
      1.192299  0.665215  3.746137     0.042129    0.071101    0.028937  
     -2.072195  3.751106  1.252332    -0.001167   -0.001970   -0.012354  
      3.780298 -0.868108  3.746137     0.001165    0.001964    0.012356  
     -1.263149  2.298016  0.002715     0.000004   -0.000006    0.000011  
      0.492570  2.179198  4.939709     0.030979   -0.070463    0.082785  
      2.179797  2.331320  2.445904     0.076693    0.006682   -0.082795  
      1.215533  0.703800  0.058760    -0.030991    0.070484   -0.082786  
     -0.471694  0.551678  2.552565    -0.076679   -0.006670    0.082753  
      2.117201 -0.856517  2.496520     0.000005   -0.000003    0.000006  
 
  11 f  =   12.604312 THz    79.195226 2PiTHz  420.434584 cm-1    52.127221 meV
             X         Y         Z           dx          dy          dz
      2.955181  0.772514  1.252332    -0.060869   -0.102730    0.071516  
     -1.247079  2.110485  3.746137    -0.060862   -0.102737    0.071505  
      0.515804  2.217783  1.252332    -0.042514   -0.071789   -0.107237  
      1.192299  0.665215  3.746137    -0.042560   -0.071767   -0.107227  
     -2.072195  3.751106  1.252332     0.011757    0.019850    0.005905  
      3.780298 -0.868108  3.746137     0.011764    0.019847    0.005906  
     -1.263149  2.298016  0.002715    -0.028081   -0.062003    0.029880  
      0.492570  2.179198  4.939709    -0.034221    0.034809   -0.023971  
      2.179797  2.331320  2.445904     0.046968   -0.013293   -0.023970  
      1.215533  0.703800  0.058760    -0.034222    0.034803   -0.023981  
     -0.471694  0.551678  2.552565     0.046976   -0.013281   -0.023973  
      2.117201 -0.856517  2.496520    -0.040895   -0.054413    0.029884  
 
  12 f  =   12.385636 THz    77.821243 2PiTHz  413.140331 cm-1    51.222850 meV
             X         Y         Z           dx          dy          dz
      2.955181  0.772514  1.252332    -0.058417    0.034622   -0.000009  
     -1.247079  2.110485  3.746137     0.058513   -0.034653   -0.000009  
      0.515804  2.217783  1.252332     0.194437   -0.115183    0.000013  
      1.192299  0.665215  3.746137    -0.194593    0.115301    0.000011  
     -2.072195  3.751106  1.252332    -0.024056    0.014250   -0.000000  
      3.780298 -0.868108  3.746137     0.024052   -0.014253   -0.000001  
     -1.263149  2.298016  0.002715    -0.000013    0.000026   -0.000058  
      0.492570  2.179198  4.939709    -0.028398    0.005047    0.018827  
      2.179797  2.331320  2.445904     0.018192   -0.022370    0.018872  
      1.215533  0.703800  0.058760     0.028368   -0.005221   -0.018866  
     -0.471694  0.551678  2.552565    -0.018076    0.022489   -0.018826  
      2.117201 -0.856517  2.496520    -0.000020    0.000010    0.000056  
 
  13 f  =   12.342062 THz    77.547462 2PiTHz  411.686873 cm-1    51.042644 meV
             X         Y         Z           dx          dy          dz
      2.955181  0.772514  1.252332     0.042276   -0.025026   -0.000004  
     -1.247079  2.110485  3.746137     0.042150   -0.024983   -0.000004  
      0.515804  2.217783  1.252332    -0.087796    0.052012   -0.000003  
      1.192299  0.665215  3.746137    -0.087451    0.051819    0.000000  
     -2.072195  3.751106  1.252332    -0.000089    0.000047    0.000002  
      3.780298 -0.868108  3.746137    -0.000130    0.000077   -0.000002  
     -1.263149  2.298016  0.002715    -0.028679    0.016463   -0.067277  
      0.492570  2.179198  4.939709    -0.022335   -0.093664   -0.027272  
      2.179797  2.331320  2.445904     0.071379    0.064641    0.027247  
      1.215533  0.703800  0.058760    -0.022403   -0.093651   -0.027249  
     -0.471694  0.551678  2.552565     0.071399    0.064607    0.027285  
      2.117201 -0.856517  2.496520    -0.028208    0.017247    0.067273  
 
  14 f  =   12.087255 THz    75.946461 2PiTHz  403.187417 cm-1    49.988846 meV
             X         Y         Z           dx          dy          dz
      2.955181  0.772514  1.252332     0.007006    0.011809   -0.006002  
     -1.247079  2.110485  3.746137     0.006959    0.011736   -0.006022  
      0.515804  2.217783  1.252332     0.030350    0.051242    0.107403  
      1.192299  0.665215  3.746137     0.030343    0.051236    0.107425  
     -2.072195  3.751106  1.252332     0.006690    0.011290   -0.000123  
      3.780298 -0.868108  3.746137     0.006696    0.011301   -0.000125  
     -1.263149  2.298016  0.002715     0.039572    0.000084    0.013396  
      0.492570  2.179198  4.939709    -0.099340   -0.015003   -0.028504  
      2.179797  2.331320  2.445904     0.034557   -0.094352   -0.028497  
      1.215533  0.703800  0.058760    -0.099359   -0.015023   -0.028504  
     -0.471694  0.551678  2.552565     0.034570   -0.094326   -0.028497  
      2.117201 -0.856517  2.496520    -0.018941    0.034751    0.013403  
 
  15 f  =   11.362565 THz    71.393101 2PiTHz  379.014370 cm-1    46.991772 meV
             X         Y         Z           dx          dy          dz
      2.955181  0.772514  1.252332    -0.099570   -0.168040   -0.090224  
     -1.247079  2.110485  3.746137     0.099555    0.168044    0.090228  
      0.515804  2.217783  1.252332     0.006884    0.011632    0.002979  
      1.192299  0.665215  3.746137    -0.006895   -0.011627   -0.002944  
     -2.072195  3.751106  1.252332     0.011327    0.019116   -0.010218  
      3.780298 -0.868108  3.746137    -0.011322   -0.019109    0.010216  
     -1.263149  2.298016  0.002715     0.000010    0.000001    0.000001  
      0.492570  2.179198  4.939709    -0.041827   -0.029665   -0.033339  
      2.179797  2.331320  2.445904     0.005938    0.050893    0.033333  
      1.215533  0.703800  0.058760     0.041774    0.029634    0.033333  
     -0.471694  0.551678  2.552565    -0.005915   -0.050919   -0.033342  
      2.117201 -0.856517  2.496520    -0.000000    0.000011    0.000007  
 
  16 f  =   11.226616 THz    70.538909 2PiTHz  374.479604 cm-1    46.429533 meV
             X         Y         Z           dx          dy          dz
      2.955181  0.772514  1.252332     0.111151   -0.065861   -0.000005  
     -1.247079  2.110485  3.746137    -0.111144    0.065848    0.000004  
      0.515804  2.217783  1.252332     0.062828   -0.037216    0.000003  
      1.192299  0.665215  3.746137    -0.062822    0.037221    0.000004  
     -2.072195  3.751106  1.252332    -0.013544    0.008024   -0.000001  
      3.780298 -0.868108  3.746137     0.013540   -0.008021   -0.000000  
     -1.263149  2.298016  0.002715     0.000005    0.000002   -0.000002  
      0.492570  2.179198  4.939709     0.047031   -0.053145   -0.071125  
      2.179797  2.331320  2.445904    -0.069199    0.015714   -0.071126  
      1.215533  0.703800  0.058760    -0.047017    0.053143    0.071127  
     -0.471694  0.551678  2.552565     0.069196   -0.015718    0.071126  
      2.117201 -0.856517  2.496520     0.000001   -0.000005    0.000003  
 
  17 f  =   10.194683 THz    64.055084 2PiTHz  340.058028 cm-1    42.161803 meV
             X         Y         Z           dx          dy          dz
      2.955181  0.772514  1.252332    -0.083833   -0.141497    0.030382  
     -1.247079  2.110485  3.746137    -0.083772   -0.141394    0.030225  
      0.515804  2.217783  1.252332     0.038881    0.065632    0.075452  
      1.192299  0.665215  3.746137     0.038952    0.065732    0.075544  
     -2.072195  3.751106  1.252332     0.011395    0.019232   -0.014896  
      3.780298 -0.868108  3.746137     0.011390    0.019223   -0.014912  
     -1.263149  2.298016  0.002715    -0.021262   -0.010773    0.002755  
      0.492570  2.179198  4.939709     0.030587   -0.058065    0.017967  
      2.179797  2.331320  2.445904    -0.065658   -0.001084    0.017936  
      1.215533  0.703800  0.058760     0.030591   -0.058111    0.017932  
     -0.471694  0.551678  2.552565    -0.065625   -0.001065    0.017958  
      2.117201 -0.856517  2.496520     0.000764   -0.023821    0.002757  
 
  18 f  =   10.086294 THz    63.374053 2PiTHz  336.442547 cm-1    41.713541 meV
             X         Y         Z           dx          dy          dz
      2.955181  0.772514  1.252332    -0.058919   -0.099363    0.151336  
     -1.247079  2.110485  3.746137     0.058933    0.099566   -0.151369  
      0.515804  2.217783  1.252332    -0.062008   -0.104684   -0.101220  
      1.192299  0.665215  3.746137     0.061990    0.104604    0.101155  
     -2.072195  3.751106  1.252332     0.004285    0.007228    0.017322  
      3.780298 -0.868108  3.746137    -0.004292   -0.007252   -0.017311  
     -1.263149  2.298016  0.002715    -0.000011    0.000005   -0.000014  
      0.492570  2.179198  4.939709     0.005682    0.031040    0.012002  
      2.179797  2.331320  2.445904    -0.024427   -0.019897   -0.012016  
      1.215533  0.703800  0.058760    -0.005704   -0.030985   -0.012015  
     -0.471694  0.551678  2.552565     0.024507    0.019883    0.012003  
      2.117201 -0.856517  2.496520    -0.000010    0.000033    0.000018  
 
  19 f  =    9.847169 THz    61.871585 2PiTHz  328.466190 cm-1    40.724599 meV
             X         Y         Z           dx          dy          dz
      2.955181  0.772514  1.252332     0.135435   -0.080282    0.000037  
     -1.247079  2.110485  3.746137     0.135456   -0.080216   -0.000040  
      0.515804  2.217783  1.252332    -0.091295    0.054061   -0.000018  
      1.192299  0.665215  3.746137    -0.091230    0.054083    0.000021  
     -2.072195  3.751106  1.252332    -0.003410    0.002021    0.000003  
      3.780298 -0.868108  3.746137    -0.003405    0.002015   -0.000003  
     -1.263149  2.298016  0.002715     0.084414   -0.000682    0.073977  
      0.492570  2.179198  4.939709    -0.035221    0.012062    0.000561  
      2.179797  2.331320  2.445904    -0.027494    0.025099   -0.000560  
      1.215533  0.703800  0.058760    -0.035225    0.012044    0.000556  
     -0.471694  0.551678  2.552565    -0.027492    0.025114   -0.000555  
      2.117201 -0.856517  2.496520     0.041148   -0.073708   -0.073977  
 
  20 f  =    9.192472 THz    57.758006 2PiTHz  306.627866 cm-1    38.016993 meV
             X         Y         Z           dx          dy          dz
      2.955181  0.772514  1.252332     0.124113   -0.073549    0.000016  
     -1.247079  2.110485  3.746137     0.124128   -0.073523    0.000002  
      0.515804  2.217783  1.252332     0.153244   -0.090807   -0.000014  
      1.192299  0.665215  3.746137     0.153261   -0.090792    0.000009  
     -2.072195  3.751106  1.252332    -0.028522    0.016895    0.000005  
      3.780298 -0.868108  3.746137    -0.028519    0.016901   -0.000007  
     -1.263149  2.298016  0.002715     0.010106    0.002336   -0.026964  
      0.492570  2.179198  4.939709     0.011050   -0.020857    0.002751  
      2.179797  2.331320  2.445904     0.023609    0.000324   -0.002736  
      1.215533  0.703800  0.058760     0.011035   -0.020844    0.002761  
     -0.471694  0.551678  2.552565     0.023581    0.000329   -0.002767  
      2.117201 -0.856517  2.496520     0.002805   -0.009989    0.026963  
 
  21 f  =    8.405674 THz    52.814409 2PiTHz  280.383114 cm-1    34.763060 meV
             X         Y         Z           dx          dy          dz
      2.955181  0.772514  1.252332    -0.007114   -0.012030    0.035895  
     -1.247079  2.110485  3.746137     0.007186    0.012048   -0.035870  
      0.515804  2.217783  1.252332     0.011958    0.020114    0.073830  
      1.192299  0.665215  3.746137    -0.011915   -0.020150   -0.073828  
     -2.072195  3.751106  1.252332     0.008465    0.014282   -0.040659  
      3.780298 -0.868108  3.746137    -0.008472   -0.014283    0.040658  
     -1.263149  2.298016  0.002715    -0.000002    0.000007   -0.000008  
      0.492570  2.179198  4.939709    -0.036570    0.057744    0.061761  
      2.179797  2.331320  2.445904    -0.068218    0.004337   -0.061777  
      1.215533  0.703800  0.058760     0.036556   -0.057752   -0.061761  
     -0.471694  0.551678  2.552565     0.068226   -0.004327    0.061764  
      2.117201 -0.856517  2.496520    -0.000005   -0.000002    0.000015  
 
  22 f  =    8.249353 THz    51.832215 2PiTHz  275.168807 cm-1    34.116569 meV
             X         Y         Z           dx          dy          dz
      2.955181  0.772514  1.252332     0.158512   -0.093916   -0.000001  
     -1.247079  2.110485  3.746137    -0.158519    0.093925   -0.000005  
      0.515804  2.217783  1.252332    -0.035733    0.021170    0.000011  
      1.192299  0.665215  3.746137     0.035743   -0.021183   -0.000013  
     -2.072195  3.751106  1.252332    -0.032079    0.019005   -0.000006  
      3.780298 -0.868108  3.746137     0.032084   -0.019011    0.000004  
     -1.263149  2.298016  0.002715    -0.000012   -0.000000   -0.000000  
      0.492570  2.179198  4.939709    -0.028419    0.030543    0.045914  
      2.179797  2.331320  2.445904     0.040417   -0.010247    0.045890  
      1.215533  0.703800  0.058760     0.028410   -0.030534   -0.045897  
     -0.471694  0.551678  2.552565    -0.040421    0.010254   -0.045898  
      2.117201 -0.856517  2.496520    -0.000008    0.000018    0.000007  
 
  23 f  =    7.925990 THz    49.800462 2PiTHz  264.382558 cm-1    32.779245 meV
             X         Y         Z           dx          dy          dz
      2.955181  0.772514  1.252332    -0.077086    0.045653   -0.000006  
     -1.247079  2.110485  3.746137    -0.077075    0.045661   -0.000025  
      0.515804  2.217783  1.252332    -0.026200    0.015523    0.000006  
      1.192299  0.665215  3.746137    -0.026148    0.015483   -0.000000  
     -2.072195  3.751106  1.252332    -0.018695    0.011074   -0.000001  
      3.780298 -0.868108  3.746137    -0.018677    0.011069    0.000003  
     -1.263149  2.298016  0.002715     0.121126    0.060965   -0.026950  
      0.492570  2.179198  4.939709     0.049367   -0.018030   -0.000762  
      2.179797  2.331320  2.445904     0.039529   -0.034641    0.000765  
      1.215533  0.703800  0.058760     0.049371   -0.018032   -0.000772  
     -0.471694  0.551678  2.552565     0.039527   -0.034634    0.000761  
      2.117201 -0.856517  2.496520     0.004709   -0.135507    0.026955  
 
  24 f  =    7.622695 THz    47.894804 2PiTHz  254.265730 cm-1    31.524919 meV
             X         Y         Z           dx          dy          dz
      2.955181  0.772514  1.252332    -0.058160   -0.098166   -0.187506  
     -1.247079  2.110485  3.746137    -0.058157   -0.098195   -0.187542  
      0.515804  2.217783  1.252332    -0.022210   -0.037494   -0.009836  
      1.192299  0.665215  3.746137    -0.022188   -0.037477   -0.009871  
     -2.072195  3.751106  1.252332    -0.001624   -0.002740    0.006495  
      3.780298 -0.868108  3.746137    -0.001629   -0.002752    0.006507  
     -1.263149  2.298016  0.002715     0.082003    0.018364    0.037188  
      0.492570  2.179198  4.939709     0.004783    0.014215    0.005849  
      2.179797  2.331320  2.445904     0.010166    0.011028    0.005856  
      1.215533  0.703800  0.058760     0.004780    0.014218    0.005859  
     -0.471694  0.551678  2.552565     0.010168    0.011028    0.005852  
      2.117201 -0.856517  2.496520    -0.023284    0.080767    0.037185  
 
  25 f  =    7.082140 THz    44.498396 2PiTHz  236.234751 cm-1    29.289363 meV
             X         Y         Z           dx          dy          dz
      2.955181  0.772514  1.252332     0.010564    0.017812   -0.054002  
     -1.247079  2.110485  3.746137     0.010306    0.017390   -0.054652  
      0.515804  2.217783  1.252332    -0.011261   -0.019012    0.032730  
      1.192299  0.665215  3.746137    -0.010768   -0.018195    0.031885  
     -2.072195  3.751106  1.252332     0.005168    0.008728    0.035655  
      3.780298 -0.868108  3.746137     0.005020    0.008471    0.035854  
     -1.263149  2.298016  0.002715    -0.024869   -0.022306   -0.019887  
      0.492570  2.179198  4.939709     0.033726   -0.034290   -0.087235  
      2.179797  2.331320  2.445904    -0.045927    0.013039   -0.086823  
      1.215533  0.703800  0.058760     0.033497   -0.034019   -0.086824  
     -0.471694  0.551678  2.552565    -0.046278    0.013111   -0.087238  
      2.117201 -0.856517  2.496520    -0.007617   -0.032519   -0.019888  
 
  26 f  =    7.051957 THz    44.308751 2PiTHz  235.227956 cm-1    29.164536 meV
             X         Y         Z           dx          dy          dz
      2.955181  0.772514  1.252332    -0.029951   -0.050569   -0.072298  
     -1.247079  2.110485  3.746137     0.030057    0.050695    0.071770  
      0.515804  2.217783  1.252332     0.057305    0.096727   -0.098855  
      1.192299  0.665215  3.746137    -0.057408   -0.096906    0.099135  
     -2.072195  3.751106  1.252332    -0.017425   -0.029415    0.023292  
      3.780298 -0.868108  3.746137     0.017473    0.029483   -0.022983  
     -1.263149  2.298016  0.002715    -0.000092   -0.000079   -0.000091  
      0.492570  2.179198  4.939709    -0.026934    0.031044    0.046926  
      2.179797  2.331320  2.445904    -0.040561    0.008835   -0.047675  
      1.215533  0.703800  0.058760     0.027221   -0.031316   -0.047661  
     -0.471694  0.551678  2.552565     0.040144   -0.008706    0.046912  
      2.117201 -0.856517  2.496520    -0.000056   -0.000138   -0.000056  
 
  27 f  =    6.566485 THz    41.258441 2PiTHz  219.034357 cm-1    27.156787 meV
             X         Y         Z           dx          dy          dz
      2.955181  0.772514  1.252332     0.044525   -0.026356   -0.000027  
     -1.247079  2.110485  3.746137     0.045075   -0.026727    0.000024  
      0.515804  2.217783  1.252332     0.001299   -0.000827    0.000025  
      1.192299  0.665215  3.746137     0.001848   -0.001037   -0.000030  
     -2.072195  3.751106  1.252332     0.017972   -0.010633    0.000009  
      3.780298 -0.868108  3.746137     0.018198   -0.010798   -0.000008  
     -1.263149  2.298016  0.002715     0.008802    0.096861   -0.096416  
      0.492570  2.179198  4.939709    -0.032791    0.044386    0.036557  
      2.179797  2.331320  2.445904    -0.054783    0.007428   -0.036678  
      1.215533  0.703800  0.058760    -0.032839    0.044477    0.036695  
     -0.471694  0.551678  2.552565    -0.054683    0.007448   -0.036576  
      2.117201 -0.856517  2.496520    -0.080728   -0.054247    0.096418  
 
  28 f  =    6.532749 THz    41.046471 2PiTHz  217.909045 cm-1    27.017266 meV
             X         Y         Z           dx          dy          dz
      2.955181  0.772514  1.252332    -0.108154    0.064079    0.000011  
     -1.247079  2.110485  3.746137     0.107933   -0.063944    0.000012  
      0.515804  2.217783  1.252332    -0.095984    0.056863    0.000008  
      1.192299  0.665215  3.746137     0.095994   -0.056865   -0.000010  
     -2.072195  3.751106  1.252332    -0.047218    0.027974   -0.000002  
      3.780298 -0.868108  3.746137     0.047130   -0.027924    0.000002  
     -1.263149  2.298016  0.002715    -0.000044   -0.000254    0.000247  
      0.492570  2.179198  4.939709     0.007239   -0.018299   -0.022242  
      2.179797  2.331320  2.445904    -0.019251   -0.002468   -0.022055  
      1.215533  0.703800  0.058760    -0.007083    0.018066    0.022055  
     -0.471694  0.551678  2.552565     0.019530    0.002440    0.022241  
      2.117201 -0.856517  2.496520     0.000205    0.000164   -0.000250  
 
  29 f  =    6.179256 THz    38.825409 2PiTHz  206.117786 cm-1    25.555337 meV
             X         Y         Z           dx          dy          dz
      2.955181  0.772514  1.252332     0.048078    0.081158   -0.105378  
     -1.247079  2.110485  3.746137     0.048156    0.081271   -0.105862  
      0.515804  2.217783  1.252332     0.012257    0.020695   -0.004086  
      1.192299  0.665215  3.746137     0.012082    0.020385   -0.003941  
     -2.072195  3.751106  1.252332     0.006433    0.010861   -0.014342  
      3.780298 -0.868108  3.746137     0.006486    0.010946   -0.014216  
     -1.263149  2.298016  0.002715    -0.052249   -0.091481    0.088727  
      0.492570  2.179198  4.939709     0.002915   -0.012675    0.020183  
      2.179797  2.331320  2.445904    -0.012371   -0.003482    0.020253  
      1.215533  0.703800  0.058760     0.002889   -0.012522    0.020254  
     -0.471694  0.551678  2.552565    -0.012514   -0.003532    0.020185  
      2.117201 -0.856517  2.496520    -0.055137   -0.089771    0.088727  
 
  30 f  =    6.139348 THz    38.574664 2PiTHz  204.786622 cm-1    25.390294 meV
             X         Y         Z           dx          dy          dz
      2.955181  0.772514  1.252332     0.020555    0.034705   -0.141662  
     -1.247079  2.110485  3.746137    -0.020399   -0.034406    0.141298  
      0.515804  2.217783  1.252332    -0.054005   -0.091155    0.045722  
      1.192299  0.665215  3.746137     0.054042    0.091215   -0.045735  
     -2.072195  3.751106  1.252332     0.014516    0.024516    0.035228  
      3.780298 -0.868108  3.746137    -0.014507   -0.024470   -0.035274  
     -1.263149  2.298016  0.002715    -0.000081   -0.000183    0.000185  
      0.492570  2.179198  4.939709    -0.006573    0.041643    0.018302  
      2.179797  2.331320  2.445904    -0.039729   -0.014251   -0.018244  
      1.215533  0.703800  0.058760     0.006609   -0.041715   -0.018266  
     -0.471694  0.551678  2.552565     0.039714    0.014228    0.018324  
      2.117201 -0.856517  2.496520    -0.000077   -0.000146    0.000133  
 
  31 f  =    5.089652 THz    31.979224 2PiTHz  169.772500 cm-1    21.049098 meV
             X         Y         Z           dx          dy          dz
      2.955181  0.772514  1.252332     0.020895    0.035270    0.106415  
     -1.247079  2.110485  3.746137     0.020895    0.035268    0.106398  
      0.515804  2.217783  1.252332    -0.012387   -0.020910   -0.037795  
      1.192299  0.665215  3.746137    -0.012383   -0.020897   -0.037808  
     -2.072195  3.751106  1.252332    -0.001590   -0.002687   -0.010873  
      3.780298 -0.868108  3.746137    -0.001588   -0.002678   -0.010871  
     -1.263149  2.298016  0.002715     0.104645   -0.006933    0.085467  
      0.492570  2.179198  4.939709     0.026506   -0.037321   -0.026896  
      2.179797  2.331320  2.445904    -0.045453    0.005318   -0.026887  
      1.215533  0.703800  0.058760     0.026498   -0.037311   -0.026886  
     -0.471694  0.551678  2.552565    -0.045464    0.005320   -0.026896  
      2.117201 -0.856517  2.496520    -0.056347    0.088452    0.085466  
 
  32 f  =    3.496402 THz    21.968539 2PiTHz  116.627402 cm-1    14.459948 meV
             X         Y         Z           dx          dy          dz
      2.955181  0.772514  1.252332    -0.002982   -0.005036   -0.024279  
     -1.247079  2.110485  3.746137    -0.003003   -0.005060   -0.024301  
      0.515804  2.217783  1.252332     0.087158    0.147112   -0.179769  
      1.192299  0.665215  3.746137     0.087114    0.147037   -0.179686  
     -2.072195  3.751106  1.252332    -0.001666   -0.002810    0.016932  
      3.780298 -0.868108  3.746137    -0.001685   -0.002841    0.016925  
     -1.263149  2.298016  0.002715     0.008377    0.007468   -0.010263  
      0.492570  2.179198  4.939709    -0.016503   -0.027802    0.001415  
      2.179797  2.331320  2.445904    -0.016452   -0.027818    0.001401  
      1.215533  0.703800  0.058760    -0.016496   -0.027794    0.001399  
     -0.471694  0.551678  2.552565    -0.016458   -0.027829    0.001415  
      2.117201 -0.856517  2.496520     0.002526    0.010934   -0.010265  
 
  33 f  =    3.151009 THz    19.798375 2PiTHz  105.106353 cm-1    13.031521 meV
             X         Y         Z           dx          dy          dz
      2.955181  0.772514  1.252332    -0.033311   -0.056213   -0.036617  
     -1.247079  2.110485  3.746137     0.033296    0.056205    0.036583  
      0.515804  2.217783  1.252332    -0.061625   -0.104015    0.112605  
      1.192299  0.665215  3.746137     0.061681    0.104123   -0.112725  
     -2.072195  3.751106  1.252332    -0.025679   -0.043351   -0.010234  
      3.780298 -0.868108  3.746137     0.025681    0.043349    0.010249  
     -1.263149  2.298016  0.002715    -0.000004    0.000004   -0.000011  
      0.492570  2.179198  4.939709     0.005386    0.023360   -0.017309  
      2.179797  2.331320  2.445904    -0.017908   -0.015961    0.017305  
      1.215533  0.703800  0.058760    -0.005398   -0.023369    0.017304  
     -0.471694  0.551678  2.552565     0.017897    0.015946   -0.017307  
      2.117201 -0.856517  2.496520     0.000002    0.000006   -0.000013  
 
  34 fi =    0.002142 THz     0.013457 2PiTHz    0.071441 cm-1     0.008857 meV
             X         Y         Z           dx          dy          dz
      2.955181  0.772514  1.252332    -0.048804    0.029704   -0.000288  
     -1.247079  2.110485  3.746137    -0.048803    0.029703   -0.000288  
      0.515804  2.217783  1.252332    -0.048798    0.029699   -0.000288  
      1.192299  0.665215  3.746137    -0.048799    0.029698   -0.000287  
     -2.072195  3.751106  1.252332    -0.048797    0.029701   -0.000290  
      3.780298 -0.868108  3.746137    -0.048797    0.029700   -0.000290  
     -1.263149  2.298016  0.002715    -0.048787    0.029691   -0.000281  
      0.492570  2.179198  4.939709    -0.048788    0.029674   -0.000300  
      2.179797  2.331320  2.445904    -0.048771    0.029705   -0.000279  
      1.215533  0.703800  0.058760    -0.048788    0.029675   -0.000300  
     -0.471694  0.551678  2.552565    -0.048771    0.029706   -0.000278  
      2.117201 -0.856517  2.496520    -0.048785    0.029698   -0.000298  
 
  35 fi =    0.002808 THz     0.017646 2PiTHz    0.093678 cm-1     0.011615 meV
             X         Y         Z           dx          dy          dz
      2.955181  0.772514  1.252332     0.025124    0.040975   -0.030797  
     -1.247079  2.110485  3.746137     0.025123    0.040973   -0.030797  
      0.515804  2.217783  1.252332     0.025150    0.041022   -0.030872  
      1.192299  0.665215  3.746137     0.025148    0.041018   -0.030867  
     -2.072195  3.751106  1.252332     0.025133    0.040992   -0.030824  
      3.780298 -0.868108  3.746137     0.025132    0.040989   -0.030825  
     -1.263149  2.298016  0.002715     0.025167    0.041027   -0.030852  
      0.492570  2.179198  4.939709     0.025140    0.040970   -0.030843  
      2.179797  2.331320  2.445904     0.025108    0.040990   -0.030846  
      1.215533  0.703800  0.058760     0.025142    0.040970   -0.030845  
     -0.471694  0.551678  2.552565     0.025109    0.040989   -0.030844  
      2.117201 -0.856517  2.496520     0.025147    0.041040   -0.030852  
 
  36 fi =    0.011412 THz     0.071704 2PiTHz    0.380663 cm-1     0.047196 meV
             X         Y         Z           dx          dy          dz
      2.955181  0.772514  1.252332    -0.015781   -0.026393   -0.047907  
     -1.247079  2.110485  3.746137    -0.015781   -0.026393   -0.047906  
      0.515804  2.217783  1.252332    -0.015855   -0.026520   -0.047836  
      1.192299  0.665215  3.746137    -0.015855   -0.026520   -0.047836  
     -2.072195  3.751106  1.252332    -0.015818   -0.026456   -0.048074  
      3.780298 -0.868108  3.746137    -0.015818   -0.026456   -0.048074  
     -1.263149  2.298016  0.002715    -0.015959   -0.026476   -0.048226  
      0.492570  2.179198  4.939709    -0.015836   -0.026445   -0.048134  
      2.179797  2.331320  2.445904    -0.015799   -0.026467   -0.048134  
      1.215533  0.703800  0.058760    -0.015835   -0.026445   -0.048134  
     -0.471694  0.551678  2.552565    -0.015798   -0.026467   -0.048133  
      2.117201 -0.856517  2.496520    -0.015767   -0.026590   -0.048226  
 
