 Eigenvectors and eigenvalues of the dynamical matrix
 ----------------------------------------------------
 
 
   1 f  =   15.415119 THz    96.856050 2PiTHz  514.193028 cm-1    63.751782 meV
             X         Y         Z           dx          dy          dz
      0.000000  0.000000  0.000000     0.001883   -0.002947   -0.051756  
      2.724835 -0.010988  1.478672    -0.001884    0.002947    0.051757  
      1.130032  2.479491  1.478672    -0.000501    0.000784    0.013738  
      3.854866  2.468502 -0.000000     0.000501   -0.000783   -0.013740  
      2.075952  1.329357 -0.000000     0.057253   -0.089413   -0.072884  
     -0.648882  1.340345  1.478672     0.052444   -0.081891    0.059130  
      1.778914  1.139146  2.957345    -0.052442    0.081889   -0.059136  
      2.908946  3.618636  1.478672    -0.057255    0.089411    0.072894  
 
   2 f  =   15.415090 THz    96.855867 2PiTHz  514.192053 cm-1    63.751661 meV
             X         Y         Z           dx          dy          dz
      0.000000  0.000000  0.000000    -0.027877    0.043563   -0.003499  
      2.724835 -0.010988  1.478672     0.027877   -0.043561    0.003501  
      1.130032  2.479491  1.478672     0.007407   -0.011580    0.000929  
      3.854866  2.468502 -0.000000    -0.007407    0.011579   -0.000930  
      2.075952  1.329357 -0.000000    -0.031880    0.049804    0.097244  
     -0.648882  1.340345  1.478672     0.039299   -0.061386    0.106171  
      1.778914  1.139146  2.957345    -0.039304    0.061397   -0.106171  
      2.908946  3.618636  1.478672     0.031885   -0.049812   -0.097243  
 
   3 f  =   15.159990 THz    95.253027 2PiTHz  505.682839 cm-1    62.696653 meV
             X         Y         Z           dx          dy          dz
      0.000000  0.000000  0.000000     0.092004    0.058931   -0.000001  
      2.724835 -0.010988  1.478672    -0.092004   -0.058931    0.000001  
      1.130032  2.479491  1.478672    -0.008494   -0.005436    0.000000  
      3.854866  2.468502 -0.000000     0.008494    0.005436   -0.000000  
      2.075952  1.329357 -0.000000     0.095550    0.061174   -0.000010  
     -0.648882  1.340345  1.478672    -0.095550   -0.061176   -0.000012  
      1.778914  1.139146  2.957345     0.095510    0.061154    0.000008  
      2.908946  3.618636  1.478672    -0.095513   -0.061149    0.000014  
 
   4 f  =   14.086688 THz    88.509268 2PiTHz  469.881320 cm-1    58.257833 meV
             X         Y         Z           dx          dy          dz
      0.000000  0.000000  0.000000     0.000400   -0.000626    0.079493  
      2.724835 -0.010988  1.478672     0.000398   -0.000620    0.079494  
      1.130032  2.479491  1.478672     0.000084   -0.000132    0.016843  
      3.854866  2.468502 -0.000000     0.000085   -0.000132    0.016844  
      2.075952  1.329357 -0.000000     0.059236   -0.092515   -0.040074  
     -0.648882  1.340345  1.478672    -0.059650    0.093158   -0.042126  
      1.778914  1.139146  2.957345    -0.059650    0.093158   -0.042117  
      2.908946  3.618636  1.478672     0.059237   -0.092512   -0.040063  
 
   5 f  =   14.086414 THz    88.507550 2PiTHz  469.872196 cm-1    58.256701 meV
             X         Y         Z           dx          dy          dz
      0.000000  0.000000  0.000000     0.042839   -0.066914   -0.000739  
      2.724835 -0.010988  1.478672     0.042842   -0.066910   -0.000742  
      1.130032  2.479491  1.478672     0.009090   -0.014196   -0.000157  
      3.854866  2.468502 -0.000000     0.009089   -0.014196   -0.000157  
      2.075952  1.329357 -0.000000    -0.022727    0.035479    0.110619  
     -0.648882  1.340345  1.478672    -0.021613    0.033754   -0.109854  
      1.778914  1.139146  2.957345    -0.021608    0.033748   -0.109854  
      2.908946  3.618636  1.478672    -0.022715    0.035477    0.110620  
 
   6 f  =   13.371954 THz    84.018465 2PiTHz  446.040376 cm-1    55.301934 meV
             X         Y         Z           dx          dy          dz
      0.000000  0.000000  0.000000    -0.000021   -0.000015    0.000003  
      2.724835 -0.010988  1.478672     0.000022    0.000012    0.000005  
      1.130032  2.479491  1.478672     0.000009    0.000005    0.000001  
      3.854866  2.468502 -0.000000    -0.000009   -0.000006    0.000001  
      2.075952  1.329357 -0.000000     0.105252    0.067398   -0.000001  
     -0.648882  1.340345  1.478672    -0.105253   -0.067397   -0.000003  
      1.778914  1.139146  2.957345    -0.105285   -0.067413   -0.000004  
      2.908946  3.618636  1.478672     0.105284    0.067415    0.000001  
 
   7 f  =   12.874670 THz    80.893940 2PiTHz  429.452777 cm-1    53.245334 meV
             X         Y         Z           dx          dy          dz
      0.000000  0.000000  0.000000     0.000006    0.000000    0.000003  
      2.724835 -0.010988  1.478672     0.000004    0.000002    0.000003  
      1.130032  2.479491  1.478672    -0.000006   -0.000004   -0.000000  
      3.854866  2.468502 -0.000000    -0.000005   -0.000003   -0.000000  
      2.075952  1.329357 -0.000000     0.105274    0.067414    0.000003  
     -0.648882  1.340345  1.478672     0.105273    0.067414   -0.000003  
      1.778914  1.139146  2.957345    -0.105260   -0.067404   -0.000001  
      2.908946  3.618636  1.478672    -0.105260   -0.067404    0.000002  
 
   8 f  =   11.595413 THz    72.856126 2PiTHz  386.781332 cm-1    47.954752 meV
             X         Y         Z           dx          dy          dz
      0.000000  0.000000  0.000000     0.133050   -0.207764    0.000207  
      2.724835 -0.010988  1.478672    -0.133052    0.207768   -0.000208  
      1.130032  2.479491  1.478672     0.018370   -0.028729    0.000029  
      3.854866  2.468502 -0.000000    -0.018370    0.028728   -0.000028  
      2.075952  1.329357 -0.000000    -0.013591    0.021234    0.004620  
     -0.648882  1.340345  1.478672     0.013595   -0.021240    0.004664  
      1.778914  1.139146  2.957345    -0.013593    0.021240   -0.004663  
      2.908946  3.618636  1.478672     0.013590   -0.021232   -0.004622  
 
   9 f  =   11.595121 THz    72.854291 2PiTHz  386.771588 cm-1    47.953544 meV
             X         Y         Z           dx          dy          dz
      0.000000  0.000000  0.000000     0.000116   -0.000178   -0.246699  
      2.724835 -0.010988  1.478672    -0.000107    0.000172    0.246684  
      1.130032  2.479491  1.478672     0.000013   -0.000024   -0.034107  
      3.854866  2.468502 -0.000000    -0.000018    0.000024    0.034110  
      2.075952  1.329357 -0.000000    -0.002511    0.003925    0.025254  
     -0.648882  1.340345  1.478672    -0.002488    0.003890   -0.025247  
      1.778914  1.139146  2.957345     0.002493   -0.003888    0.025246  
      2.908946  3.618636  1.478672     0.002515   -0.003924   -0.025255  
 
  10 f  =   11.375000 THz    71.471232 2PiTHz  379.429152 cm-1    47.043198 meV
             X         Y         Z           dx          dy          dz
      0.000000  0.000000  0.000000    -0.032355   -0.020848    0.000033  
      2.724835 -0.010988  1.478672     0.032422    0.020744    0.000031  
      1.130032  2.479491  1.478672     0.086610    0.055468   -0.000006  
      3.854866  2.468502 -0.000000    -0.086624   -0.055446   -0.000007  
      2.075952  1.329357 -0.000000     0.017644    0.011307    0.000003  
     -0.648882  1.340345  1.478672    -0.017638   -0.011316    0.000013  
      1.778914  1.139146  2.957345     0.017664    0.011315    0.000001  
      2.908946  3.618636  1.478672    -0.017660   -0.011324   -0.000009  
 
  11 f  =   11.271614 THz    70.821640 2PiTHz  375.980575 cm-1    46.615629 meV
             X         Y         Z           dx          dy          dz
      0.000000  0.000000  0.000000    -0.124048    0.193772   -0.000165  
      2.724835 -0.010988  1.478672    -0.124027    0.193782   -0.000157  
      1.130032  2.479491  1.478672     0.026276   -0.041050    0.000033  
      3.854866  2.468502 -0.000000     0.026229   -0.041081    0.000035  
      2.075952  1.329357 -0.000000    -0.009686    0.015213    0.019115  
     -0.648882  1.340345  1.478672    -0.009710    0.015231   -0.019141  
      1.778914  1.139146  2.957345    -0.009701    0.015236   -0.019136  
      2.908946  3.618636  1.478672    -0.009697    0.015210    0.019111  
 
  12 f  =   11.271010 THz    70.817844 2PiTHz  375.960424 cm-1    46.613131 meV
             X         Y         Z           dx          dy          dz
      0.000000  0.000000  0.000000    -0.000082    0.000140    0.230018  
      2.724835 -0.010988  1.478672    -0.000092    0.000132    0.230033  
      1.130032  2.479491  1.478672     0.000007   -0.000037   -0.048766  
      3.854866  2.468502 -0.000000     0.000030   -0.000021   -0.048764  
      2.075952  1.329357 -0.000000    -0.010324    0.016114    0.018111  
     -0.648882  1.340345  1.478672     0.010309   -0.016094    0.018080  
      1.778914  1.139146  2.957345     0.010304   -0.016093    0.018086  
      2.908946  3.618636  1.478672    -0.010315    0.016115    0.018110  
 
  13 f  =   11.128977 THz    69.925422 2PiTHz  371.222700 cm-1    46.025728 meV
             X         Y         Z           dx          dy          dz
      0.000000  0.000000  0.000000     0.054647    0.034858    0.000007  
      2.724835 -0.010988  1.478672     0.054648    0.034856   -0.000008  
      1.130032  2.479491  1.478672    -0.060390   -0.038641    0.000002  
      3.854866  2.468502 -0.000000    -0.060390   -0.038641   -0.000002  
      2.075952  1.329357 -0.000000     0.072848    0.046633   -0.000009  
     -0.648882  1.340345  1.478672     0.072846    0.046637    0.000009  
      1.778914  1.139146  2.957345     0.072866    0.046649    0.000009  
      2.908946  3.618636  1.478672     0.072865    0.046651   -0.000009  
 
  14 f  =    9.170940 THz    57.622712 2PiTHz  305.909614 cm-1    37.927941 meV
             X         Y         Z           dx          dy          dz
      0.000000  0.000000  0.000000    -0.042185    0.065844    0.000674  
      2.724835 -0.010988  1.478672    -0.042184    0.065845    0.000669  
      1.130032  2.479491  1.478672    -0.026994    0.042154    0.000430  
      3.854866  2.468502 -0.000000    -0.026995    0.042157    0.000430  
      2.075952  1.329357 -0.000000     0.046935   -0.073293    0.054983  
     -0.648882  1.340345  1.478672     0.047448   -0.074097   -0.056482  
      1.778914  1.139146  2.957345     0.047452   -0.074101   -0.056480  
      2.908946  3.618636  1.478672     0.046935   -0.073292    0.054974  
 
  15 f  =    9.170347 THz    57.618988 2PiTHz  305.889840 cm-1    37.925490 meV
             X         Y         Z           dx          dy          dz
      0.000000  0.000000  0.000000    -0.000360    0.000560   -0.078300  
      2.724835 -0.010988  1.478672    -0.000366    0.000571   -0.078302  
      1.130032  2.479491  1.478672    -0.000232    0.000363   -0.050036  
      3.854866  2.468502 -0.000000    -0.000231    0.000361   -0.050031  
      2.075952  1.329357 -0.000000     0.030463   -0.047570    0.087988  
     -0.648882  1.340345  1.478672    -0.029654    0.046307    0.087034  
      1.778914  1.139146  2.957345    -0.029645    0.046294    0.087027  
      2.908946  3.618636  1.478672     0.030457   -0.047562    0.087987  
 
  16 f  =    8.542053 THz    53.671299 2PiTHz  284.932205 cm-1    35.327075 meV
             X         Y         Z           dx          dy          dz
      0.000000  0.000000  0.000000    -0.036414    0.056832    0.001860  
      2.724835 -0.010988  1.478672     0.036412   -0.056830   -0.001880  
      1.130032  2.479491  1.478672     0.020022   -0.031273   -0.001029  
      3.854866  2.468502 -0.000000    -0.020024    0.031273    0.001025  
      2.075952  1.329357 -0.000000    -0.045976    0.071802   -0.068769  
     -0.648882  1.340345  1.478672     0.048105   -0.075123   -0.073602  
      1.778914  1.139146  2.957345    -0.048101    0.075125    0.073611  
      2.908946  3.618636  1.478672     0.045978   -0.071807    0.068781  
 
  17 f  =    8.541600 THz    53.668457 2PiTHz  284.917117 cm-1    35.325204 meV
             X         Y         Z           dx          dy          dz
      0.000000  0.000000  0.000000     0.001013   -0.001577    0.067553  
      2.724835 -0.010988  1.478672    -0.001003    0.001570   -0.067555  
      1.130032  2.479491  1.478672    -0.000554    0.000866   -0.037108  
      3.854866  2.468502 -0.000000     0.000555   -0.000866    0.037108  
      2.075952  1.329357 -0.000000     0.039693   -0.061987    0.089210  
     -0.648882  1.340345  1.478672     0.037087   -0.057919   -0.085267  
      1.778914  1.139146  2.957345    -0.037092    0.057920    0.085267  
      2.908946  3.618636  1.478672    -0.039695    0.061988   -0.089207  
 
  18 f  =    6.986776 THz    43.899207 2PiTHz  233.053755 cm-1    28.894970 meV
             X         Y         Z           dx          dy          dz
      0.000000  0.000000  0.000000    -0.030534    0.047725    0.001056  
      2.724835 -0.010988  1.478672     0.030534   -0.047729   -0.001053  
      1.130032  2.479491  1.478672     0.049388   -0.077120   -0.001704  
      3.854866  2.468502 -0.000000    -0.049387    0.077119    0.001705  
      2.075952  1.329357 -0.000000     0.029385   -0.045901    0.010801  
     -0.648882  1.340345  1.478672    -0.029625    0.046273    0.012839  
      1.778914  1.139146  2.957345     0.029621   -0.046271   -0.012838  
      2.908946  3.618636  1.478672    -0.029387    0.045904   -0.010805  
 
  19 f  =    6.986669 THz    43.898535 2PiTHz  233.050185 cm-1    28.894527 meV
             X         Y         Z           dx          dy          dz
      0.000000  0.000000  0.000000     0.000568   -0.000887    0.056664  
      2.724835 -0.010988  1.478672    -0.000569    0.000889   -0.056661  
      1.130032  2.479491  1.478672    -0.000920    0.001435   -0.091585  
      3.854866  2.468502 -0.000000     0.000918   -0.001435    0.091587  
      2.075952  1.329357 -0.000000    -0.006917    0.010803   -0.054929  
     -0.648882  1.340345  1.478672    -0.005816    0.009085    0.054484  
      1.778914  1.139146  2.957345     0.005821   -0.009088   -0.054488  
      2.908946  3.618636  1.478672     0.006917   -0.010801    0.054924  
 
  20 f  =    5.031380 THz    31.613094 2PiTHz  167.828778 cm-1    20.808107 meV
             X         Y         Z           dx          dy          dz
      0.000000  0.000000  0.000000    -0.202656   -0.129759    0.000001  
      2.724835 -0.010988  1.478672     0.202659    0.129760    0.000001  
      1.130032  2.479491  1.478672    -0.017707   -0.011345   -0.000000  
      3.854866  2.468502 -0.000000     0.017706    0.011346    0.000000  
      2.075952  1.329357 -0.000000     0.040553    0.025955    0.000006  
     -0.648882  1.340345  1.478672    -0.040554   -0.025954    0.000008  
      1.778914  1.139146  2.957345     0.040555    0.025955   -0.000007  
      2.908946  3.618636  1.478672    -0.040557   -0.025955   -0.000007  
 
  21 f  =    4.486377 THz    28.188736 2PiTHz  149.649416 cm-1    18.554155 meV
             X         Y         Z           dx          dy          dz
      0.000000  0.000000  0.000000     0.208358    0.133409   -0.000001  
      2.724835 -0.010988  1.478672     0.208355    0.133407   -0.000000  
      1.130032  2.479491  1.478672    -0.004383   -0.002810   -0.000000  
      3.854866  2.468502 -0.000000    -0.004383   -0.002809   -0.000000  
      2.075952  1.329357 -0.000000    -0.039296   -0.025177    0.000003  
     -0.648882  1.340345  1.478672    -0.039295   -0.025177   -0.000004  
      1.778914  1.139146  2.957345    -0.039296   -0.025179   -0.000006  
      2.908946  3.618636  1.478672    -0.039295   -0.025179    0.000007  
 
  22 fi =    0.003052 THz     0.019176 2PiTHz    0.101801 cm-1     0.012622 meV
             X         Y         Z           dx          dy          dz
      0.000000  0.000000  0.000000    -0.032900    0.069841   -0.001647  
      2.724835 -0.010988  1.478672    -0.032901    0.069840   -0.001647  
      1.130032  2.479491  1.478672    -0.032867    0.069809   -0.001646  
      3.854866  2.468502 -0.000000    -0.032868    0.069809   -0.001646  
      2.075952  1.329357 -0.000000    -0.032847    0.069781   -0.001637  
     -0.648882  1.340345  1.478672    -0.032846    0.069781   -0.001654  
      1.778914  1.139146  2.957345    -0.032847    0.069781   -0.001654  
      2.908946  3.618636  1.478672    -0.032846    0.069781   -0.001637  
 
  23 fi =    0.003427 THz     0.021535 2PiTHz    0.114325 cm-1     0.014174 meV
             X         Y         Z           dx          dy          dz
      0.000000  0.000000  0.000000    -0.000546    0.001564    0.077206  
      2.724835 -0.010988  1.478672    -0.000546    0.001564    0.077207  
      1.130032  2.479491  1.478672    -0.000545    0.001563    0.077162  
      3.854866  2.468502 -0.000000    -0.000545    0.001563    0.077162  
      2.075952  1.329357 -0.000000    -0.000551    0.001571    0.077119  
     -0.648882  1.340345  1.478672    -0.000540    0.001553    0.077120  
      1.778914  1.139146  2.957345    -0.000539    0.001554    0.077119  
      2.908946  3.618636  1.478672    -0.000550    0.001571    0.077120  
 
  24 fi =    0.004832 THz     0.030363 2PiTHz    0.161191 cm-1     0.019985 meV
             X         Y         Z           dx          dy          dz
      0.000000  0.000000  0.000000     0.069604    0.032723   -0.000173  
      2.724835 -0.010988  1.478672     0.069604    0.032723   -0.000172  
      1.130032  2.479491  1.478672     0.069819    0.032866   -0.000172  
      3.854866  2.468502 -0.000000     0.069819    0.032866   -0.000173  
      2.075952  1.329357 -0.000000     0.069863    0.032899   -0.000171  
     -0.648882  1.340345  1.478672     0.069863    0.032899   -0.000174  
      1.778914  1.139146  2.957345     0.069864    0.032899   -0.000174  
      2.908946  3.618636  1.478672     0.069864    0.032898   -0.000171  
 
