 Eigenvectors and eigenvalues of the dynamical matrix
 ----------------------------------------------------
 
 
   1 f  =   31.633892 THz   198.761606 2PiTHz 1055.193058 cm-1   130.827207 meV
             X         Y         Z           dx          dy          dz
      0.012930  0.844093  4.606177     0.000000   -0.000000   -0.005804  
      2.407854  1.800505 -0.000000     0.000000    0.000000    0.005810  
      0.061554  3.512387  3.082766    -0.013834    0.007288    0.035754  
      2.456478 -0.867788  1.523411    -0.013823   -0.007270   -0.035722  
      2.456478  1.776801  3.082766     0.013823    0.007270   -0.035723  
      0.061554  0.867798  1.523411     0.013834   -0.007288    0.035755  
      1.798722  3.388796  2.796485     0.005650    0.016406   -0.012866  
      4.193647 -0.744197  1.809693     0.005654   -0.016414    0.012884  
      4.458506  1.472751 -0.000000    -0.000001    0.000001   -0.169369  
      2.063582  1.171848  4.606177    -0.000000    0.000000    0.169199  
      1.798722  0.744196  1.809693    -0.005650   -0.016404   -0.012864  
      4.193647  1.900402  2.796485    -0.005654    0.016412    0.012883  
 
   2 f  =   31.601426 THz   198.557613 2PiTHz 1054.110094 cm-1   130.692936 meV
             X         Y         Z           dx          dy          dz
      0.012930  0.844093  4.606177    -0.000000    0.000000   -0.006584  
      2.407854  1.800505 -0.000000    -0.000000    0.000000   -0.006578  
      0.061554  3.512387  3.082766     0.010988   -0.017760   -0.032056  
      2.456478 -0.867788  1.523411    -0.011002   -0.017768   -0.032092  
      2.456478  1.776801  3.082766     0.011003    0.017767   -0.032093  
      0.061554  0.867798  1.523411    -0.010989    0.017760   -0.032058  
      1.798722  3.388796  2.796485     0.004557    0.007129   -0.019080  
      4.193647 -0.744197  1.809693    -0.004552    0.007114   -0.019068  
      4.458506  1.472751 -0.000000     0.000001   -0.000001    0.170037  
      2.063582  1.171848  4.606177    -0.000001    0.000001    0.170206  
      1.798722  0.744196  1.809693    -0.004557   -0.007128   -0.019079  
      4.193647  1.900402  2.796485     0.004552   -0.007113   -0.019067  
 
   3 f  =   26.874552 THz   168.857793 2PiTHz  896.438575 cm-1   111.144168 meV
             X         Y         Z           dx          dy          dz
      0.012930  0.844093  4.606177     0.000000   -0.000001    0.002166  
      2.407854  1.800505 -0.000000     0.000000   -0.000001    0.002167  
      0.061554  3.512387  3.082766    -0.023195    0.002934   -0.021974  
      2.456478 -0.867788  1.523411     0.023188    0.002939   -0.021967  
      2.456478  1.776801  3.082766    -0.023177   -0.002948   -0.021994  
      0.061554  0.867798  1.523411     0.023184   -0.002943   -0.022002  
      1.798722  3.388796  2.796485     0.039832   -0.112109    0.040062  
      4.193647 -0.744197  1.809693    -0.039818   -0.112140    0.040082  
      4.458506  1.472751 -0.000000    -0.000002   -0.000011    0.006910  
      2.063582  1.171848  4.606177     0.000003   -0.000010    0.006903  
      1.798722  0.744196  1.809693    -0.039751    0.112137    0.040115  
      4.193647  1.900402  2.796485     0.039736    0.112167    0.040135  
 
   4 f  =   26.684505 THz   167.663688 2PiTHz  890.099267 cm-1   110.358194 meV
             X         Y         Z           dx          dy          dz
      0.012930  0.844093  4.606177    -0.001538    0.003901   -0.000000  
      2.407854  1.800505 -0.000000     0.001538    0.003901   -0.000001  
      0.061554  3.512387  3.082766     0.014052   -0.006738   -0.029192  
      2.456478 -0.867788  1.523411    -0.014052   -0.006741   -0.029193  
      2.456478  1.776801  3.082766    -0.014069   -0.006738    0.029176  
      0.061554  0.867798  1.523411     0.014068   -0.006738    0.029177  
      1.798722  3.388796  2.796485    -0.117078    0.002502    0.041373  
      4.193647 -0.744197  1.809693     0.117080    0.002505    0.041374  
      4.458506  1.472751 -0.000000     0.007360    0.019991    0.000002  
      2.063582  1.171848  4.606177    -0.007360    0.019991    0.000002  
      1.798722  0.744196  1.809693    -0.117112    0.002594   -0.041340  
      4.193647  1.900402  2.796485     0.117113    0.002584   -0.041346  
 
   5 f  =   26.611693 THz   167.206198 2PiTHz  887.670528 cm-1   110.057069 meV
             X         Y         Z           dx          dy          dz
      0.012930  0.844093  4.606177    -0.000000    0.000001   -0.005069  
      2.407854  1.800505 -0.000000    -0.000000   -0.000000    0.005069  
      0.061554  3.512387  3.082766    -0.022149   -0.015445   -0.022635  
      2.456478 -0.867788  1.523411    -0.022157    0.015443    0.022641  
      2.456478  1.776801  3.082766     0.022158   -0.015430    0.022647  
      0.061554  0.867798  1.523411     0.022151    0.015431   -0.022637  
      1.798722  3.388796  2.796485     0.038127    0.101116   -0.059490  
      4.193647 -0.744197  1.809693     0.038143   -0.101079    0.059476  
      4.458506  1.472751 -0.000000     0.000002   -0.000006    0.016708  
      2.063582  1.171848  4.606177     0.000001    0.000006   -0.016708  
      1.798722  0.744196  1.809693    -0.038139   -0.101153   -0.059523  
      4.193647  1.900402  2.796485    -0.038142    0.101118    0.059506  
 
   6 f  =   25.553784 THz   160.559158 2PiTHz  852.382474 cm-1   105.681910 meV
             X         Y         Z           dx          dy          dz
      0.012930  0.844093  4.606177    -0.000510    0.001652    0.000001  
      2.407854  1.800505 -0.000000    -0.000510   -0.001652   -0.000001  
      0.061554  3.512387  3.082766     0.016006   -0.033537    0.000142  
      2.456478 -0.867788  1.523411     0.016006    0.033539   -0.000143  
      2.456478  1.776801  3.082766     0.015995    0.033543    0.000134  
      0.061554  0.867798  1.523411     0.015996   -0.033541   -0.000133  
      1.798722  3.388796  2.796485    -0.032805   -0.086391    0.079889  
      4.193647 -0.744197  1.809693    -0.032803    0.086387   -0.079885  
      4.458506  1.472751 -0.000000     0.001653   -0.018353   -0.000005  
      2.063582  1.171848  4.606177     0.001651    0.018352    0.000005  
      1.798722  0.744196  1.809693    -0.032774   -0.086359   -0.079864  
      4.193647  1.900402  2.796485    -0.032770    0.086355    0.079859  
 
   7 f  =   24.905807 THz   156.487803 2PiTHz  830.768309 cm-1   103.002096 meV
             X         Y         Z           dx          dy          dz
      0.012930  0.844093  4.606177    -0.003677    0.003414   -0.000000  
      2.407854  1.800505 -0.000000     0.003677    0.003414   -0.000000  
      0.061554  3.512387  3.082766     0.001186   -0.047354    0.008244  
      2.456478 -0.867788  1.523411    -0.001183   -0.047353    0.008243  
      2.456478  1.776801  3.082766    -0.001183   -0.047343   -0.008226  
      0.061554  0.867798  1.523411     0.001185   -0.047343   -0.008226  
      1.798722  3.388796  2.796485    -0.017364    0.097597   -0.057992  
      4.193647 -0.744197  1.809693     0.017355    0.097597   -0.057998  
      4.458506  1.472751 -0.000000    -0.003220   -0.006907   -0.000002  
      2.063582  1.171848  4.606177     0.003222   -0.006905   -0.000002  
      1.798722  0.744196  1.809693    -0.017387    0.097557    0.057961  
      4.193647  1.900402  2.796485     0.017382    0.097558    0.057964  
 
   8 f  =   24.692226 THz   155.145832 2PiTHz  823.644006 cm-1   102.118796 meV
             X         Y         Z           dx          dy          dz
      0.012930  0.844093  4.606177    -0.000000    0.000000    0.004373  
      2.407854  1.800505 -0.000000     0.000001   -0.000001   -0.004373  
      0.061554  3.512387  3.082766    -0.019383    0.028286   -0.003186  
      2.456478 -0.867788  1.523411    -0.019380   -0.028287    0.003188  
      2.456478  1.776801  3.082766     0.019400    0.028286    0.003185  
      0.061554  0.867798  1.523411     0.019397   -0.028287   -0.003186  
      1.798722  3.388796  2.796485     0.108075   -0.056549   -0.023555  
      4.193647 -0.744197  1.809693     0.108072    0.056553    0.023552  
      4.458506  1.472751 -0.000000     0.000001   -0.000000    0.008298  
      2.063582  1.171848  4.606177    -0.000000   -0.000000   -0.008298  
      1.798722  0.744196  1.809693    -0.108108    0.056556   -0.023570  
      4.193647  1.900402  2.796485    -0.108109   -0.056556    0.023569  
 
   9 f  =   24.433522 THz   153.520347 2PiTHz  815.014570 cm-1   101.048883 meV
             X         Y         Z           dx          dy          dz
      0.012930  0.844093  4.606177     0.000000   -0.000000   -0.000061  
      2.407854  1.800505 -0.000000    -0.000000   -0.000000   -0.000061  
      0.061554  3.512387  3.082766     0.020798    0.019641   -0.029558  
      2.456478 -0.867788  1.523411    -0.020801    0.019641   -0.029557  
      2.456478  1.776801  3.082766     0.020796   -0.019657   -0.029562  
      0.061554  0.867798  1.523411    -0.020796   -0.019658   -0.029563  
      1.798722  3.388796  2.796485    -0.104042   -0.011700    0.059144  
      4.193647 -0.744197  1.809693     0.104048   -0.011700    0.059146  
      4.458506  1.472751 -0.000000    -0.000000   -0.000002    0.000294  
      2.063582  1.171848  4.606177     0.000000   -0.000001    0.000295  
      1.798722  0.744196  1.809693     0.104035    0.011732    0.059164  
      4.193647  1.900402  2.796485    -0.104035    0.011737    0.059166  
 
  10 f  =   23.791215 THz   149.484610 2PiTHz  793.589495 cm-1    98.392513 meV
             X         Y         Z           dx          dy          dz
      0.012930  0.844093  4.606177     0.000291    0.002721   -0.000001  
      2.407854  1.800505 -0.000000     0.000291   -0.002721    0.000001  
      0.061554  3.512387  3.082766     0.048228    0.010049   -0.020946  
      2.456478 -0.867788  1.523411     0.048226   -0.010047    0.020943  
      2.456478  1.776801  3.082766     0.048222   -0.010055   -0.020943  
      0.061554  0.867798  1.523411     0.048222    0.010057    0.020943  
      1.798722  3.388796  2.796485    -0.093528    0.053298    0.011568  
      4.193647 -0.744197  1.809693    -0.093526   -0.053303   -0.011563  
      4.458506  1.472751 -0.000000    -0.006551    0.027102   -0.000000  
      2.063582  1.171848  4.606177    -0.006550   -0.027100    0.000000  
      1.798722  0.744196  1.809693    -0.093494    0.053272   -0.011566  
      4.193647  1.900402  2.796485    -0.093500   -0.053276    0.011565  
 
  11 f  =   22.797191 THz   143.238974 2PiTHz  760.432429 cm-1    94.281563 meV
             X         Y         Z           dx          dy          dz
      0.012930  0.844093  4.606177    -0.003032   -0.001755    0.000000  
      2.407854  1.800505 -0.000000    -0.003033    0.001753   -0.000000  
      0.061554  3.512387  3.082766     0.002175    0.027295    0.069416  
      2.456478 -0.867788  1.523411     0.002174   -0.027294   -0.069416  
      2.456478  1.776801  3.082766     0.002171   -0.027294    0.069417  
      0.061554  0.867798  1.523411     0.002171    0.027294   -0.069416  
      1.798722  3.388796  2.796485    -0.029923    0.011848    0.011426  
      4.193647 -0.744197  1.809693    -0.029923   -0.011850   -0.011426  
      4.458506  1.472751 -0.000000     0.052662   -0.090888   -0.000003  
      2.063582  1.171848  4.606177     0.052665    0.090891    0.000001  
      1.798722  0.744196  1.809693    -0.029914    0.011846   -0.011424  
      4.193647  1.900402  2.796485    -0.029916   -0.011849    0.011423  
 
  12 f  =   21.494387 THz   135.053217 2PiTHz  716.975579 cm-1    88.893602 meV
             X         Y         Z           dx          dy          dz
      0.012930  0.844093  4.606177    -0.008497    0.003283    0.000004  
      2.407854  1.800505 -0.000000     0.008496    0.003283    0.000004  
      0.061554  3.512387  3.082766    -0.024059    0.023675    0.057946  
      2.456478 -0.867788  1.523411     0.024060    0.023674    0.057946  
      2.456478  1.776801  3.082766     0.024059    0.023668   -0.057945  
      0.061554  0.867798  1.523411    -0.024058    0.023671   -0.057944  
      1.798722  3.388796  2.796485    -0.048214   -0.006323   -0.016302  
      4.193647 -0.744197  1.809693     0.048212   -0.006327   -0.016304  
      4.458506  1.472751 -0.000000     0.072928   -0.083970   -0.000001  
      2.063582  1.171848  4.606177    -0.072928   -0.083965    0.000001  
      1.798722  0.744196  1.809693    -0.048213   -0.006330    0.016299  
      4.193647  1.900402  2.796485     0.048212   -0.006331    0.016298  
 
  13 f  =   19.886015 THz   124.947515 2PiTHz  663.326045 cm-1    82.241911 meV
             X         Y         Z           dx          dy          dz
      0.012930  0.844093  4.606177     0.039346   -0.009313    0.000004  
      2.407854  1.800505 -0.000000    -0.039346   -0.009312    0.000003  
      0.061554  3.512387  3.082766     0.082731    0.011624    0.029267  
      2.456478 -0.867788  1.523411    -0.082732    0.011622    0.029268  
      2.456478  1.776801  3.082766    -0.082735    0.011618   -0.029264  
      0.061554  0.867798  1.523411     0.082734    0.011614   -0.029265  
      1.798722  3.388796  2.796485    -0.007684   -0.011967   -0.023725  
      4.193647 -0.744197  1.809693     0.007687   -0.011964   -0.023719  
      4.458506  1.472751 -0.000000    -0.040011   -0.018023    0.000003  
      2.063582  1.171848  4.606177     0.040012   -0.018026    0.000002  
      1.798722  0.744196  1.809693    -0.007687   -0.011963    0.023709  
      4.193647  1.900402  2.796485     0.007686   -0.011964    0.023713  
 
  14 f  =   17.730008 THz   111.400928 2PiTHz  591.409422 cm-1    73.325390 meV
             X         Y         Z           dx          dy          dz
      0.012930  0.844093  4.606177     0.000001   -0.000002    0.004671  
      2.407854  1.800505 -0.000000    -0.000001   -0.000002    0.004673  
      0.061554  3.512387  3.082766     0.030110   -0.082233    0.010450  
      2.456478 -0.867788  1.523411    -0.030116   -0.082222    0.010445  
      2.456478  1.776801  3.082766     0.030113    0.082225    0.010436  
      0.061554  0.867798  1.523411    -0.030108    0.082236    0.010441  
      1.798722  3.388796  2.796485    -0.024951   -0.032987   -0.006316  
      4.193647 -0.744197  1.809693     0.024958   -0.032987   -0.006327  
      4.458506  1.472751 -0.000000    -0.000002   -0.000001   -0.031583  
      2.063582  1.171848  4.606177     0.000002   -0.000001   -0.031587  
      1.798722  0.744196  1.809693     0.024951    0.032983   -0.006316  
      4.193647  1.900402  2.796485    -0.024957    0.032983   -0.006326  
 
  15 f  =   17.595070 THz   110.553085 2PiTHz  586.908357 cm-1    72.767329 meV
             X         Y         Z           dx          dy          dz
      0.012930  0.844093  4.606177     0.000000   -0.000001    0.018354  
      2.407854  1.800505 -0.000000     0.000002    0.000001   -0.018353  
      0.061554  3.512387  3.082766     0.035273    0.065390   -0.031467  
      2.456478 -0.867788  1.523411     0.035271   -0.065405    0.031468  
      2.456478  1.776801  3.082766    -0.035268    0.065405    0.031470  
      0.061554  0.867798  1.523411    -0.035276   -0.065391   -0.031469  
      1.798722  3.388796  2.796485    -0.034268    0.002300   -0.057658  
      4.193647 -0.744197  1.809693    -0.034265   -0.002302    0.057662  
      4.458506  1.472751 -0.000000    -0.000000    0.000005   -0.020322  
      2.063582  1.171848  4.606177    -0.000004   -0.000005    0.020315  
      1.798722  0.744196  1.809693     0.034271   -0.002301   -0.057656  
      4.193647  1.900402  2.796485     0.034268    0.002306    0.057656  
 
  16 f  =   16.046771 THz   100.824837 2PiTHz  535.262674 cm-1    66.364084 meV
             X         Y         Z           dx          dy          dz
      0.012930  0.844093  4.606177     0.000007    0.000013    0.039177  
      2.407854  1.800505 -0.000000    -0.000008    0.000013    0.039176  
      0.061554  3.512387  3.082766    -0.017411   -0.030188   -0.037838  
      2.456478 -0.867788  1.523411     0.017411   -0.030187   -0.037839  
      2.456478  1.776801  3.082766    -0.017419    0.030189   -0.037836  
      0.061554  0.867798  1.523411     0.017421    0.030191   -0.037836  
      1.798722  3.388796  2.796485     0.040930    0.062660    0.078940  
      4.193647 -0.744197  1.809693    -0.040929    0.062659    0.078938  
      4.458506  1.472751 -0.000000     0.000002   -0.000013   -0.025728  
      2.063582  1.171848  4.606177    -0.000003   -0.000013   -0.025728  
      1.798722  0.744196  1.809693    -0.040926   -0.062659    0.078938  
      4.193647  1.900402  2.796485     0.040924   -0.062657    0.078934  
 
  17 f  =   15.953722 THz   100.240193 2PiTHz  532.158891 cm-1    65.979264 meV
             X         Y         Z           dx          dy          dz
      0.012930  0.844093  4.606177    -0.006713   -0.011389    0.000002  
      2.407854  1.800505 -0.000000    -0.006713    0.011383   -0.000002  
      0.061554  3.512387  3.082766    -0.015700    0.036677   -0.054328  
      2.456478 -0.867788  1.523411    -0.015702   -0.036679    0.054328  
      2.456478  1.776801  3.082766    -0.015705   -0.036673   -0.054329  
      0.061554  0.867798  1.523411    -0.015704    0.036672    0.054328  
      1.798722  3.388796  2.796485     0.017177    0.017822    0.052103  
      4.193647 -0.744197  1.809693     0.017177   -0.017823   -0.052103  
      4.458506  1.472751 -0.000000     0.031997   -0.098582    0.000000  
      2.063582  1.171848  4.606177     0.032000    0.098589   -0.000001  
      1.798722  0.744196  1.809693     0.017177    0.017818   -0.052102  
      4.193647  1.900402  2.796485     0.017177   -0.017819    0.052103  
 
  18 f  =   14.675434 THz    92.208470 2PiTHz  489.519780 cm-1    60.692690 meV
             X         Y         Z           dx          dy          dz
      0.012930  0.844093  4.606177     0.068736    0.152932   -0.000017  
      2.407854  1.800505 -0.000000    -0.068733    0.152930   -0.000015  
      0.061554  3.512387  3.082766     0.013512   -0.001611   -0.029689  
      2.456478 -0.867788  1.523411    -0.013516   -0.001613   -0.029689  
      2.456478  1.776801  3.082766    -0.013504   -0.001617    0.029697  
      0.061554  0.867798  1.523411     0.013504   -0.001615    0.029698  
      1.798722  3.388796  2.796485     0.022007    0.021042    0.030509  
      4.193647 -0.744197  1.809693    -0.022007    0.021040    0.030506  
      4.458506  1.472751 -0.000000     0.032400   -0.112207    0.000002  
      2.063582  1.171848  4.606177    -0.032394   -0.112205    0.000002  
      1.798722  0.744196  1.809693     0.022013    0.021057   -0.030520  
      4.193647  1.900402  2.796485    -0.022011    0.021053   -0.030515  
 
  19 f  =   13.334026 THz    83.780156 2PiTHz  444.775232 cm-1    55.145076 meV
             X         Y         Z           dx          dy          dz
      0.012930  0.844093  4.606177    -0.046772    0.052216    0.000006  
      2.407854  1.800505 -0.000000     0.046763    0.052263    0.000003  
      0.061554  3.512387  3.082766    -0.014754    0.021003   -0.033634  
      2.456478 -0.867788  1.523411     0.014755    0.020998   -0.033633  
      2.456478  1.776801  3.082766     0.014773    0.020996    0.033632  
      0.061554  0.867798  1.523411    -0.014773    0.020996    0.033632  
      1.798722  3.388796  2.796485    -0.026161   -0.033797   -0.087546  
      4.193647 -0.744197  1.809693     0.026161   -0.033796   -0.087548  
      4.458506  1.472751 -0.000000    -0.072475   -0.042813   -0.000001  
      2.063582  1.171848  4.606177     0.072479   -0.042819   -0.000002  
      1.798722  0.744196  1.809693    -0.026170   -0.033797    0.087549  
      4.193647  1.900402  2.796485     0.026169   -0.033793    0.087548  
 
  20 f  =   13.279084 THz    83.434943 2PiTHz  442.942552 cm-1    54.917853 meV
             X         Y         Z           dx          dy          dz
      0.012930  0.844093  4.606177    -0.047316   -0.249880    0.000003  
      2.407854  1.800505 -0.000000    -0.047325    0.249870   -0.000002  
      0.061554  3.512387  3.082766    -0.000899    0.011785    0.002439  
      2.456478 -0.867788  1.523411    -0.000902   -0.011789   -0.002434  
      2.456478  1.776801  3.082766    -0.000900   -0.011791    0.002435  
      0.061554  0.867798  1.523411    -0.000897    0.011787   -0.002441  
      1.798722  3.388796  2.796485    -0.000699   -0.008872    0.006047  
      4.193647 -0.744197  1.809693    -0.000705    0.008878   -0.006031  
      4.458506  1.472751 -0.000000     0.028725    0.041098   -0.000001  
      2.063582  1.171848  4.606177     0.028709   -0.041090    0.000001  
      1.798722  0.744196  1.809693    -0.000699   -0.008870   -0.006048  
      4.193647  1.900402  2.796485    -0.000703    0.008876    0.006032  
 
  21 f  =   12.934159 THz    81.267716 2PiTHz  431.437096 cm-1    53.491358 meV
             X         Y         Z           dx          dy          dz
      0.012930  0.844093  4.606177     0.000112   -0.000257   -0.047836  
      2.407854  1.800505 -0.000000     0.000112    0.000256    0.047842  
      0.061554  3.512387  3.082766     0.035066   -0.056205   -0.013288  
      2.456478 -0.867788  1.523411     0.035062    0.056207    0.013286  
      2.456478  1.776801  3.082766    -0.034698   -0.056590    0.013244  
      0.061554  0.867798  1.523411    -0.034704    0.056591   -0.013244  
      1.798722  3.388796  2.796485     0.001510   -0.049468   -0.072639  
      4.193647 -0.744197  1.809693     0.001508    0.049468    0.072638  
      4.458506  1.472751 -0.000000    -0.000794   -0.000423   -0.029999  
      2.063582  1.171848  4.606177    -0.000790    0.000420    0.029998  
      1.798722  0.744196  1.809693    -0.001504    0.048879   -0.072105  
      4.193647  1.900402  2.796485    -0.001501   -0.048880    0.072108  
 
  22 f  =   12.929577 THz    81.238929 2PiTHz  431.284272 cm-1    53.472411 meV
             X         Y         Z           dx          dy          dz
      0.012930  0.844093  4.606177     0.017439   -0.040781    0.000298  
      2.407854  1.800505 -0.000000     0.017433    0.040791   -0.000301  
      0.061554  3.512387  3.082766     0.028439    0.030532   -0.003060  
      2.456478 -0.867788  1.523411     0.028439   -0.030534    0.003062  
      2.456478  1.776801  3.082766     0.028880   -0.029817   -0.003231  
      0.061554  0.867798  1.523411     0.028882    0.029816    0.003231  
      1.798722  3.388796  2.796485     0.000609   -0.045892   -0.041371  
      4.193647 -0.744197  1.809693     0.000609    0.045892    0.041374  
      4.458506  1.472751 -0.000000    -0.125026   -0.065847    0.000192  
      2.063582  1.171848  4.606177    -0.125022    0.065846   -0.000191  
      1.798722  0.744196  1.809693     0.000628   -0.046518    0.042290  
      4.193647  1.900402  2.796485     0.000626    0.046520   -0.042294  
 
  23 f  =   12.542942 THz    78.809626 2PiTHz  418.387493 cm-1    51.873415 meV
             X         Y         Z           dx          dy          dz
      0.012930  0.844093  4.606177     0.000003   -0.000000    0.003781  
      2.407854  1.800505 -0.000000    -0.000002    0.000008   -0.003781  
      0.061554  3.512387  3.082766     0.073071    0.000974    0.026739  
      2.456478 -0.867788  1.523411     0.073052   -0.000969   -0.026738  
      2.456478  1.776801  3.082766    -0.073053    0.000972   -0.026738  
      0.061554  0.867798  1.523411    -0.073070   -0.000979    0.026735  
      1.798722  3.388796  2.796485     0.055316    0.041153    0.030648  
      4.193647 -0.744197  1.809693     0.055304   -0.041153   -0.030640  
      4.458506  1.472751 -0.000000    -0.000003    0.000002    0.005814  
      2.063582  1.171848  4.606177     0.000003   -0.000003   -0.005817  
      1.798722  0.744196  1.809693    -0.055315   -0.041152    0.030643  
      4.193647  1.900402  2.796485    -0.055305    0.041154   -0.030643  
 
  24 f  =   12.435015 THz    78.131505 2PiTHz  414.787461 cm-1    51.427068 meV
             X         Y         Z           dx          dy          dz
      0.012930  0.844093  4.606177    -0.000005    0.000006   -0.019562  
      2.407854  1.800505 -0.000000     0.000005    0.000007   -0.019560  
      0.061554  3.512387  3.082766    -0.081154   -0.022418    0.006938  
      2.456478 -0.867788  1.523411     0.081172   -0.022414    0.006934  
      2.456478  1.776801  3.082766    -0.081171    0.022420    0.006948  
      0.061554  0.867798  1.523411     0.081152    0.022422    0.006952  
      1.798722  3.388796  2.796485    -0.054983    0.004653   -0.016704  
      4.193647 -0.744197  1.809693     0.054995    0.004646   -0.016706  
      4.458506  1.472751 -0.000000     0.000002   -0.000007    0.015337  
      2.063582  1.171848  4.606177     0.000002   -0.000007    0.015339  
      1.798722  0.744196  1.809693     0.054979   -0.004659   -0.016683  
      4.193647  1.900402  2.796485    -0.054992   -0.004652   -0.016687  
 
  25 f  =   11.854514 THz    74.484107 2PiTHz  395.424020 cm-1    49.026308 meV
             X         Y         Z           dx          dy          dz
      0.012930  0.844093  4.606177     0.001900   -0.178000   -0.000032  
      2.407854  1.800505 -0.000000    -0.001898   -0.178001   -0.000024  
      0.061554  3.512387  3.082766     0.014236    0.023804   -0.040844  
      2.456478 -0.867788  1.523411    -0.014233    0.023800   -0.040848  
      2.456478  1.776801  3.082766    -0.014227    0.023803    0.040847  
      0.061554  0.867798  1.523411     0.014225    0.023804    0.040851  
      1.798722  3.388796  2.796485     0.011310    0.021071   -0.019845  
      4.193647 -0.744197  1.809693    -0.011307    0.021070   -0.019845  
      4.458506  1.472751 -0.000000     0.076032   -0.048521    0.000002  
      2.063582  1.171848  4.606177    -0.076038   -0.048519   -0.000001  
      1.798722  0.744196  1.809693     0.011303    0.021069    0.019853  
      4.193647  1.900402  2.796485    -0.011304    0.021073    0.019852  
 
  26 f  =   11.621077 THz    73.017382 2PiTHz  387.637411 cm-1    48.060892 meV
             X         Y         Z           dx          dy          dz
      0.012930  0.844093  4.606177     0.000001   -0.000013    0.254140  
      2.407854  1.800505 -0.000000     0.000001   -0.000014    0.254160  
      0.061554  3.512387  3.082766    -0.003627    0.003963   -0.013171  
      2.456478 -0.867788  1.523411     0.003627    0.003959   -0.013176  
      2.456478  1.776801  3.082766    -0.003630   -0.003957   -0.013160  
      0.061554  0.867798  1.523411     0.003630   -0.003958   -0.013157  
      1.798722  3.388796  2.796485    -0.010326   -0.007552   -0.032850  
      4.193647 -0.744197  1.809693     0.010327   -0.007554   -0.032852  
      4.458506  1.472751 -0.000000     0.000007   -0.000009   -0.008615  
      2.063582  1.171848  4.606177    -0.000012   -0.000010   -0.008620  
      1.798722  0.744196  1.809693     0.010333    0.007562   -0.032857  
      4.193647  1.900402  2.796485    -0.010331    0.007563   -0.032854  
 
  27 f  =   11.307222 THz    71.045371 2PiTHz  377.168329 cm-1    46.762892 meV
             X         Y         Z           dx          dy          dz
      0.012930  0.844093  4.606177    -0.000001    0.000001   -0.245107  
      2.407854  1.800505 -0.000000     0.000008    0.000008    0.245083  
      0.061554  3.512387  3.082766    -0.004472    0.018225    0.025672  
      2.456478 -0.867788  1.523411    -0.004472   -0.018227   -0.025670  
      2.456478  1.776801  3.082766     0.004470    0.018227   -0.025670  
      0.061554  0.867798  1.523411     0.004470   -0.018227    0.025670  
      1.798722  3.388796  2.796485    -0.008352    0.005281   -0.012272  
      4.193647 -0.744197  1.809693    -0.008352   -0.005282    0.012275  
      4.458506  1.472751 -0.000000     0.000002    0.000004    0.032894  
      2.063582  1.171848  4.606177     0.000002    0.000000   -0.032893  
      1.798722  0.744196  1.809693     0.008351   -0.005281   -0.012273  
      4.193647  1.900402  2.796485     0.008353    0.005278    0.012277  
 
  28 f  =   11.022920 THz    69.259049 2PiTHz  367.685035 cm-1    45.587114 meV
             X         Y         Z           dx          dy          dz
      0.012930  0.844093  4.606177    -0.234069    0.058773    0.000003  
      2.407854  1.800505 -0.000000     0.234075    0.058774   -0.000006  
      0.061554  3.512387  3.082766     0.024748   -0.006618   -0.002832  
      2.456478 -0.867788  1.523411    -0.024746   -0.006620   -0.002836  
      2.456478  1.776801  3.082766    -0.024744   -0.006621    0.002836  
      0.061554  0.867798  1.523411     0.024743   -0.006616    0.002832  
      1.798722  3.388796  2.796485     0.012624   -0.004222    0.002777  
      4.193647 -0.744197  1.809693    -0.012616   -0.004228    0.002764  
      4.458506  1.472751 -0.000000     0.059026    0.005579   -0.000001  
      2.063582  1.171848  4.606177    -0.059043    0.005573    0.000000  
      1.798722  0.744196  1.809693     0.012620   -0.004221   -0.002776  
      4.193647  1.900402  2.796485    -0.012615   -0.004227   -0.002763  
 
  29 f  =   10.654379 THz    66.943438 2PiTHz  355.391833 cm-1    44.062952 meV
             X         Y         Z           dx          dy          dz
      0.012930  0.844093  4.606177     0.016346    0.001501   -0.000005  
      2.407854  1.800505 -0.000000     0.016303   -0.001503   -0.000005  
      0.061554  3.512387  3.082766     0.002188    0.017055    0.025951  
      2.456478 -0.867788  1.523411     0.002193   -0.017055   -0.025950  
      2.456478  1.776801  3.082766     0.002191   -0.017058    0.025950  
      0.061554  0.867798  1.523411     0.002189    0.017058   -0.025951  
      1.798722  3.388796  2.796485     0.039138    0.042184    0.081888  
      4.193647 -0.744197  1.809693     0.039141   -0.042186   -0.081891  
      4.458506  1.472751 -0.000000    -0.095402    0.050528    0.000000  
      2.063582  1.171848  4.606177    -0.095398   -0.050522    0.000000  
      1.798722  0.744196  1.809693     0.039139    0.042185   -0.081889  
      4.193647  1.900402  2.796485     0.039141   -0.042188    0.081894  
 
  30 f  =    9.960149 THz    62.581464 2PiTHz  332.234823 cm-1    41.191850 meV
             X         Y         Z           dx          dy          dz
      0.012930  0.844093  4.606177    -0.089288   -0.072075   -0.000006  
      2.407854  1.800505 -0.000000     0.089436   -0.072050   -0.000003  
      0.061554  3.512387  3.082766    -0.007984    0.010543    0.008857  
      2.456478 -0.867788  1.523411     0.007968    0.010539    0.008857  
      2.456478  1.776801  3.082766     0.007966    0.010539   -0.008856  
      0.061554  0.867798  1.523411    -0.007977    0.010542   -0.008857  
      1.798722  3.388796  2.796485     0.001733    0.036664    0.054395  
      4.193647 -0.744197  1.809693    -0.001745    0.036663    0.054387  
      4.458506  1.472751 -0.000000    -0.114714   -0.079543    0.000001  
      2.063582  1.171848  4.606177     0.114711   -0.079552    0.000002  
      1.798722  0.744196  1.809693     0.001737    0.036663   -0.054394  
      4.193647  1.900402  2.796485    -0.001745    0.036662   -0.054388  
 
  31 f  =    9.894951 THz    62.171809 2PiTHz  330.060027 cm-1    40.922209 meV
             X         Y         Z           dx          dy          dz
      0.012930  0.844093  4.606177    -0.252443    0.044123   -0.000003  
      2.407854  1.800505 -0.000000    -0.252390   -0.044163    0.000003  
      0.061554  3.512387  3.082766     0.021545   -0.000520    0.001600  
      2.456478 -0.867788  1.523411     0.021549    0.000526   -0.001595  
      2.456478  1.776801  3.082766     0.021548    0.000527    0.001593  
      0.061554  0.867798  1.523411     0.021544   -0.000521   -0.001597  
      1.798722  3.388796  2.796485     0.021436    0.001071   -0.000387  
      4.193647 -0.744197  1.809693     0.021435   -0.001049    0.000419  
      4.458506  1.472751 -0.000000    -0.003081   -0.005611    0.000001  
      2.063582  1.171848  4.606177    -0.003016    0.005563   -0.000001  
      1.798722  0.744196  1.809693     0.021437    0.001071    0.000384  
      4.193647  1.900402  2.796485     0.021435   -0.001049   -0.000416  
 
  32 f  =    8.341973 THz    52.414161 2PiTHz  278.258262 cm-1    34.499612 meV
             X         Y         Z           dx          dy          dz
      0.012930  0.844093  4.606177    -0.000002   -0.000003   -0.092392  
      2.407854  1.800505 -0.000000    -0.000004    0.000003    0.092398  
      0.061554  3.512387  3.082766     0.004964   -0.004392   -0.067539  
      2.456478 -0.867788  1.523411     0.004962    0.004393    0.067539  
      2.456478  1.776801  3.082766    -0.004962   -0.004384    0.067538  
      0.061554  0.867798  1.523411    -0.004961    0.004384   -0.067537  
      1.798722  3.388796  2.796485     0.019501    0.004344    0.062791  
      4.193647 -0.744197  1.809693     0.019500   -0.004344   -0.062793  
      4.458506  1.472751 -0.000000    -0.000002   -0.000005   -0.065406  
      2.063582  1.171848  4.606177    -0.000004    0.000005    0.065406  
      1.798722  0.744196  1.809693    -0.019499   -0.004337    0.062791  
      4.193647  1.900402  2.796485    -0.019499    0.004338   -0.062791  
 
  33 f  =    7.665616 THz    48.164486 2PiTHz  255.697429 cm-1    31.702426 meV
             X         Y         Z           dx          dy          dz
      0.012930  0.844093  4.606177     0.001067   -0.071638    0.000006  
      2.407854  1.800505 -0.000000     0.001069    0.071635   -0.000005  
      0.061554  3.512387  3.082766     0.004780   -0.065152    0.000964  
      2.456478 -0.867788  1.523411     0.004779    0.065152   -0.000964  
      2.456478  1.776801  3.082766     0.004780    0.065154    0.000957  
      0.061554  0.867798  1.523411     0.004781   -0.065153   -0.000957  
      1.798722  3.388796  2.796485     0.009812    0.055709   -0.002064  
      4.193647 -0.744197  1.809693     0.009811   -0.055708    0.002065  
      4.458506  1.472751 -0.000000    -0.039455   -0.089734    0.000003  
      2.063582  1.171848  4.606177    -0.039453    0.089731   -0.000004  
      1.798722  0.744196  1.809693     0.009816    0.055711    0.002054  
      4.193647  1.900402  2.796485     0.009815   -0.055710   -0.002055  
 
  34 fi =    0.000727 THz     0.004567 2PiTHz    0.024248 cm-1     0.003006 meV
             X         Y         Z           dx          dy          dz
      0.012930  0.844093  4.606177     0.000220   -0.068948    0.000156  
      2.407854  1.800505 -0.000000     0.000219   -0.068947    0.000156  
      0.061554  3.512387  3.082766     0.000220   -0.068948    0.000156  
      2.456478 -0.867788  1.523411     0.000220   -0.068947    0.000157  
      2.456478  1.776801  3.082766     0.000220   -0.068947    0.000155  
      0.061554  0.867798  1.523411     0.000220   -0.068947    0.000155  
      1.798722  3.388796  2.796485     0.000220   -0.068947    0.000155  
      4.193647 -0.744197  1.809693     0.000220   -0.068947    0.000156  
      4.458506  1.472751 -0.000000     0.000221   -0.068937    0.000155  
      2.063582  1.171848  4.606177     0.000219   -0.068937    0.000156  
      1.798722  0.744196  1.809693     0.000220   -0.068947    0.000156  
      4.193647  1.900402  2.796485     0.000220   -0.068947    0.000156  
 
  35 fi =    0.002763 THz     0.017359 2PiTHz    0.092156 cm-1     0.011426 meV
             X         Y         Z           dx          dy          dz
      0.012930  0.844093  4.606177    -0.000069    0.000156    0.068899  
      2.407854  1.800505 -0.000000    -0.000069    0.000156    0.068898  
      0.061554  3.512387  3.082766    -0.000069    0.000155    0.068945  
      2.456478 -0.867788  1.523411    -0.000070    0.000155    0.068944  
      2.456478  1.776801  3.082766    -0.000069    0.000156    0.068945  
      0.061554  0.867798  1.523411    -0.000070    0.000156    0.068945  
      1.798722  3.388796  2.796485    -0.000066    0.000159    0.068961  
      4.193647 -0.744197  1.809693    -0.000073    0.000159    0.068961  
      4.458506  1.472751 -0.000000    -0.000070    0.000156    0.068947  
      2.063582  1.171848  4.606177    -0.000069    0.000155    0.068947  
      1.798722  0.744196  1.809693    -0.000073    0.000152    0.068961  
      4.193647  1.900402  2.796485    -0.000066    0.000151    0.068962  
 
  36 fi =    0.005267 THz     0.033095 2PiTHz    0.175694 cm-1     0.021783 meV
             X         Y         Z           dx          dy          dz
      0.012930  0.844093  4.606177    -0.068899   -0.000214   -0.000069  
      2.407854  1.800505 -0.000000    -0.068899   -0.000226   -0.000069  
      0.061554  3.512387  3.082766    -0.068952   -0.000214   -0.000075  
      2.456478 -0.867788  1.523411    -0.068952   -0.000226   -0.000063  
      2.456478  1.776801  3.082766    -0.068952   -0.000226   -0.000075  
      0.061554  0.867798  1.523411    -0.068952   -0.000214   -0.000063  
      1.798722  3.388796  2.796485    -0.068975   -0.000237   -0.000084  
      4.193647 -0.744197  1.809693    -0.068975   -0.000203   -0.000053  
      4.458506  1.472751 -0.000000    -0.068886   -0.000204   -0.000069  
      2.063582  1.171848  4.606177    -0.068886   -0.000236   -0.000069  
      1.798722  0.744196  1.809693    -0.068975   -0.000237   -0.000053  
      4.193647  1.900402  2.796485    -0.068975   -0.000204   -0.000085  
 
