 Eigenvectors and eigenvalues of the dynamical matrix
 ----------------------------------------------------
 
 
   1 f  =   31.603129 THz   198.568313 2PiTHz 1054.166900 cm-1   130.699979 meV
             X         Y         Z           dx          dy          dz
      5.499996  1.927936  1.243182    -0.006639   -0.006061    0.007932  
      3.118814  5.926396  3.760576     0.006635    0.006067   -0.007933  
      1.577878  6.231801  1.243182     0.003416    0.003115   -0.002152  
      7.040931  1.622531  3.760576    -0.003418   -0.003113    0.002152  
      1.953479  2.839175  1.124867     0.031553   -0.010693   -0.002656  
      6.665331  5.015157  3.878890    -0.031536    0.010707    0.002657  
      3.697673  2.310727  3.642261     0.007744   -0.032415    0.002650  
      4.921136  5.543605  1.361497    -0.007720    0.032387   -0.002660  
      4.649722  4.394277  0.217931     0.012547   -0.067300   -0.092304  
      5.495806  4.851355  2.735324     0.065840   -0.018725    0.092297  
      3.969088  3.460055  4.785827    -0.012552    0.067347    0.092369  
      3.123004  3.002977  2.268434    -0.065894    0.018736   -0.092368  
      2.546376  1.292352  4.243096    -0.007968   -0.004667    0.005675  
      7.232779  3.552233  4.266926    -0.003230    0.015903   -0.000051  
      6.072434  6.561981  0.760662     0.007959    0.004660   -0.005668  
      0.832852  1.787143  1.725702     0.005384    0.007501   -0.005676  
      7.785958  6.067189  3.278055    -0.005377   -0.007494    0.005667  
      1.386031  4.302099  0.736832     0.003254   -0.015961    0.000062  
      3.517054  6.244104  1.749532    -0.015579    0.004712    0.000062  
      5.101755  1.610229  3.254226     0.015547   -0.004695   -0.000051  
 
   2 f  =   31.374042 THz   197.128921 2PiTHz 1046.525402 cm-1   129.752555 meV
             X         Y         Z           dx          dy          dz
      5.499996  1.927936  1.243182     0.002509   -0.002761    0.000003  
      3.118814  5.926396  3.760576     0.002514   -0.002756   -0.000003  
      1.577878  6.231801  1.243182     0.001754   -0.001922   -0.000001  
      7.040931  1.622531  3.760576     0.001751   -0.001925    0.000001  
      1.953479  2.839175  1.124867    -0.029223    0.012858    0.004752  
      6.665331  5.015157  3.878890    -0.029242    0.012864    0.004759  
      3.697673  2.310727  3.642261    -0.010093    0.030286   -0.004755  
      4.921136  5.543605  1.361497    -0.010102    0.030311   -0.004754  
      4.649722  4.394277  0.217931     0.014706   -0.064981   -0.095632  
      5.495806  4.851355  2.735324     0.063330   -0.020659    0.095622  
      3.969088  3.460055  4.785827     0.014695   -0.064926   -0.095558  
      3.123004  3.002977  2.268434     0.063290   -0.020645    0.095562  
      2.546376  1.292352  4.243096     0.005448    0.007569   -0.006003  
      7.232779  3.552233  4.266926    -0.005320    0.007621   -0.000103  
      6.072434  6.561981  0.760662     0.005463    0.007577   -0.006010  
      0.832852  1.787143  1.725702    -0.008041   -0.004728    0.006006  
      7.785958  6.067189  3.278055    -0.008050   -0.004734    0.006008  
      1.386031  4.302099  0.736832    -0.005313    0.007601   -0.000102  
      3.517054  6.244104  1.749532    -0.007091    0.005999    0.000103  
      5.101755  1.610229  3.254226    -0.007080    0.005997    0.000103  
 
   3 f  =   29.947127 THz   188.163348 2PiTHz  998.928632 cm-1   123.851310 meV
             X         Y         Z           dx          dy          dz
      5.499996  1.927936  1.243182    -0.008657    0.009476    0.000000  
      3.118814  5.926396  3.760576     0.008656   -0.009476    0.000000  
      1.577878  6.231801  1.243182     0.003323   -0.003646   -0.000000  
      7.040931  1.622531  3.760576    -0.003323    0.003646    0.000000  
      1.953479  2.839175  1.124867     0.035633   -0.010088    0.028653  
      6.665331  5.015157  3.878890    -0.035632    0.010094   -0.028652  
      3.697673  2.310727  3.642261    -0.006750    0.036416    0.028656  
      4.921136  5.543605  1.361497     0.006744   -0.036408   -0.028649  
      4.649722  4.394277  0.217931    -0.004730    0.050510    0.055371  
      5.495806  4.851355  2.735324     0.049861   -0.009392    0.055382  
      3.969088  3.460055  4.785827     0.004734   -0.050521   -0.055387  
      3.123004  3.002977  2.268434    -0.049863    0.009391   -0.055382  
      2.546376  1.292352  4.243096    -0.022832   -0.018568    0.017030  
      7.232779  3.552233  4.266926     0.019562   -0.067087    0.005062  
      6.072434  6.561981  0.760662     0.022831    0.018570   -0.017033  
      0.832852  1.787143  1.725702    -0.020609   -0.021015    0.017034  
      7.785958  6.067189  3.278055     0.020602    0.021012   -0.017028  
      1.386031  4.302099  0.736832    -0.019562    0.067085   -0.005058  
      3.517054  6.244104  1.749532    -0.064980    0.025688    0.005057  
      5.101755  1.610229  3.254226     0.064995   -0.025695   -0.005062  
 
   4 f  =   29.706319 THz   186.650309 2PiTHz  990.896152 cm-1   122.855410 meV
             X         Y         Z           dx          dy          dz
      5.499996  1.927936  1.243182    -0.000277   -0.000258   -0.000094  
      3.118814  5.926396  3.760576    -0.000285   -0.000250   -0.000091  
      1.577878  6.231801  1.243182     0.000030    0.000031   -0.001335  
      7.040931  1.622531  3.760576     0.000034    0.000028   -0.001334  
      1.953479  2.839175  1.124867     0.013072    0.003827    0.044346  
      6.665331  5.015157  3.878890     0.013096    0.003796    0.044324  
      3.697673  2.310727  3.642261     0.005023    0.012659    0.044347  
      4.921136  5.543605  1.361497     0.005007    0.012685    0.044317  
      4.649722  4.394277  0.217931     0.016188   -0.064073   -0.083392  
      5.495806  4.851355  2.735324    -0.062296    0.022053   -0.083388  
      3.969088  3.460055  4.785827     0.016204   -0.064101   -0.083438  
      3.123004  3.002977  2.268434    -0.062330    0.022072   -0.083447  
      2.546376  1.292352  4.243096     0.000469   -0.000721    0.004535  
      7.232779  3.552233  4.266926    -0.006036    0.021311    0.002920  
      6.072434  6.561981  0.760662     0.000440   -0.000745    0.004552  
      0.832852  1.787143  1.725702    -0.000674    0.000531    0.004536  
      7.785958  6.067189  3.278055    -0.000693    0.000512    0.004545  
      1.386031  4.302099  0.736832    -0.006013    0.021245    0.002935  
      3.517054  6.244104  1.749532     0.020637   -0.007972    0.002927  
      5.101755  1.610229  3.254226     0.020588   -0.007953    0.002936  
 
   5 f  =   29.672093 THz   186.435260 2PiTHz  989.754491 cm-1   122.713862 meV
             X         Y         Z           dx          dy          dz
      5.499996  1.927936  1.243182    -0.007130    0.007800   -0.000000  
      3.118814  5.926396  3.760576     0.007128   -0.007799    0.000001  
      1.577878  6.231801  1.243182     0.002876   -0.003156   -0.000000  
      7.040931  1.622531  3.760576    -0.002876    0.003155   -0.000000  
      1.953479  2.839175  1.124867     0.023021   -0.025774   -0.033046  
      6.665331  5.015157  3.878890    -0.023012    0.025800    0.033078  
      3.697673  2.310727  3.642261    -0.023549    0.025312   -0.033038  
      4.921136  5.543605  1.361497     0.023542   -0.025302    0.033085  
      4.649722  4.394277  0.217931     0.018772   -0.041511   -0.065654  
      5.495806  4.851355  2.735324    -0.039600    0.022535   -0.065663  
      3.969088  3.460055  4.785827    -0.018754    0.041457    0.065584  
      3.123004  3.002977  2.268434     0.039540   -0.022514    0.065582  
      2.546376  1.292352  4.243096    -0.026318   -0.021353    0.013137  
      7.232779  3.552233  4.266926     0.019312   -0.057542    0.013254  
      6.072434  6.561981  0.760662     0.026322    0.021363   -0.013141  
      0.832852  1.787143  1.725702    -0.023709   -0.024229    0.013144  
      7.785958  6.067189  3.278055     0.023699    0.024227   -0.013134  
      1.386031  4.302099  0.736832    -0.019305    0.057521   -0.013241  
      3.517054  6.244104  1.749532    -0.055480    0.024547    0.013247  
      5.101755  1.610229  3.254226     0.055519   -0.024561   -0.013250  
 
   6 f  =   29.284418 THz   183.999428 2PiTHz  976.823056 cm-1   121.110569 meV
             X         Y         Z           dx          dy          dz
      5.499996  1.927936  1.243182    -0.002995    0.003276   -0.000000  
      3.118814  5.926396  3.760576    -0.003000    0.003281   -0.000000  
      1.577878  6.231801  1.243182     0.001206   -0.001323   -0.000000  
      7.040931  1.622531  3.760576     0.001209   -0.001326   -0.000001  
      1.953479  2.839175  1.124867    -0.002180    0.051535   -0.017169  
      6.665331  5.015157  3.878890    -0.002166    0.051531   -0.017178  
      3.697673  2.310727  3.642261    -0.051117    0.006938    0.017187  
      4.921136  5.543605  1.361497    -0.051120    0.006952    0.017175  
      4.649722  4.394277  0.217931    -0.000798    0.004401    0.004009  
      5.495806  4.851355  2.735324    -0.004307    0.001199   -0.004004  
      3.969088  3.460055  4.785827    -0.000795    0.004389    0.003990  
      3.123004  3.002977  2.268434    -0.004312    0.001206   -0.004017  
      2.546376  1.292352  4.243096     0.011249    0.027333   -0.017661  
      7.232779  3.552233  4.266926     0.025529   -0.090787    0.017537  
      6.072434  6.561981  0.760662     0.011231    0.027319   -0.017653  
      0.832852  1.787143  1.725702    -0.028247   -0.008658    0.017656  
      7.785958  6.067189  3.278055    -0.028258   -0.008668    0.017663  
      1.386031  4.302099  0.736832     0.025538   -0.090814    0.017539  
      3.517054  6.244104  1.749532     0.088082   -0.033848   -0.017542  
      5.101755  1.610229  3.254226     0.088054   -0.033839   -0.017541  
 
   7 f  =   28.995278 THz   182.182702 2PiTHz  967.178352 cm-1   119.914779 meV
             X         Y         Z           dx          dy          dz
      5.499996  1.927936  1.243182    -0.001321   -0.001198   -0.001644  
      3.118814  5.926396  3.760576    -0.001323   -0.001202   -0.001622  
      1.577878  6.231801  1.243182     0.000937    0.000854   -0.004235  
      7.040931  1.622531  3.760576     0.000941    0.000858   -0.004231  
      1.953479  2.839175  1.124867     0.024377   -0.048508    0.000015  
      6.665331  5.015157  3.878890     0.024367   -0.048562    0.000050  
      3.697673  2.310727  3.642261    -0.046086    0.028761    0.000039  
      4.921136  5.543605  1.361497    -0.046032    0.028760    0.000018  
      4.649722  4.394277  0.217931    -0.005021    0.012038    0.017826  
      5.495806  4.851355  2.735324     0.011550   -0.006125    0.017881  
      3.969088  3.460055  4.785827    -0.005031    0.012072    0.017888  
      3.123004  3.002977  2.268434     0.011528   -0.006118    0.017837  
      2.546376  1.292352  4.243096    -0.009435   -0.012807    0.008354  
      7.232779  3.552233  4.266926    -0.033746    0.089879   -0.019975  
      6.072434  6.561981  0.760662    -0.009467   -0.012828    0.008373  
      0.832852  1.787143  1.725702    -0.013649   -0.008241    0.008371  
      7.785958  6.067189  3.278055    -0.013615   -0.008203    0.008348  
      1.386031  4.302099  0.736832    -0.033717    0.089813   -0.019957  
      3.517054  6.244104  1.749532     0.086285   -0.041880   -0.019953  
      5.101755  1.610229  3.254226     0.086350   -0.041917   -0.019972  
 
   8 f  =   28.196331 THz   177.162771 2PiTHz  940.528354 cm-1   116.610601 meV
             X         Y         Z           dx          dy          dz
      5.499996  1.927936  1.243182    -0.001462   -0.001336   -0.010938  
      3.118814  5.926396  3.760576     0.001463    0.001337    0.010953  
      1.577878  6.231801  1.243182    -0.000466   -0.000425   -0.003621  
      7.040931  1.622531  3.760576     0.000462    0.000421    0.003621  
      1.953479  2.839175  1.124867    -0.006856    0.053433   -0.020017  
      6.665331  5.015157  3.878890     0.006836   -0.053370    0.020008  
      3.697673  2.310727  3.642261    -0.052507    0.011748    0.020006  
      4.921136  5.543605  1.361497     0.052567   -0.011774   -0.020020  
      4.649722  4.394277  0.217931     0.001960   -0.000426   -0.000976  
      5.495806  4.851355  2.735324     0.000240   -0.001986    0.000972  
      3.969088  3.460055  4.785827    -0.001951    0.000426    0.000969  
      3.123004  3.002977  2.268434    -0.000246    0.001990   -0.000978  
      2.546376  1.292352  4.243096     0.020055    0.017905   -0.014095  
      7.232779  3.552233  4.266926    -0.031079    0.086271   -0.021086  
      6.072434  6.561981  0.760662    -0.020072   -0.017915    0.014100  
      0.832852  1.787143  1.725702    -0.019693   -0.018323    0.014099  
      7.785958  6.067189  3.278055     0.019689    0.018313   -0.014096  
      1.386031  4.302099  0.736832     0.031109   -0.086350    0.021102  
      3.517054  6.244104  1.749532    -0.083095    0.038973    0.021104  
      5.101755  1.610229  3.254226     0.083021   -0.038933   -0.021084  
 
   9 f  =   27.097823 THz   170.260644 2PiTHz  903.886087 cm-1   112.067541 meV
             X         Y         Z           dx          dy          dz
      5.499996  1.927936  1.243182     0.008006   -0.008768   -0.000000  
      3.118814  5.926396  3.760576    -0.008008    0.008769   -0.000001  
      1.577878  6.231801  1.243182    -0.003673    0.004031    0.000000  
      7.040931  1.622531  3.760576     0.003672   -0.004029   -0.000000  
      1.953479  2.839175  1.124867    -0.024681   -0.051411    0.020749  
      6.665331  5.015157  3.878890     0.024677    0.051400   -0.020744  
      3.697673  2.310727  3.642261    -0.053469   -0.019808    0.020746  
      4.921136  5.543605  1.361497     0.053472    0.019813   -0.020747  
      4.649722  4.394277  0.217931    -0.002356   -0.004570   -0.003352  
      5.495806  4.851355  2.735324    -0.004767   -0.001921   -0.003344  
      3.969088  3.460055  4.785827     0.002353    0.004568    0.003344  
      3.123004  3.002977  2.268434     0.004768    0.001921    0.003353  
      2.546376  1.292352  4.243096     0.058425    0.051724   -0.033590  
      7.232779  3.552233  4.266926     0.015121   -0.038453    0.011230  
      6.072434  6.561981  0.760662    -0.058428   -0.051729    0.033595  
      0.832852  1.787143  1.725702     0.056924    0.053391   -0.033597  
      7.785958  6.067189  3.278055    -0.056912   -0.053381    0.033589  
      1.386031  4.302099  0.736832    -0.015123    0.038457   -0.011234  
      3.517054  6.244104  1.749532    -0.036887    0.018618    0.011233  
      5.101755  1.610229  3.254226     0.036892   -0.018620   -0.011232  
 
  10 f  =   25.347100 THz   159.260526 2PiTHz  845.488248 cm-1   104.827135 meV
             X         Y         Z           dx          dy          dz
      5.499996  1.927936  1.243182     0.003709    0.003374   -0.005629  
      3.118814  5.926396  3.760576     0.003704    0.003369   -0.005622  
      1.577878  6.231801  1.243182     0.003152    0.002874    0.002552  
      7.040931  1.622531  3.760576     0.003155    0.002876    0.002551  
      1.953479  2.839175  1.124867    -0.039468   -0.037516    0.020884  
      6.665331  5.015157  3.878890    -0.039491   -0.037541    0.020896  
      3.697673  2.310727  3.642261    -0.041034   -0.035838    0.020897  
      4.921136  5.543605  1.361497    -0.041010   -0.035822    0.020883  
      4.649722  4.394277  0.217931     0.000163    0.001545    0.002235  
      5.495806  4.851355  2.735324     0.001558    0.000020    0.002246  
      3.969088  3.460055  4.785827     0.000166    0.001550    0.002244  
      3.123004  3.002977  2.268434     0.001554    0.000022    0.002233  
      2.546376  1.292352  4.243096     0.064858    0.062627   -0.038077  
      7.232779  3.552233  4.266926    -0.003626   -0.000139   -0.003201  
      6.072434  6.561981  0.760662     0.064812    0.062590   -0.038047  
      0.832852  1.787143  1.725702     0.068327    0.058740   -0.038049  
      7.785958  6.067189  3.278055     0.068377    0.058792   -0.038083  
      1.386031  4.302099  0.736832    -0.003623   -0.000140   -0.003198  
      3.517054  6.244104  1.749532    -0.000469   -0.003599   -0.003200  
      5.101755  1.610229  3.254226    -0.000469   -0.003601   -0.003200  
 
  11 f  =   24.884581 THz   156.354434 2PiTHz  830.060274 cm-1   102.914311 meV
             X         Y         Z           dx          dy          dz
      5.499996  1.927936  1.243182    -0.000525    0.000580    0.000003  
      3.118814  5.926396  3.760576    -0.000521    0.000585   -0.000002  
      1.577878  6.231801  1.243182    -0.005499    0.006037   -0.000001  
      7.040931  1.622531  3.760576    -0.005502    0.006034    0.000000  
      1.953479  2.839175  1.124867    -0.038704   -0.014693    0.013956  
      6.665331  5.015157  3.878890    -0.038686   -0.014687    0.013958  
      3.697673  2.310727  3.642261     0.018223    0.037184   -0.013960  
      4.921136  5.543605  1.361497     0.018207    0.037161   -0.013957  
      4.649722  4.394277  0.217931    -0.003170    0.003734   -0.000355  
      5.495806  4.851355  2.735324    -0.003425    0.003501    0.000354  
      3.969088  3.460055  4.785827    -0.003167    0.003734   -0.000366  
      3.123004  3.002977  2.268434    -0.003424    0.003502    0.000363  
      2.546376  1.292352  4.243096    -0.068097   -0.061407    0.036574  
      7.232779  3.552233  4.266926     0.012992   -0.047289    0.003706  
      6.072434  6.561981  0.760662    -0.068048   -0.061364    0.036547  
      0.832852  1.787143  1.725702     0.067431    0.062103   -0.036563  
      7.785958  6.067189  3.278055     0.067403    0.062072   -0.036547  
      1.386031  4.302099  0.736832     0.012998   -0.047314    0.003711  
      3.517054  6.244104  1.749532     0.045888   -0.017318   -0.003707  
      5.101755  1.610229  3.254226     0.045904   -0.017321   -0.003709  
 
  12 f  =   24.827691 THz   155.996980 2PiTHz  828.162613 cm-1   102.679031 meV
             X         Y         Z           dx          dy          dz
      5.499996  1.927936  1.243182    -0.003520   -0.003220    0.014419  
      3.118814  5.926396  3.760576     0.003514    0.003218   -0.014415  
      1.577878  6.231801  1.243182     0.005800    0.005283    0.003555  
      7.040931  1.622531  3.760576    -0.005801   -0.005289   -0.003552  
      1.953479  2.839175  1.124867    -0.035886   -0.010845    0.024624  
      6.665331  5.015157  3.878890     0.035896    0.010833   -0.024595  
      3.697673  2.310727  3.642261     0.014094    0.034713   -0.024611  
      4.921136  5.543605  1.361497    -0.014141   -0.034751    0.024605  
      4.649722  4.394277  0.217931    -0.001972   -0.004327    0.003031  
      5.495806  4.851355  2.735324     0.004485    0.001552   -0.003022  
      3.969088  3.460055  4.785827     0.001975    0.004333   -0.003021  
      3.123004  3.002977  2.268434    -0.004499   -0.001570    0.003024  
      2.546376  1.292352  4.243096    -0.067856   -0.055482    0.042732  
      7.232779  3.552233  4.266926    -0.010595    0.047724   -0.001191  
      6.072434  6.561981  0.760662     0.067934    0.055558   -0.042773  
      0.832852  1.787143  1.725702     0.061570    0.062459   -0.042754  
      7.785958  6.067189  3.278055    -0.061563   -0.062459    0.042747  
      1.386031  4.302099  0.736832     0.010577   -0.047672    0.001178  
      3.517054  6.244104  1.749532    -0.046507    0.014953    0.001184  
      5.101755  1.610229  3.254226     0.046519   -0.014961   -0.001185  
 
  13 f  =   22.611064 THz   142.069502 2PiTHz  754.223896 cm-1    93.511803 meV
             X         Y         Z           dx          dy          dz
      5.499996  1.927936  1.243182     0.001851    0.001698   -0.014119  
      3.118814  5.926396  3.760576    -0.001871   -0.001680    0.014120  
      1.577878  6.231801  1.243182     0.001715    0.001561   -0.003553  
      7.040931  1.622531  3.760576    -0.001714   -0.001564    0.003553  
      1.953479  2.839175  1.124867    -0.019865   -0.028327   -0.079015  
      6.665331  5.015157  3.878890     0.019906    0.028371    0.079152  
      3.697673  2.310727  3.642261     0.030043    0.017149    0.079016  
      4.921136  5.543605  1.361497    -0.030096   -0.017200   -0.079152  
      4.649722  4.394277  0.217931     0.032753    0.014800   -0.006998  
      5.495806  4.851355  2.735324    -0.017771   -0.031236    0.007002  
      3.969088  3.460055  4.785827    -0.032692   -0.014764    0.006987  
      3.123004  3.002977  2.268434     0.017729    0.031190   -0.006985  
      2.546376  1.292352  4.243096    -0.021458   -0.013601   -0.005684  
      7.232779  3.552233  4.266926    -0.000655   -0.003953   -0.020965  
      6.072434  6.561981  0.760662     0.021477    0.013621    0.005700  
      0.832852  1.787143  1.725702     0.015536    0.020110    0.005682  
      7.785958  6.067189  3.278055    -0.015543   -0.020118   -0.005703  
      1.386031  4.302099  0.736832     0.000642    0.003948    0.020940  
      3.517054  6.244104  1.749532     0.003997    0.000287    0.020966  
      5.101755  1.610229  3.254226    -0.003990   -0.000272   -0.020941  
 
  14 f  =   22.542880 THz   141.641095 2PiTHz  751.949551 cm-1    93.229820 meV
             X         Y         Z           dx          dy          dz
      5.499996  1.927936  1.243182     0.010951   -0.012012   -0.000007  
      3.118814  5.926396  3.760576     0.010954   -0.012012    0.000008  
      1.577878  6.231801  1.243182    -0.000979    0.001081   -0.000003  
      7.040931  1.622531  3.760576    -0.000986    0.001075    0.000002  
      1.953479  2.839175  1.124867    -0.021992   -0.026493   -0.080892  
      6.665331  5.015157  3.878890    -0.021957   -0.026442   -0.080761  
      3.697673  2.310727  3.642261     0.028419    0.019446    0.080891  
      4.921136  5.543605  1.361497     0.028360    0.019414    0.080761  
      4.649722  4.394277  0.217931    -0.032601   -0.020358    0.008039  
      5.495806  4.851355  2.735324     0.023294    0.030581   -0.008042  
      3.969088  3.460055  4.785827    -0.032666   -0.020380    0.008058  
      3.123004  3.002977  2.268434     0.023314    0.030630   -0.008057  
      2.546376  1.292352  4.243096    -0.005003   -0.002342   -0.014530  
      7.232779  3.552233  4.266926     0.004906    0.006257    0.013038  
      6.072434  6.561981  0.760662    -0.004945   -0.002308   -0.014536  
      0.832852  1.787143  1.725702     0.002799    0.004764    0.014531  
      7.785958  6.067189  3.278055     0.002751    0.004707    0.014538  
      1.386031  4.302099  0.736832     0.004909    0.006238    0.013075  
      3.517054  6.244104  1.749532    -0.006682   -0.004306   -0.013037  
      5.101755  1.610229  3.254226    -0.006667   -0.004310   -0.013077  
 
  15 f  =   19.431518 THz   122.091826 2PiTHz  648.165659 cm-1    80.362263 meV
             X         Y         Z           dx          dy          dz
      5.499996  1.927936  1.243182     0.019902   -0.021931   -0.000002  
      3.118814  5.926396  3.760576    -0.019898    0.021927    0.000001  
      1.577878  6.231801  1.243182     0.001561   -0.001711   -0.000002  
      7.040931  1.622531  3.760576    -0.001561    0.001711    0.000003  
      1.953479  2.839175  1.124867    -0.055987    0.004743    0.008620  
      6.665331  5.015157  3.878890     0.055988   -0.004742   -0.008624  
      3.697673  2.310727  3.642261    -0.000464   -0.056196    0.008625  
      4.921136  5.543605  1.361497     0.000463    0.056197   -0.008619  
      4.649722  4.394277  0.217931    -0.057628   -0.041245    0.019377  
      5.495806  4.851355  2.735324    -0.046405   -0.053559    0.019360  
      3.969088  3.460055  4.785827     0.057621    0.041244   -0.019372  
      3.123004  3.002977  2.268434     0.046408    0.053565   -0.019364  
      2.546376  1.292352  4.243096    -0.035764   -0.018006    0.026958  
      7.232779  3.552233  4.266926    -0.019478   -0.040432    0.003238  
      6.072434  6.561981  0.760662     0.035767    0.018006   -0.026950  
      0.832852  1.787143  1.725702    -0.021246   -0.033945    0.026953  
      7.785958  6.067189  3.278055     0.021244    0.033939   -0.026960  
      1.386031  4.302099  0.736832     0.019480    0.040433   -0.003239  
      3.517054  6.244104  1.749532    -0.042066   -0.015662    0.003239  
      5.101755  1.610229  3.254226     0.042066    0.015661   -0.003240  
 
  16 f  =   18.400793 THz   115.615594 2PiTHz  613.784394 cm-1    76.099532 meV
             X         Y         Z           dx          dy          dz
      5.499996  1.927936  1.243182     0.028557    0.026047    0.016193  
      3.118814  5.926396  3.760576     0.028554    0.026045    0.016212  
      1.577878  6.231801  1.243182     0.004160    0.003787   -0.021507  
      7.040931  1.622531  3.760576     0.004169    0.003797   -0.021498  
      1.953479  2.839175  1.124867    -0.060693    0.003962    0.009086  
      6.665331  5.015157  3.878890    -0.060690    0.003955    0.009079  
      3.697673  2.310727  3.642261    -0.001690   -0.060795    0.009085  
      4.921136  5.543605  1.361497    -0.001683   -0.060800    0.009087  
      4.649722  4.394277  0.217931     0.056844    0.037069   -0.017095  
      5.495806  4.851355  2.735324     0.042181    0.053180   -0.017083  
      3.969088  3.460055  4.785827     0.056863    0.037075   -0.017082  
      3.123004  3.002977  2.268434     0.042174    0.053161   -0.017095  
      2.546376  1.292352  4.243096    -0.030019   -0.018294    0.030649  
      7.232779  3.552233  4.266926     0.009334    0.027192   -0.002857  
      6.072434  6.561981  0.760662    -0.030014   -0.018272    0.030647  
      0.832852  1.787143  1.725702    -0.020967   -0.028193    0.030644  
      7.785958  6.067189  3.278055    -0.020987   -0.028199    0.030657  
      1.386031  4.302099  0.736832     0.009343    0.027216   -0.002845  
      3.517054  6.244104  1.749532     0.027956    0.006782   -0.002851  
      5.101755  1.610229  3.254226     0.027935    0.006776   -0.002858  
 
  17 f  =   16.970976 THz   106.631787 2PiTHz  566.090823 cm-1    70.186285 meV
             X         Y         Z           dx          dy          dz
      5.499996  1.927936  1.243182     0.032816    0.029885   -0.050602  
      3.118814  5.926396  3.760576    -0.032861   -0.029939    0.050718  
      1.577878  6.231801  1.243182    -0.024935   -0.022728   -0.008243  
      7.040931  1.622531  3.760576     0.024841    0.022653    0.008272  
      1.953479  2.839175  1.124867    -0.034324    0.029600   -0.001449  
      6.665331  5.015157  3.878890     0.034293   -0.029487    0.001406  
      3.697673  2.310727  3.642261    -0.026154    0.036860    0.001404  
      4.921136  5.543605  1.361497     0.026293   -0.036900   -0.001438  
      4.649722  4.394277  0.217931    -0.035635    0.001185   -0.043124  
      5.495806  4.851355  2.735324     0.002050    0.035546    0.043168  
      3.969088  3.460055  4.785827     0.035583   -0.001242    0.043159  
      3.123004  3.002977  2.268434    -0.002138   -0.035587   -0.043110  
      2.546376  1.292352  4.243096     0.015881   -0.043482   -0.003834  
      7.232779  3.552233  4.266926    -0.035358   -0.050717   -0.014851  
      6.072434  6.561981  0.760662    -0.015898    0.043589    0.003723  
      0.832852  1.787143  1.725702     0.041942   -0.019875    0.003763  
      7.785958  6.067189  3.278055    -0.041843    0.019859   -0.003813  
      1.386031  4.302099  0.736832     0.035356    0.050842    0.014873  
      3.517054  6.244104  1.749532     0.053881    0.030493    0.014877  
      5.101755  1.610229  3.254226    -0.053731   -0.030504   -0.014828  
 
  18 f  =   16.722550 THz   105.070884 2PiTHz  557.804242 cm-1    69.158881 meV
             X         Y         Z           dx          dy          dz
      5.499996  1.927936  1.243182     0.016406    0.014887   -0.050159  
      3.118814  5.926396  3.760576     0.016249    0.014897   -0.050034  
      1.577878  6.231801  1.243182     0.034647    0.031635   -0.004105  
      7.040931  1.622531  3.760576     0.034773    0.031623   -0.004079  
      1.953479  2.839175  1.124867     0.016442   -0.043929    0.014737  
      6.665331  5.015157  3.878890     0.016489   -0.043897    0.014693  
      3.697673  2.310727  3.642261    -0.042295    0.020547    0.014742  
      4.921136  5.543605  1.361497    -0.042116    0.020376    0.014694  
      4.649722  4.394277  0.217931     0.012179    0.024405   -0.016134  
      5.495806  4.851355  2.735324     0.025412    0.009938   -0.016018  
      3.969088  3.460055  4.785827     0.012308    0.024465   -0.016063  
      3.123004  3.002977  2.268434     0.025515    0.009906   -0.016182  
      2.546376  1.292352  4.243096     0.010350   -0.039517    0.024656  
      7.232779  3.552233  4.266926    -0.005921   -0.063142   -0.017631  
      6.072434  6.561981  0.760662     0.010290   -0.039264    0.024614  
      0.832852  1.787143  1.725702    -0.038267    0.013910    0.024646  
      7.785958  6.067189  3.278055    -0.038248    0.013938    0.024630  
      1.386031  4.302099  0.736832    -0.005841   -0.063156   -0.017687  
      3.517054  6.244104  1.749532    -0.063302    0.000035   -0.017606  
      5.101755  1.610229  3.254226    -0.063551   -0.000043   -0.017718  
 
  19 f  =   16.664197 THz   104.704239 2PiTHz  555.857788 cm-1    68.917551 meV
             X         Y         Z           dx          dy          dz
      5.499996  1.927936  1.243182     0.029988   -0.032990    0.000049  
      3.118814  5.926396  3.760576    -0.030036    0.032955    0.000081  
      1.577878  6.231801  1.243182    -0.024741    0.027048    0.000000  
      7.040931  1.622531  3.760576     0.024653   -0.027130    0.000011  
      1.953479  2.839175  1.124867     0.020990   -0.044299    0.018220  
      6.665331  5.015157  3.878890    -0.021032    0.044408   -0.018261  
      3.697673  2.310727  3.642261    -0.042176    0.025013    0.018224  
      4.921136  5.543605  1.361497     0.042287   -0.025063   -0.018257  
      4.649722  4.394277  0.217931    -0.020669   -0.033141    0.018422  
      5.495806  4.851355  2.735324    -0.034906   -0.017500    0.018428  
      3.969088  3.460055  4.785827     0.020645    0.033079   -0.018381  
      3.123004  3.002977  2.268434     0.034845    0.017472   -0.018389  
      2.546376  1.292352  4.243096     0.006300   -0.053390    0.011580  
      7.232779  3.552233  4.266926     0.002990    0.050065    0.033021  
      6.072434  6.561981  0.760662    -0.006324    0.053494   -0.011634  
      0.832852  1.787143  1.725702    -0.052560    0.011210    0.011581  
      7.785958  6.067189  3.278055     0.052651   -0.011251   -0.011654  
      1.386031  4.302099  0.736832    -0.002975   -0.049897   -0.032968  
      3.517054  6.244104  1.749532     0.050143   -0.001656    0.033027  
      5.101755  1.610229  3.254226    -0.049990    0.001655   -0.032991  
 
  20 f  =   16.088970 THz   101.089978 2PiTHz  536.670263 cm-1    66.538602 meV
             X         Y         Z           dx          dy          dz
      5.499996  1.927936  1.243182    -0.000734    0.000828   -0.000007  
      3.118814  5.926396  3.760576    -0.000738    0.000817    0.000009  
      1.577878  6.231801  1.243182     0.008866   -0.009738   -0.000006  
      7.040931  1.622531  3.760576     0.008870   -0.009726    0.000007  
      1.953479  2.839175  1.124867    -0.003627    0.028388   -0.003859  
      6.665331  5.015157  3.878890    -0.003622    0.028369   -0.003858  
      3.697673  2.310727  3.642261    -0.027924    0.006245    0.003861  
      4.921136  5.543605  1.361497    -0.027915    0.006232    0.003855  
      4.649722  4.394277  0.217931    -0.022722   -0.031848    0.023542  
      5.495806  4.851355  2.735324     0.033816    0.019682   -0.023542  
      3.969088  3.460055  4.785827    -0.022734   -0.031862    0.023563  
      3.123004  3.002977  2.268434     0.033826    0.019673   -0.023560  
      2.546376  1.292352  4.243096     0.030922   -0.003634    0.095740  
      7.232779  3.552233  4.266926     0.012586    0.023494    0.031417  
      6.072434  6.561981  0.760662     0.030915   -0.003621    0.095732  
      0.832852  1.787143  1.725702     0.000761   -0.031131   -0.095756  
      7.785958  6.067189  3.278055     0.000737   -0.031112   -0.095720  
      1.386031  4.302099  0.736832     0.012595    0.023513    0.031415  
      3.517054  6.244104  1.749532    -0.024560   -0.010354   -0.031412  
      5.101755  1.610229  3.254226    -0.024577   -0.010366   -0.031420  
 
  21 f  =   15.308552 THz    96.186469 2PiTHz  510.638328 cm-1    63.311055 meV
             X         Y         Z           dx          dy          dz
      5.499996  1.927936  1.243182    -0.028114   -0.025592   -0.038401  
      3.118814  5.926396  3.760576     0.028102    0.025592    0.038401  
      1.577878  6.231801  1.243182    -0.010310   -0.009404   -0.045172  
      7.040931  1.622531  3.760576     0.010310    0.009389    0.045179  
      1.953479  2.839175  1.124867     0.024841    0.026228   -0.005012  
      6.665331  5.015157  3.878890    -0.024838   -0.026220    0.005008  
      3.697673  2.310727  3.642261    -0.028409   -0.022303    0.005011  
      4.921136  5.543605  1.361497     0.028410    0.022300   -0.005009  
      4.649722  4.394277  0.217931     0.030910    0.032278   -0.006301  
      5.495806  4.851355  2.735324    -0.035003   -0.027785    0.006302  
      3.969088  3.460055  4.785827    -0.030889   -0.032275    0.006302  
      3.123004  3.002977  2.268434     0.034987    0.027763   -0.006295  
      2.546376  1.292352  4.243096    -0.001911   -0.000147    0.083621  
      7.232779  3.552233  4.266926     0.017978   -0.011865   -0.003073  
      6.072434  6.561981  0.760662     0.001891    0.000151   -0.083666  
      0.832852  1.787143  1.725702     0.000332    0.001895   -0.083655  
      7.785958  6.067189  3.278055    -0.000318   -0.001873    0.083664  
      1.386031  4.302099  0.736832    -0.017984    0.011877    0.003077  
      3.517054  6.244104  1.749532     0.010163   -0.018992    0.003073  
      5.101755  1.610229  3.254226    -0.010154    0.019010   -0.003067  
 
  22 f  =   14.738978 THz    92.607733 2PiTHz  491.639402 cm-1    60.955490 meV
             X         Y         Z           dx          dy          dz
      5.499996  1.927936  1.243182     0.012062   -0.013094    0.000023  
      3.118814  5.926396  3.760576     0.012051   -0.013106    0.000015  
      1.577878  6.231801  1.243182     0.020152   -0.022119    0.000005  
      7.040931  1.622531  3.760576     0.020154   -0.022118   -0.000009  
      1.953479  2.839175  1.124867    -0.018850    0.040381   -0.012927  
      6.665331  5.015157  3.878890    -0.018834    0.040380   -0.012943  
      3.697673  2.310727  3.642261    -0.038450    0.022511    0.012942  
      4.921136  5.543605  1.361497    -0.038459    0.022509    0.012928  
      4.649722  4.394277  0.217931     0.062883    0.005507    0.026870  
      5.495806  4.851355  2.735324    -0.011328   -0.062113   -0.026865  
      3.969088  3.460055  4.785827     0.062878    0.005517    0.026878  
      3.123004  3.002977  2.268434    -0.011326   -0.062130   -0.026867  
      2.546376  1.292352  4.243096    -0.015545   -0.044519   -0.033957  
      7.232779  3.552233  4.266926    -0.000662    0.042711    0.024716  
      6.072434  6.561981  0.760662    -0.015526   -0.044527   -0.033922  
      0.832852  1.787143  1.725702     0.045789    0.011327    0.033930  
      7.785958  6.067189  3.278055     0.045780    0.011346    0.033928  
      1.386031  4.302099  0.736832    -0.000661    0.042714    0.024695  
      3.517054  6.244104  1.749532    -0.042463    0.004616   -0.024693  
      5.101755  1.610229  3.254226    -0.042470    0.004602   -0.024719  
 
  23 f  =   14.336190 THz    90.076941 2PiTHz  478.203838 cm-1    59.289693 meV
             X         Y         Z           dx          dy          dz
      5.499996  1.927936  1.243182     0.001895   -0.002154   -0.000035  
      3.118814  5.926396  3.760576    -0.001902    0.002155    0.000028  
      1.577878  6.231801  1.243182     0.004843   -0.005324   -0.000010  
      7.040931  1.622531  3.760576    -0.004847    0.005327    0.000015  
      1.953479  2.839175  1.124867    -0.001766    0.025232    0.033878  
      6.665331  5.015157  3.878890     0.001786   -0.025245   -0.033876  
      3.697673  2.310727  3.642261     0.024962   -0.004130    0.033879  
      4.921136  5.543605  1.361497    -0.024949    0.004113   -0.033880  
      4.649722  4.394277  0.217931     0.022377   -0.027308   -0.003243  
      5.495806  4.851355  2.735324    -0.025084    0.024860   -0.003253  
      3.969088  3.460055  4.785827    -0.022394    0.027307    0.003228  
      3.123004  3.002977  2.268434     0.025090   -0.024844    0.003267  
      2.546376  1.292352  4.243096    -0.042097   -0.002579   -0.075399  
      7.232779  3.552233  4.266926     0.022247   -0.000482    0.056560  
      6.072434  6.561981  0.760662     0.042080    0.002595    0.075398  
      0.832852  1.787143  1.725702    -0.006465   -0.041617   -0.075359  
      7.785958  6.067189  3.278055     0.006449    0.041636    0.075353  
      1.386031  4.302099  0.736832    -0.022263    0.000463   -0.056575  
      3.517054  6.244104  1.749532     0.001607    0.022190    0.056608  
      5.101755  1.610229  3.254226    -0.001586   -0.022177   -0.056597  
 
  24 f  =   13.953518 THz    87.672539 2PiTHz  465.439262 cm-1    57.707088 meV
             X         Y         Z           dx          dy          dz
      5.499996  1.927936  1.243182    -0.048377   -0.044124   -0.074903  
      3.118814  5.926396  3.760576     0.048371    0.044115    0.074867  
      1.577878  6.231801  1.243182    -0.008670   -0.007900   -0.033041  
      7.040931  1.622531  3.760576     0.008671    0.007909    0.033051  
      1.953479  2.839175  1.124867     0.024795    0.010997   -0.005843  
      6.665331  5.015157  3.878890    -0.024796   -0.011008    0.005848  
      3.697673  2.310727  3.642261    -0.013272   -0.023650    0.005808  
      4.921136  5.543605  1.361497     0.013251    0.023674   -0.005808  
      4.649722  4.394277  0.217931    -0.042567   -0.029002    0.029685  
      5.495806  4.851355  2.735324     0.032864    0.039696   -0.029691  
      3.969088  3.460055  4.785827     0.042574    0.029002   -0.029675  
      3.123004  3.002977  2.268434    -0.032862   -0.039689    0.029682  
      2.546376  1.292352  4.243096    -0.055926   -0.010902   -0.041119  
      7.232779  3.552233  4.266926     0.026033   -0.004736   -0.034676  
      6.072434  6.561981  0.760662     0.055958    0.010884    0.041107  
      0.832852  1.787143  1.725702     0.016038    0.054730    0.041150  
      7.785958  6.067189  3.278055    -0.016044   -0.054755   -0.041165  
      1.386031  4.302099  0.736832    -0.026015    0.004731    0.034672  
      3.517054  6.244104  1.749532     0.002287   -0.026371    0.034609  
      5.101755  1.610229  3.254226    -0.002304    0.026365   -0.034602  
 
  25 f  =   13.177988 THz    82.799743 2PiTHz  439.570379 cm-1    54.499756 meV
             X         Y         Z           dx          dy          dz
      5.499996  1.927936  1.243182    -0.000007    0.000031    0.000006  
      3.118814  5.926396  3.760576     0.000007    0.000044    0.000017  
      1.577878  6.231801  1.243182     0.015812   -0.017351   -0.000004  
      7.040931  1.622531  3.760576     0.015817   -0.017355    0.000001  
      1.953479  2.839175  1.124867     0.046817    0.008658   -0.018558  
      6.665331  5.015157  3.878890     0.046819    0.008664   -0.018557  
      3.697673  2.310727  3.642261    -0.012961   -0.045818    0.018553  
      4.921136  5.543605  1.361497    -0.012955   -0.045811    0.018566  
      4.649722  4.394277  0.217931     0.008949   -0.013333   -0.014746  
      5.495806  4.851355  2.735324     0.012454   -0.010149    0.014749  
      3.969088  3.460055  4.785827     0.008961   -0.013325   -0.014761  
      3.123004  3.002977  2.268434     0.012425   -0.010163    0.014762  
      2.546376  1.292352  4.243096    -0.068217    0.016900    0.023236  
      7.232779  3.552233  4.266926    -0.063281   -0.010919    0.013747  
      6.072434  6.561981  0.760662    -0.068214    0.016909    0.023231  
      0.832852  1.787143  1.725702    -0.010497    0.069488   -0.023214  
      7.785958  6.067189  3.278055    -0.010524    0.069478   -0.023266  
      1.386031  4.302099  0.736832    -0.063281   -0.010920    0.013765  
      3.517054  6.244104  1.749532     0.016733    0.061993   -0.013754  
      5.101755  1.610229  3.254226     0.016729    0.061993   -0.013761  
 
  26 f  =   12.874281 THz    80.891491 2PiTHz  429.439777 cm-1    53.243722 meV
             X         Y         Z           dx          dy          dz
      5.499996  1.927936  1.243182     0.005146    0.004712   -0.026215  
      3.118814  5.926396  3.760576     0.005143    0.004708   -0.026224  
      1.577878  6.231801  1.243182     0.000813    0.000741    0.033383  
      7.040931  1.622531  3.760576     0.000807    0.000736    0.033369  
      1.953479  2.839175  1.124867     0.000298    0.015536    0.040918  
      6.665331  5.015157  3.878890     0.000294    0.015538    0.040923  
      3.697673  2.310727  3.642261     0.015501   -0.001148    0.040922  
      4.921136  5.543605  1.361497     0.015499   -0.001144    0.040918  
      4.649722  4.394277  0.217931    -0.011699    0.041534   -0.000476  
      5.495806  4.851355  2.735324     0.040262   -0.015493   -0.000467  
      3.969088  3.460055  4.785827    -0.011703    0.041528   -0.000473  
      3.123004  3.002977  2.268434     0.040264   -0.015492   -0.000468  
      2.546376  1.292352  4.243096    -0.041267   -0.013755   -0.071263  
      7.232779  3.552233  4.266926    -0.002466    0.000807   -0.041156  
      6.072434  6.561981  0.760662    -0.041266   -0.013760   -0.071266  
      0.832852  1.787143  1.725702    -0.017518   -0.039817   -0.071260  
      7.785958  6.067189  3.278055    -0.017520   -0.039822   -0.071269  
      1.386031  4.302099  0.736832    -0.002475    0.000797   -0.041172  
      3.517054  6.244104  1.749532     0.000563   -0.002545   -0.041177  
      5.101755  1.610229  3.254226     0.000574   -0.002535   -0.041157  
 
  27 f  =   12.015550 THz    75.495930 2PiTHz  400.795619 cm-1    49.692301 meV
             X         Y         Z           dx          dy          dz
      5.499996  1.927936  1.243182     0.045296    0.041111    0.105686  
      3.118814  5.926396  3.760576     0.045309    0.041119    0.105727  
      1.577878  6.231801  1.243182     0.011470    0.010488   -0.036741  
      7.040931  1.622531  3.760576     0.011474    0.010497   -0.036728  
      1.953479  2.839175  1.124867    -0.000024    0.006984    0.019999  
      6.665331  5.015157  3.878890    -0.000034    0.006992    0.019997  
      3.697673  2.310727  3.642261     0.006962   -0.000673    0.019979  
      4.921136  5.543605  1.361497     0.006959   -0.000671    0.019988  
      4.649722  4.394277  0.217931    -0.053021   -0.004544    0.009861  
      5.495806  4.851355  2.735324    -0.009380   -0.052375    0.009818  
      3.969088  3.460055  4.785827    -0.053016   -0.004542    0.009855  
      3.123004  3.002977  2.268434    -0.009380   -0.052358    0.009821  
      2.546376  1.292352  4.243096    -0.026463    0.042542    0.034172  
      7.232779  3.552233  4.266926    -0.003051   -0.012068   -0.050775  
      6.072434  6.561981  0.760662    -0.026451    0.042543    0.034196  
      0.832852  1.787143  1.725702     0.039892   -0.030306    0.034172  
      7.785958  6.067189  3.278055     0.039907   -0.030317    0.034189  
      1.386031  4.302099  0.736832    -0.003037   -0.012061   -0.050745  
      3.517054  6.244104  1.749532    -0.012253   -0.001870   -0.050704  
      5.101755  1.610229  3.254226    -0.012258   -0.001872   -0.050716  
 
  28 f  =   11.658675 THz    73.253615 2PiTHz  388.891533 cm-1    48.216383 meV
             X         Y         Z           dx          dy          dz
      5.499996  1.927936  1.243182    -0.040888   -0.037542   -0.203099  
      3.118814  5.926396  3.760576    -0.040883   -0.037532   -0.203079  
      1.577878  6.231801  1.243182     0.003197    0.002930    0.013420  
      7.040931  1.622531  3.760576     0.003201    0.002919    0.013410  
      1.953479  2.839175  1.124867    -0.012951    0.011641    0.002485  
      6.665331  5.015157  3.878890    -0.012954    0.011631    0.002480  
      3.697673  2.310727  3.642261     0.010408   -0.013921    0.002450  
      4.921136  5.543605  1.361497     0.010416   -0.013911    0.002434  
      4.649722  4.394277  0.217931    -0.024738   -0.005788    0.002776  
      5.495806  4.851355  2.735324    -0.007956   -0.024175    0.002649  
      3.969088  3.460055  4.785827    -0.024765   -0.005792    0.002781  
      3.123004  3.002977  2.268434    -0.007950   -0.024198    0.002648  
      2.546376  1.292352  4.243096    -0.009215    0.030253    0.047735  
      7.232779  3.552233  4.266926     0.012246    0.012807   -0.029147  
      6.072434  6.561981  0.760662    -0.009207    0.030240    0.047696  
      0.832852  1.787143  1.725702     0.029176   -0.011934    0.047752  
      7.785958  6.067189  3.278055     0.029132   -0.011917    0.047703  
      1.386031  4.302099  0.736832     0.012226    0.012795   -0.029196  
      3.517054  6.244104  1.749532     0.013903    0.011054   -0.029186  
      5.101755  1.610229  3.254226     0.013903    0.011066   -0.029186  
 
  29 f  =   11.567968 THz    72.683684 2PiTHz  385.865862 cm-1    47.841248 meV
             X         Y         Z           dx          dy          dz
      5.499996  1.927936  1.243182     0.004443   -0.004709    0.000151  
      3.118814  5.926396  3.760576    -0.004502    0.004826   -0.000012  
      1.577878  6.231801  1.243182    -0.012429    0.013635   -0.000011  
      7.040931  1.622531  3.760576     0.012433   -0.013642   -0.000006  
      1.953479  2.839175  1.124867    -0.012329    0.005152    0.019547  
      6.665331  5.015157  3.878890     0.012349   -0.005155   -0.019552  
      3.697673  2.310727  3.642261     0.003962   -0.012790    0.019564  
      4.921136  5.543605  1.361497    -0.003970    0.012779   -0.019553  
      4.649722  4.394277  0.217931     0.049334    0.000130   -0.005809  
      5.495806  4.851355  2.735324     0.004655    0.049171   -0.005768  
      3.969088  3.460055  4.785827    -0.049359   -0.000075    0.005760  
      3.123004  3.002977  2.268434    -0.004698   -0.049135    0.005816  
      2.546376  1.292352  4.243096    -0.017700    0.049432    0.079375  
      7.232779  3.552233  4.266926     0.009841    0.010472    0.049158  
      6.072434  6.561981  0.760662     0.017727   -0.049480   -0.079377  
      0.832852  1.787143  1.725702     0.047587   -0.022170    0.079341  
      7.785958  6.067189  3.278055    -0.047562    0.022154   -0.079361  
      1.386031  4.302099  0.736832    -0.009812   -0.010471   -0.049166  
      3.517054  6.244104  1.749532     0.011340    0.008773    0.049230  
      5.101755  1.610229  3.254226    -0.011359   -0.008809   -0.049222  
 
  30 f  =   11.378917 THz    71.495844 2PiTHz  379.559814 cm-1    47.059398 meV
             X         Y         Z           dx          dy          dz
      5.499996  1.927936  1.243182    -0.067364    0.073878   -0.000207  
      3.118814  5.926396  3.760576    -0.067330    0.073913   -0.000065  
      1.577878  6.231801  1.243182     0.018721   -0.020516   -0.000021  
      7.040931  1.622531  3.760576     0.018708   -0.020510   -0.000009  
      1.953479  2.839175  1.124867     0.015448   -0.003153   -0.006453  
      6.665331  5.015157  3.878890     0.015448   -0.003141   -0.006442  
      3.697673  2.310727  3.642261     0.001733   -0.015695    0.006463  
      4.921136  5.543605  1.361497     0.001719   -0.015702    0.006484  
      4.649722  4.394277  0.217931    -0.018384    0.057458   -0.053959  
      5.495806  4.851355  2.735324    -0.055553    0.023472    0.053987  
      3.969088  3.460055  4.785827    -0.018366    0.057464   -0.053972  
      3.123004  3.002977  2.268434    -0.055560    0.023523    0.053995  
      2.546376  1.292352  4.243096    -0.013454   -0.003457    0.003326  
      7.232779  3.552233  4.266926     0.055028    0.020681    0.040348  
      6.072434  6.561981  0.760662    -0.013491   -0.003391    0.003402  
      0.832852  1.787143  1.725702     0.004750    0.013036   -0.003256  
      7.785958  6.067189  3.278055     0.004764    0.013046   -0.003218  
      1.386031  4.302099  0.736832     0.055034    0.020676    0.040345  
      3.517054  6.244104  1.749532    -0.025680   -0.052838   -0.040477  
      5.101755  1.610229  3.254226    -0.025657   -0.052844   -0.040405  
 
  31 f  =   11.226943 THz    70.540964 2PiTHz  374.490511 cm-1    46.430885 meV
             X         Y         Z           dx          dy          dz
      5.499996  1.927936  1.243182     0.035057    0.031988    0.203621  
      3.118814  5.926396  3.760576    -0.035114   -0.031932   -0.203650  
      1.577878  6.231801  1.243182    -0.001989   -0.001842    0.009014  
      7.040931  1.622531  3.760576     0.002004    0.001832   -0.009014  
      1.953479  2.839175  1.124867     0.010120    0.017205   -0.008015  
      6.665331  5.015157  3.878890    -0.010105   -0.017212    0.008014  
      3.697673  2.310727  3.642261    -0.018073   -0.008466    0.007998  
      4.921136  5.543605  1.361497     0.018072    0.008455   -0.007988  
      4.649722  4.394277  0.217931    -0.022882    0.001826   -0.000291  
      5.495806  4.851355  2.735324     0.000287    0.022883    0.000304  
      3.969088  3.460055  4.785827     0.022864   -0.001779    0.000249  
      3.123004  3.002977  2.268434    -0.000331   -0.022881   -0.000261  
      2.546376  1.292352  4.243096    -0.024066    0.013747    0.017143  
      7.232779  3.552233  4.266926     0.004443   -0.020090   -0.055682  
      6.072434  6.561981  0.760662     0.024053   -0.013742   -0.017129  
      0.832852  1.787143  1.725702    -0.011511    0.025256   -0.017219  
      7.785958  6.067189  3.278055     0.011516   -0.025254    0.017217  
      1.386031  4.302099  0.736832    -0.004399    0.020101    0.055705  
      3.517054  6.244104  1.749532     0.019574   -0.006286    0.055629  
      5.101755  1.610229  3.254226    -0.019591    0.006255   -0.055667  
 
  32 f  =   11.034415 THz    69.331277 2PiTHz  368.068480 cm-1    45.634655 meV
             X         Y         Z           dx          dy          dz
      5.499996  1.927936  1.243182     0.045721   -0.050358    0.000231  
      3.118814  5.926396  3.760576     0.045739   -0.050369    0.000234  
      1.577878  6.231801  1.243182     0.014493   -0.015934   -0.000011  
      7.040931  1.622531  3.760576     0.014504   -0.015940   -0.000005  
      1.953479  2.839175  1.124867    -0.023291   -0.023985    0.024087  
      6.665331  5.015157  3.878890    -0.023287   -0.023977    0.024073  
      3.697673  2.310727  3.642261     0.026042    0.020983   -0.024062  
      4.921136  5.543605  1.361497     0.026044    0.020989   -0.024074  
      4.649722  4.394277  0.217931     0.008699   -0.014197    0.025059  
      5.495806  4.851355  2.735324     0.013405   -0.009900   -0.025092  
      3.969088  3.460055  4.785827     0.008673   -0.014193    0.025058  
      3.123004  3.002977  2.268434     0.013397   -0.009920   -0.025081  
      2.546376  1.292352  4.243096    -0.032274    0.073285   -0.009517  
      7.232779  3.552233  4.266926     0.022899    0.006233    0.054755  
      6.072434  6.561981  0.760662    -0.032247    0.073241   -0.009545  
      0.832852  1.787143  1.725702    -0.070018    0.038992    0.009518  
      7.785958  6.067189  3.278055    -0.070057    0.039027    0.009481  
      1.386031  4.302099  0.736832     0.022920    0.006226    0.054751  
      3.517054  6.244104  1.749532    -0.008351   -0.022280   -0.054781  
      5.101755  1.610229  3.254226    -0.008359   -0.022274   -0.054812  
 
  33 f  =   10.583882 THz    66.500492 2PiTHz  353.040302 cm-1    43.771399 meV
             X         Y         Z           dx          dy          dz
      5.499996  1.927936  1.243182    -0.000628    0.000744   -0.000016  
      3.118814  5.926396  3.760576     0.000670   -0.000677   -0.000041  
      1.577878  6.231801  1.243182    -0.020502    0.022525   -0.000003  
      7.040931  1.622531  3.760576     0.020519   -0.022498   -0.000003  
      1.953479  2.839175  1.124867     0.004553   -0.032787   -0.000095  
      6.665331  5.015157  3.878890    -0.004542    0.032762    0.000078  
      3.697673  2.310727  3.642261    -0.032233    0.007560   -0.000080  
      4.921136  5.543605  1.361497     0.032202   -0.007563    0.000078  
      4.649722  4.394277  0.217931     0.006273    0.019351   -0.005473  
      5.495806  4.851355  2.735324     0.019839    0.004475   -0.005460  
      3.969088  3.460055  4.785827    -0.006270   -0.019370    0.005471  
      3.123004  3.002977  2.268434    -0.019877   -0.004465    0.005481  
      2.546376  1.292352  4.243096    -0.072324    0.037106   -0.026457  
      7.232779  3.552233  4.266926    -0.063386    0.006639   -0.024279  
      6.072434  6.561981  0.760662     0.072253   -0.037084    0.026427  
      0.832852  1.787143  1.725702     0.030268   -0.075458   -0.026466  
      7.785958  6.067189  3.278055    -0.030222    0.075365    0.026425  
      1.386031  4.302099  0.736832     0.063410   -0.006643    0.024326  
      3.517054  6.244104  1.749532     0.000740   -0.063735   -0.024271  
      5.101755  1.610229  3.254226    -0.000739    0.063762    0.024351  
 
  34 f  =   10.480333 THz    65.849877 2PiTHz  349.586295 cm-1    43.343157 meV
             X         Y         Z           dx          dy          dz
      5.499996  1.927936  1.243182     0.047830    0.043559   -0.047017  
      3.118814  5.926396  3.760576     0.047827    0.043540   -0.047046  
      1.577878  6.231801  1.243182     0.021355    0.019422   -0.006541  
      7.040931  1.622531  3.760576     0.021308    0.019422   -0.006543  
      1.953479  2.839175  1.124867     0.001917   -0.025409   -0.007953  
      6.665331  5.015157  3.878890     0.001931   -0.025469   -0.007921  
      3.697673  2.310727  3.642261    -0.025098    0.004307   -0.007971  
      4.921136  5.543605  1.361497    -0.025112    0.004304   -0.008006  
      4.649722  4.394277  0.217931     0.002473   -0.024699    0.007874  
      5.495806  4.851355  2.735324    -0.024320    0.004842    0.007839  
      3.969088  3.460055  4.785827     0.002562   -0.024693    0.007889  
      3.123004  3.002977  2.268434    -0.024283    0.004768    0.007809  
      2.546376  1.292352  4.243096    -0.072771    0.038199   -0.028432  
      7.232779  3.552233  4.266926     0.023742   -0.002684    0.054261  
      6.072434  6.561981  0.760662    -0.072856    0.038261   -0.028480  
      0.832852  1.787143  1.725702     0.031210   -0.075953   -0.028415  
      7.785958  6.067189  3.278055     0.031206   -0.076019   -0.028439  
      1.386031  4.302099  0.736832     0.023616   -0.002691    0.054151  
      3.517054  6.244104  1.749532    -0.000487    0.023820    0.054106  
      5.101755  1.610229  3.254226    -0.000476    0.023783    0.054153  
 
  35 f  =   10.301345 THz    64.725261 2PiTHz  343.615891 cm-1    42.602922 meV
             X         Y         Z           dx          dy          dz
      5.499996  1.927936  1.243182     0.011530    0.010516    0.021545  
      3.118814  5.926396  3.760576    -0.011545   -0.010569   -0.021400  
      1.577878  6.231801  1.243182     0.021329    0.019431    0.012769  
      7.040931  1.622531  3.760576    -0.021346   -0.019451   -0.012767  
      1.953479  2.839175  1.124867     0.007952    0.021658   -0.029879  
      6.665331  5.015157  3.878890    -0.007953   -0.021628    0.029880  
      3.697673  2.310727  3.642261    -0.022268   -0.005918    0.029880  
      4.921136  5.543605  1.361497     0.022296    0.005913   -0.029882  
      4.649722  4.394277  0.217931    -0.060532    0.014953   -0.013843  
      5.495806  4.851355  2.735324    -0.009282    0.061647    0.013841  
      3.969088  3.460055  4.785827     0.060536   -0.014941    0.013840  
      3.123004  3.002977  2.268434     0.009293   -0.061648   -0.013847  
      2.546376  1.292352  4.243096     0.001349   -0.028810    0.009683  
      7.232779  3.552233  4.266926     0.048637    0.008920    0.064172  
      6.072434  6.561981  0.760662    -0.001277    0.028788   -0.009644  
      0.832852  1.787143  1.725702     0.028529   -0.003921   -0.009640  
      7.785958  6.067189  3.278055    -0.028565    0.004013    0.009682  
      1.386031  4.302099  0.736832    -0.048675   -0.008921   -0.064236  
      3.517054  6.244104  1.749532    -0.013389   -0.047620   -0.064234  
      5.101755  1.610229  3.254226     0.013378    0.047578    0.064156  
 
  36 f  =    9.950816 THz    62.522821 2PiTHz  331.923497 cm-1    41.153250 meV
             X         Y         Z           dx          dy          dz
      5.499996  1.927936  1.243182    -0.055362   -0.050825    0.090582  
      3.118814  5.926396  3.760576     0.055347    0.050820   -0.090558  
      1.577878  6.231801  1.243182     0.003903    0.003547   -0.020489  
      7.040931  1.622531  3.760576    -0.003901   -0.003559    0.020487  
      1.953479  2.839175  1.124867     0.014225    0.001577   -0.007825  
      6.665331  5.015157  3.878890    -0.014223   -0.001576    0.007842  
      3.697673  2.310727  3.642261    -0.002865   -0.014011    0.007855  
      4.921136  5.543605  1.361497     0.002846    0.014022   -0.007863  
      4.649722  4.394277  0.217931     0.019193   -0.034317    0.039972  
      5.495806  4.851355  2.735324     0.032435   -0.022176   -0.040006  
      3.969088  3.460055  4.785827    -0.019231    0.034291   -0.039949  
      3.123004  3.002977  2.268434    -0.032399    0.022203    0.039981  
      2.546376  1.292352  4.243096     0.045771   -0.073368   -0.006396  
      7.232779  3.552233  4.266926    -0.026063   -0.005104    0.011544  
      6.072434  6.561981  0.760662    -0.045774    0.073355    0.006361  
      0.832852  1.787143  1.725702     0.068796   -0.052323    0.006415  
      7.785958  6.067189  3.278055    -0.068783    0.052320   -0.006385  
      1.386031  4.302099  0.736832     0.026093    0.005113   -0.011579  
      3.517054  6.244104  1.749532     0.007450    0.025433   -0.011573  
      5.101755  1.610229  3.254226    -0.007452   -0.025412    0.011592  
 
  37 f  =    9.559763 THz    60.065765 2PiTHz  318.879381 cm-1    39.535987 meV
             X         Y         Z           dx          dy          dz
      5.499996  1.927936  1.243182    -0.052113    0.057259   -0.000048  
      3.118814  5.926396  3.760576    -0.052151    0.057291   -0.000015  
      1.577878  6.231801  1.243182     0.032853   -0.036070    0.000015  
      7.040931  1.622531  3.760576     0.032852   -0.036045   -0.000030  
      1.953479  2.839175  1.124867    -0.004245    0.014412    0.018615  
      6.665331  5.015157  3.878890    -0.004266    0.014403    0.018601  
      3.697673  2.310727  3.642261    -0.013942    0.005564   -0.018595  
      4.921136  5.543605  1.361497    -0.013922    0.005557   -0.018592  
      4.649722  4.394277  0.217931    -0.068712   -0.039283    0.025537  
      5.495806  4.851355  2.735324     0.045455    0.064741   -0.025518  
      3.969088  3.460055  4.785827    -0.068735   -0.039319    0.025568  
      3.123004  3.002977  2.268434     0.045512    0.064741   -0.025558  
      2.546376  1.292352  4.243096    -0.020420   -0.007692   -0.036579  
      7.232779  3.552233  4.266926     0.004254    0.007238   -0.034137  
      6.072434  6.561981  0.760662    -0.020396   -0.007695   -0.036558  
      0.832852  1.787143  1.725702     0.009523    0.019676    0.036600  
      7.785958  6.067189  3.278055     0.009536    0.019623    0.036579  
      1.386031  4.302099  0.736832     0.004272    0.007244   -0.034127  
      3.517054  6.244104  1.749532    -0.007599   -0.003607    0.034116  
      5.101755  1.610229  3.254226    -0.007586   -0.003539    0.034098  
 
  38 f  =    9.402609 THz    59.078338 2PiTHz  313.637292 cm-1    38.886051 meV
             X         Y         Z           dx          dy          dz
      5.499996  1.927936  1.243182     0.104759   -0.114984   -0.000125  
      3.118814  5.926396  3.760576    -0.104709    0.114936    0.000118  
      1.577878  6.231801  1.243182     0.014531   -0.015997    0.000151  
      7.040931  1.622531  3.760576    -0.014543    0.016016   -0.000153  
      1.953479  2.839175  1.124867     0.007676    0.007932    0.017279  
      6.665331  5.015157  3.878890    -0.007668   -0.007939   -0.017285  
      3.697673  2.310727  3.642261     0.008492    0.006863    0.017226  
      4.921136  5.543605  1.361497    -0.008494   -0.006868   -0.017221  
      4.649722  4.394277  0.217931     0.044389   -0.006672   -0.006457  
      5.495806  4.851355  2.735324    -0.002804    0.044630   -0.006287  
      3.969088  3.460055  4.785827    -0.044364    0.006685    0.006445  
      3.123004  3.002977  2.268434     0.002783   -0.044654    0.006301  
      2.546376  1.292352  4.243096     0.029443   -0.024038    0.002546  
      7.232779  3.552233  4.266926    -0.069945   -0.022896    0.000989  
      6.072434  6.561981  0.760662    -0.029449    0.024044   -0.002536  
      0.832852  1.787143  1.725702    -0.021171    0.031683    0.002644  
      7.785958  6.067189  3.278055     0.021172   -0.031691   -0.002658  
      1.386031  4.302099  0.736832     0.069952    0.022895   -0.000963  
      3.517054  6.244104  1.749532    -0.029286   -0.067739    0.001041  
      5.101755  1.610229  3.254226     0.029284    0.067742   -0.001055  
 
  39 f  =    9.141787 THz    57.439540 2PiTHz  304.937183 cm-1    37.807375 meV
             X         Y         Z           dx          dy          dz
      5.499996  1.927936  1.243182     0.039270    0.035728    0.011261  
      3.118814  5.926396  3.760576    -0.039404   -0.035795   -0.011256  
      1.577878  6.231801  1.243182     0.015963    0.014383   -0.061450  
      7.040931  1.622531  3.760576    -0.015968   -0.014429    0.061439  
      1.953479  2.839175  1.124867    -0.021407   -0.026280   -0.007297  
      6.665331  5.015157  3.878890     0.021422    0.026272    0.007327  
      3.697673  2.310727  3.642261     0.028141    0.018962    0.007433  
      4.921136  5.543605  1.361497    -0.028172   -0.018944   -0.007423  
      4.649722  4.394277  0.217931    -0.048127   -0.033059    0.013019  
      5.495806  4.851355  2.735324     0.037296    0.045050   -0.013019  
      3.969088  3.460055  4.785827     0.048080    0.033061   -0.013012  
      3.123004  3.002977  2.268434    -0.037240   -0.045013    0.012999  
      2.546376  1.292352  4.243096     0.019191    0.038995    0.027966  
      7.232779  3.552233  4.266926    -0.023343    0.006574    0.008729  
      6.072434  6.561981  0.760662    -0.019202   -0.039005   -0.027983  
      0.832852  1.787143  1.725702    -0.040715   -0.015306   -0.027926  
      7.785958  6.067189  3.278055     0.040729    0.015317    0.027962  
      1.386031  4.302099  0.736832     0.023437   -0.006565   -0.008771  
      3.517054  6.244104  1.749532    -0.004512    0.023474   -0.008676  
      5.101755  1.610229  3.254226     0.004515   -0.023380    0.008669  
 
  40 f  =    8.750196 THz    54.979105 2PiTHz  291.875133 cm-1    36.187888 meV
             X         Y         Z           dx          dy          dz
      5.499996  1.927936  1.243182     0.104631    0.095271   -0.064346  
      3.118814  5.926396  3.760576     0.104590    0.095247   -0.064381  
      1.577878  6.231801  1.243182     0.014297    0.013082   -0.003102  
      7.040931  1.622531  3.760576     0.014278    0.013064   -0.003034  
      1.953479  2.839175  1.124867    -0.012238    0.027240   -0.002632  
      6.665331  5.015157  3.878890    -0.012228    0.027266   -0.002626  
      3.697673  2.310727  3.642261     0.026046   -0.014728   -0.002666  
      4.921136  5.543605  1.361497     0.026016   -0.014737   -0.002677  
      4.649722  4.394277  0.217931    -0.012215   -0.015235    0.012935  
      5.495806  4.851355  2.735324    -0.016205   -0.010682    0.012903  
      3.969088  3.460055  4.785827    -0.012183   -0.015181    0.012904  
      3.123004  3.002977  2.268434    -0.016254   -0.010713    0.012934  
      2.546376  1.292352  4.243096     0.017986   -0.015627   -0.007231  
      7.232779  3.552233  4.266926    -0.082023    0.003666    0.017537  
      6.072434  6.561981  0.760662     0.017959   -0.015653   -0.007263  
      0.832852  1.787143  1.725702    -0.013932    0.019330   -0.007216  
      7.785958  6.067189  3.278055    -0.013908    0.019353   -0.007191  
      1.386031  4.302099  0.736832    -0.082008    0.003658    0.017535  
      3.517054  6.244104  1.749532    -0.003943   -0.082003    0.017381  
      5.101755  1.610229  3.254226    -0.003937   -0.082025    0.017385  
 
  41 f  =    8.692675 THz    54.617690 2PiTHz  289.956440 cm-1    35.950001 meV
             X         Y         Z           dx          dy          dz
      5.499996  1.927936  1.243182     0.120865   -0.132517   -0.000022  
      3.118814  5.926396  3.760576    -0.120844    0.132476    0.000024  
      1.577878  6.231801  1.243182    -0.029625    0.032596   -0.000095  
      7.040931  1.622531  3.760576     0.029637   -0.032609    0.000093  
      1.953479  2.839175  1.124867    -0.012078    0.011356   -0.013421  
      6.665331  5.015157  3.878890     0.012070   -0.011351    0.013426  
      3.697673  2.310727  3.642261     0.010287   -0.012962   -0.013438  
      4.921136  5.543605  1.361497    -0.010291    0.012970    0.013436  
      4.649722  4.394277  0.217931    -0.000232    0.029462   -0.011166  
      5.495806  4.851355  2.735324     0.029337   -0.002785   -0.011115  
      3.969088  3.460055  4.785827     0.000217   -0.029461    0.011171  
      3.123004  3.002977  2.268434    -0.029332    0.002797    0.011110  
      2.546376  1.292352  4.243096    -0.014409   -0.001143   -0.011039  
      7.232779  3.552233  4.266926     0.056007   -0.006332   -0.023607  
      6.072434  6.561981  0.760662     0.014399    0.001157    0.011039  
      0.832852  1.787143  1.725702    -0.002674   -0.014290   -0.011115  
      7.785958  6.067189  3.278055     0.002667    0.014296    0.011115  
      1.386031  4.302099  0.736832    -0.055998    0.006338    0.023585  
      3.517054  6.244104  1.749532    -0.001169    0.056303   -0.023535  
      5.101755  1.610229  3.254226     0.001164   -0.056311    0.023559  
 
  42 f  =    8.379983 THz    52.652984 2PiTHz  279.526132 cm-1    34.656808 meV
             X         Y         Z           dx          dy          dz
      5.499996  1.927936  1.243182    -0.048233   -0.068466    0.066466  
      3.118814  5.926396  3.760576    -0.048246   -0.068485    0.066450  
      1.577878  6.231801  1.243182     0.025397    0.023927    0.045522  
      7.040931  1.622531  3.760576     0.025397    0.023925    0.045548  
      1.953479  2.839175  1.124867    -0.005341    0.004284   -0.027345  
      6.665331  5.015157  3.878890    -0.005339    0.004297   -0.027350  
      3.697673  2.310727  3.642261    -0.000342   -0.008793   -0.027794  
      4.921136  5.543605  1.361497    -0.000356   -0.008795   -0.027793  
      4.649722  4.394277  0.217931     0.033362   -0.017173   -0.009052  
      5.495806  4.851355  2.735324    -0.015207    0.042429   -0.005577  
      3.969088  3.460055  4.785827     0.033356   -0.017144   -0.009070  
      3.123004  3.002977  2.268434    -0.015229    0.042434   -0.005561  
      2.546376  1.292352  4.243096    -0.026340    0.031675    0.005727  
      7.232779  3.552233  4.266926    -0.047856   -0.008528   -0.030331  
      6.072434  6.561981  0.760662    -0.026347    0.031654    0.005714  
      0.832852  1.787143  1.725702     0.032305   -0.025832    0.007173  
      7.785958  6.067189  3.278055     0.032321   -0.025826    0.007182  
      1.386031  4.302099  0.736832    -0.047842   -0.008531   -0.030320  
      3.517054  6.244104  1.749532    -0.016628   -0.052017   -0.028251  
      5.101755  1.610229  3.254226    -0.016627   -0.052028   -0.028256  
 
  43 f  =    8.373801 THz    52.614146 2PiTHz  279.319952 cm-1    34.631245 meV
             X         Y         Z           dx          dy          dz
      5.499996  1.927936  1.243182    -0.144554    0.147997    0.005824  
      3.118814  5.926396  3.760576    -0.144601    0.148019    0.005816  
      1.577878  6.231801  1.243182     0.007180   -0.003302    0.003983  
      7.040931  1.622531  3.760576     0.007189   -0.003299    0.003984  
      1.953479  2.839175  1.124867    -0.020534   -0.021439   -0.005199  
      6.665331  5.015157  3.878890    -0.020526   -0.021450   -0.005191  
      3.697673  2.310727  3.642261     0.023579    0.017146    0.000373  
      4.921136  5.543605  1.361497     0.023578    0.017151    0.000365  
      4.649722  4.394277  0.217931     0.046035   -0.012166    0.019183  
      5.495806  4.851355  2.735324     0.005231   -0.040255   -0.020431  
      3.969088  3.460055  4.785827     0.046027   -0.012154    0.019174  
      3.123004  3.002977  2.268434     0.005200   -0.040257   -0.020410  
      2.546376  1.292352  4.243096     0.018421    0.019601    0.009241  
      7.232779  3.552233  4.266926    -0.035618   -0.019116    0.008115  
      6.072434  6.561981  0.760662     0.018423    0.019613    0.009248  
      0.832852  1.787143  1.725702    -0.015867   -0.021323   -0.008100  
      7.785958  6.067189  3.278055    -0.015861   -0.021329   -0.008090  
      1.386031  4.302099  0.736832    -0.035605   -0.019104    0.008098  
      3.517054  6.244104  1.749532     0.019752    0.025026   -0.013307  
      5.101755  1.610229  3.254226     0.019757    0.025019   -0.013272  
 
  44 f  =    8.146710 THz    51.187287 2PiTHz  271.744986 cm-1    33.692069 meV
             X         Y         Z           dx          dy          dz
      5.499996  1.927936  1.243182    -0.105494   -0.095861    0.024612  
      3.118814  5.926396  3.760576     0.105433    0.095905   -0.024608  
      1.577878  6.231801  1.243182     0.019940    0.018177   -0.016329  
      7.040931  1.622531  3.760576    -0.019963   -0.018148    0.016336  
      1.953479  2.839175  1.124867    -0.016254   -0.017765    0.014514  
      6.665331  5.015157  3.878890     0.016263    0.017764   -0.014502  
      3.697673  2.310727  3.642261     0.019187    0.014530   -0.014491  
      4.921136  5.543605  1.361497    -0.019172   -0.014548    0.014475  
      4.649722  4.394277  0.217931    -0.022923    0.047901   -0.041169  
      5.495806  4.851355  2.735324    -0.045575    0.027299    0.041163  
      3.969088  3.460055  4.785827     0.022919   -0.047934    0.041183  
      3.123004  3.002977  2.268434     0.045599   -0.027291   -0.041169  
      2.546376  1.292352  4.243096     0.032308   -0.006033   -0.015175  
      7.232779  3.552233  4.266926     0.022568    0.011582   -0.042228  
      6.072434  6.561981  0.760662    -0.032288    0.006000    0.015145  
      0.832852  1.787143  1.725702     0.003026   -0.032700    0.015211  
      7.785958  6.067189  3.278055    -0.002998    0.032684   -0.015184  
      1.386031  4.302099  0.736832    -0.022600   -0.011584    0.042292  
      3.517054  6.244104  1.749532    -0.013598   -0.021452    0.042243  
      5.101755  1.610229  3.254226     0.013612    0.021465   -0.042327  
 
  45 f  =    7.950581 THz    49.954976 2PiTHz  265.202847 cm-1    32.880948 meV
             X         Y         Z           dx          dy          dz
      5.499996  1.927936  1.243182    -0.018144    0.020141    0.000111  
      3.118814  5.926396  3.760576    -0.018292    0.020072    0.000143  
      1.577878  6.231801  1.243182    -0.026660    0.029218    0.000147  
      7.040931  1.622531  3.760576    -0.026642    0.029232    0.000134  
      1.953479  2.839175  1.124867     0.022017   -0.002106    0.016954  
      6.665331  5.015157  3.878890     0.022001   -0.002122    0.016962  
      3.697673  2.310727  3.642261    -0.000018   -0.022121   -0.017086  
      4.921136  5.543605  1.361497     0.000003   -0.022104   -0.017097  
      4.649722  4.394277  0.217931    -0.027371   -0.033447    0.006244  
      5.495806  4.851355  2.735324     0.035760    0.024262   -0.006316  
      3.969088  3.460055  4.785827    -0.027391   -0.033414    0.006215  
      3.123004  3.002977  2.268434     0.035731    0.024290   -0.006285  
      2.546376  1.292352  4.243096     0.009722   -0.039016   -0.036736  
      7.232779  3.552233  4.266926    -0.015672   -0.002496    0.082145  
      6.072434  6.561981  0.760662     0.009764   -0.039025   -0.036747  
      0.832852  1.787143  1.725702     0.038018   -0.013349    0.036814  
      7.785958  6.067189  3.278055     0.038008   -0.013364    0.036825  
      1.386031  4.302099  0.736832    -0.015683   -0.002494    0.082129  
      3.517054  6.244104  1.749532     0.003945    0.015538   -0.082383  
      5.101755  1.610229  3.254226     0.003930    0.015509   -0.082342  
 
  46 f  =    7.514523 THz    47.215137 2PiTHz  250.657490 cm-1    31.077554 meV
             X         Y         Z           dx          dy          dz
      5.499996  1.927936  1.243182     0.118499    0.107860    0.015077  
      3.118814  5.926396  3.760576     0.118456    0.107895    0.015068  
      1.577878  6.231801  1.243182    -0.012946   -0.011890    0.052523  
      7.040931  1.622531  3.760576    -0.012959   -0.011867    0.052531  
      1.953479  2.839175  1.124867    -0.005979   -0.014430   -0.023332  
      6.665331  5.015157  3.878890    -0.005990   -0.014420   -0.023343  
      3.697673  2.310727  3.642261    -0.014891   -0.004536   -0.023294  
      4.921136  5.543605  1.361497    -0.014891   -0.004556   -0.023298  
      4.649722  4.394277  0.217931    -0.000738   -0.024730   -0.009564  
      5.495806  4.851355  2.735324    -0.024810    0.001471   -0.009542  
      3.969088  3.460055  4.785827    -0.000732   -0.024710   -0.009568  
      3.123004  3.002977  2.268434    -0.024781    0.001480   -0.009553  
      2.546376  1.292352  4.243096     0.007282   -0.010766    0.011938  
      7.232779  3.552233  4.266926     0.041674    0.004105   -0.038759  
      6.072434  6.561981  0.760662     0.007299   -0.010801    0.011937  
      0.832852  1.787143  1.725702    -0.010245    0.008314    0.011813  
      7.785958  6.067189  3.278055    -0.010258    0.008325    0.011801  
      1.386031  4.302099  0.736832     0.041660    0.004089   -0.038739  
      3.517054  6.244104  1.749532     0.007938    0.041040   -0.038507  
      5.101755  1.610229  3.254226     0.007927    0.041018   -0.038479  
 
  47 f  =    7.230743 THz    45.432097 2PiTHz  241.191618 cm-1    29.903936 meV
             X         Y         Z           dx          dy          dz
      5.499996  1.927936  1.243182    -0.056364    0.061272    0.000228  
      3.118814  5.926396  3.760576     0.056440   -0.061218   -0.000227  
      1.577878  6.231801  1.243182    -0.036917    0.040285    0.000020  
      7.040931  1.622531  3.760576     0.036912   -0.040286    0.000010  
      1.953479  2.839175  1.124867    -0.024885    0.013212   -0.012517  
      6.665331  5.015157  3.878890     0.024881   -0.013219    0.012512  
      3.697673  2.310727  3.642261     0.010824   -0.025887   -0.012467  
      4.921136  5.543605  1.361497    -0.010833    0.025880    0.012445  
      4.649722  4.394277  0.217931     0.014622    0.043045   -0.015758  
      5.495806  4.851355  2.735324     0.044278    0.010601   -0.015724  
      3.969088  3.460055  4.785827    -0.014639   -0.043071    0.015757  
      3.123004  3.002977  2.268434    -0.044282   -0.010591    0.015714  
      2.546376  1.292352  4.243096     0.025987   -0.045102   -0.012466  
      7.232779  3.552233  4.266926    -0.030450   -0.025216    0.038833  
      6.072434  6.561981  0.760662    -0.025985    0.045091    0.012462  
      0.832852  1.787143  1.725702    -0.042694    0.030239   -0.012431  
      7.785958  6.067189  3.278055     0.042696   -0.030239    0.012445  
      1.386031  4.302099  0.736832     0.030470    0.025220   -0.038839  
      3.517054  6.244104  1.749532    -0.027877   -0.027871    0.038482  
      5.101755  1.610229  3.254226     0.027883    0.027896   -0.038515  
 
  48 f  =    7.076573 THz    44.463419 2PiTHz  236.049065 cm-1    29.266341 meV
             X         Y         Z           dx          dy          dz
      5.499996  1.927936  1.243182     0.093087    0.085208   -0.085624  
      3.118814  5.926396  3.760576    -0.093088   -0.085184    0.085619  
      1.577878  6.231801  1.243182     0.037529    0.034406    0.011690  
      7.040931  1.622531  3.760576    -0.037529   -0.034412   -0.011683  
      1.953479  2.839175  1.124867     0.023352   -0.004247    0.005618  
      6.665331  5.015157  3.878890    -0.023353    0.004237   -0.005620  
      3.697673  2.310727  3.642261     0.002123   -0.023769   -0.005747  
      4.921136  5.543605  1.361497    -0.002129    0.023782    0.005744  
      4.649722  4.394277  0.217931    -0.001799    0.002782    0.011844  
      5.495806  4.851355  2.735324    -0.002359    0.002044   -0.011897  
      3.969088  3.460055  4.785827     0.001812   -0.002775   -0.011846  
      3.123004  3.002977  2.268434     0.002364   -0.002052    0.011884  
      2.546376  1.292352  4.243096     0.025877   -0.036147    0.013241  
      7.232779  3.552233  4.266926     0.006491    0.001762   -0.057364  
      6.072434  6.561981  0.760662    -0.025879    0.036158   -0.013238  
      0.832852  1.787143  1.725702     0.033371   -0.028951   -0.013338  
      7.785958  6.067189  3.278055    -0.033369    0.028939    0.013337  
      1.386031  4.302099  0.736832    -0.006484   -0.001766    0.057351  
      3.517054  6.244104  1.749532    -0.002534   -0.006482    0.057663  
      5.101755  1.610229  3.254226     0.002534    0.006492   -0.057647  
 
  49 f  =    6.491053 THz    40.784491 2PiTHz  216.518232 cm-1    26.844827 meV
             X         Y         Z           dx          dy          dz
      5.499996  1.927936  1.243182    -0.093035   -0.084837   -0.053218  
      3.118814  5.926396  3.760576     0.093045    0.084861    0.053205  
      1.577878  6.231801  1.243182     0.011960    0.010862    0.052102  
      7.040931  1.622531  3.760576    -0.011966   -0.010862   -0.052095  
      1.953479  2.839175  1.124867    -0.005251    0.005302   -0.014497  
      6.665331  5.015157  3.878890     0.005260   -0.005304    0.014498  
      3.697673  2.310727  3.642261    -0.004823    0.005717    0.014592  
      4.921136  5.543605  1.361497     0.004816   -0.005717   -0.014597  
      4.649722  4.394277  0.217931    -0.027321   -0.034785    0.017807  
      5.495806  4.851355  2.735324     0.037150    0.024058   -0.017864  
      3.969088  3.460055  4.785827     0.027319    0.034776   -0.017807  
      3.123004  3.002977  2.268434    -0.037136   -0.024049    0.017858  
      2.546376  1.292352  4.243096     0.006016    0.022937    0.050823  
      7.232779  3.552233  4.266926    -0.026825   -0.022066   -0.016018  
      6.072434  6.561981  0.760662    -0.006020   -0.022935   -0.050824  
      0.832852  1.787143  1.725702    -0.023388   -0.003900   -0.050774  
      7.785958  6.067189  3.278055     0.023397    0.003900    0.050784  
      1.386031  4.302099  0.736832     0.026827    0.022062    0.016020  
      3.517054  6.244104  1.749532     0.024503    0.024730    0.015866  
      5.101755  1.610229  3.254226    -0.024514   -0.024737   -0.015876  
 
  50 f  =    6.180383 THz    38.832493 2PiTHz  206.155394 cm-1    25.560000 meV
             X         Y         Z           dx          dy          dz
      5.499996  1.927936  1.243182    -0.042592   -0.038932    0.028019  
      3.118814  5.926396  3.760576    -0.042606   -0.038933    0.028038  
      1.577878  6.231801  1.243182     0.041744    0.038080   -0.000267  
      7.040931  1.622531  3.760576     0.041747    0.038081   -0.000279  
      1.953479  2.839175  1.124867    -0.027848    0.005936   -0.001861  
      6.665331  5.015157  3.878890    -0.027861    0.005941   -0.001856  
      3.697673  2.310727  3.642261     0.003302   -0.028316   -0.001853  
      4.921136  5.543605  1.361497     0.003293   -0.028312   -0.001853  
      4.649722  4.394277  0.217931    -0.034199   -0.044976    0.022244  
      5.495806  4.851355  2.735324    -0.047926   -0.029870    0.022239  
      3.969088  3.460055  4.785827    -0.034183   -0.044971    0.022235  
      3.123004  3.002977  2.268434    -0.047924   -0.029874    0.022242  
      2.546376  1.292352  4.243096     0.014557   -0.051898   -0.019103  
      7.232779  3.552233  4.266926     0.034620    0.024979   -0.005613  
      6.072434  6.561981  0.760662     0.014551   -0.051902   -0.019113  
      0.832852  1.787143  1.725702    -0.050302    0.019338   -0.019105  
      7.785958  6.067189  3.278055    -0.050309    0.019342   -0.019092  
      1.386031  4.302099  0.736832     0.034628    0.024977   -0.005610  
      3.517054  6.244104  1.749532     0.028037    0.032119   -0.005597  
      5.101755  1.610229  3.254226     0.028041    0.032111   -0.005608  
 
  51 f  =    5.735238 THz    36.035563 2PiTHz  191.306949 cm-1    23.719028 meV
             X         Y         Z           dx          dy          dz
      5.499996  1.927936  1.243182     0.010441   -0.011658   -0.000001  
      3.118814  5.926396  3.760576    -0.010444    0.011664    0.000004  
      1.577878  6.231801  1.243182    -0.027073    0.029687    0.000025  
      7.040931  1.622531  3.760576     0.027069   -0.029689   -0.000026  
      1.953479  2.839175  1.124867     0.038223    0.031230   -0.022730  
      6.665331  5.015157  3.878890    -0.038219   -0.031229    0.022728  
      3.697673  2.310727  3.642261     0.034639    0.035194   -0.022712  
      4.921136  5.543605  1.361497    -0.034638   -0.035191    0.022713  
      4.649722  4.394277  0.217931    -0.028461   -0.045329    0.033271  
      5.495806  4.851355  2.735324    -0.047734   -0.024114    0.033265  
      3.969088  3.460055  4.785827     0.028468    0.045343   -0.033280  
      3.123004  3.002977  2.268434     0.047740    0.024110   -0.033270  
      2.546376  1.292352  4.243096     0.022083    0.046724   -0.006040  
      7.232779  3.552233  4.266926    -0.021002   -0.025816    0.018375  
      6.072434  6.561981  0.760662    -0.022080   -0.046722    0.006042  
      0.832852  1.787143  1.725702     0.048530    0.017646   -0.006091  
      7.785958  6.067189  3.278055    -0.048523   -0.017647    0.006092  
      1.386031  4.302099  0.736832     0.020996    0.025812   -0.018364  
      3.517054  6.244104  1.749532    -0.027634   -0.018513    0.018363  
      5.101755  1.610229  3.254226     0.027635    0.018515   -0.018369  
 
  52 f  =    5.384367 THz    33.830978 2PiTHz  179.603162 cm-1    22.267944 meV
             X         Y         Z           dx          dy          dz
      5.499996  1.927936  1.243182    -0.039932    0.044002    0.000000  
      3.118814  5.926396  3.760576     0.039913   -0.043992    0.000001  
      1.577878  6.231801  1.243182    -0.024003    0.026352   -0.000022  
      7.040931  1.622531  3.760576     0.023998   -0.026347    0.000018  
      1.953479  2.839175  1.124867     0.008440    0.017877    0.053957  
      6.665331  5.015157  3.878890    -0.008429   -0.017872   -0.053956  
      3.697673  2.310727  3.642261     0.018585    0.006674    0.053945  
      4.921136  5.543605  1.361497    -0.018591   -0.006678   -0.053939  
      4.649722  4.394277  0.217931     0.008763   -0.032361   -0.033485  
      5.495806  4.851355  2.735324    -0.031474    0.011716   -0.033480  
      3.969088  3.460055  4.785827    -0.008760    0.032344    0.033497  
      3.123004  3.002977  2.268434     0.031482   -0.011716    0.033482  
      2.546376  1.292352  4.243096     0.010372   -0.008925    0.009012  
      7.232779  3.552233  4.266926     0.006609   -0.012216   -0.067565  
      6.072434  6.561981  0.760662    -0.010384    0.008924   -0.009012  
      0.832852  1.787143  1.725702    -0.007865    0.011184    0.009066  
      7.785958  6.067189  3.278055     0.007862   -0.011168   -0.009067  
      1.386031  4.302099  0.736832    -0.006588    0.012221    0.067554  
      3.517054  6.244104  1.749532    -0.011575    0.007745   -0.067548  
      5.101755  1.610229  3.254226     0.011568   -0.007757    0.067558  
 
  53 f  =    4.932164 THz    30.989700 2PiTHz  164.519278 cm-1    20.397782 meV
             X         Y         Z           dx          dy          dz
      5.499996  1.927936  1.243182     0.041548   -0.045574    0.000005  
      3.118814  5.926396  3.760576     0.041548   -0.045590    0.000010  
      1.577878  6.231801  1.243182     0.028070   -0.030834    0.000015  
      7.040931  1.622531  3.760576     0.028123   -0.030789   -0.000010  
      1.953479  2.839175  1.124867    -0.026610   -0.006710    0.008047  
      6.665331  5.015157  3.878890    -0.026614   -0.006685    0.008034  
      3.697673  2.310727  3.642261     0.009146    0.025862   -0.008031  
      4.921136  5.543605  1.361497     0.009114    0.025855   -0.008055  
      4.649722  4.394277  0.217931    -0.030706    0.046062   -0.016801  
      5.495806  4.851355  2.735324    -0.043050    0.034807    0.016787  
      3.969088  3.460055  4.785827    -0.030676    0.046095   -0.016800  
      3.123004  3.002977  2.268434    -0.043076    0.034795    0.016823  
      2.546376  1.292352  4.243096     0.041085   -0.013316   -0.002084  
      7.232779  3.552233  4.266926    -0.068366   -0.018685    0.025867  
      6.072434  6.561981  0.760662     0.041032   -0.013300   -0.002115  
      0.832852  1.787143  1.725702     0.009408   -0.042124    0.002068  
      7.785958  6.067189  3.278055     0.009400   -0.042071    0.002099  
      1.386031  4.302099  0.736832    -0.068426   -0.018726    0.025907  
      3.517054  6.244104  1.749532     0.024959    0.066375   -0.025873  
      5.101755  1.610229  3.254226     0.025005    0.066434   -0.025883  
 
  54 f  =    4.610337 THz    28.967603 2PiTHz  153.784296 cm-1    19.066814 meV
             X         Y         Z           dx          dy          dz
      5.499996  1.927936  1.243182     0.015402    0.014150   -0.006100  
      3.118814  5.926396  3.760576    -0.015445   -0.014089    0.006093  
      1.577878  6.231801  1.243182    -0.044989   -0.040963    0.015342  
      7.040931  1.622531  3.760576     0.044954    0.040991   -0.015347  
      1.953479  2.839175  1.124867    -0.009203   -0.021606   -0.003631  
      6.665331  5.015157  3.878890     0.009239    0.021615    0.003625  
      3.697673  2.310727  3.642261     0.022365    0.007161    0.003669  
      4.921136  5.543605  1.361497    -0.022377   -0.007183   -0.003657  
      4.649722  4.394277  0.217931    -0.017076   -0.025423    0.011820  
      5.495806  4.851355  2.735324     0.026900    0.014653   -0.011849  
      3.969088  3.460055  4.785827     0.017120    0.025366   -0.011792  
      3.123004  3.002977  2.268434    -0.026851   -0.014682    0.011837  
      2.546376  1.292352  4.243096     0.043625   -0.010228    0.024039  
      7.232779  3.552233  4.266926     0.060890    0.033710   -0.022277  
      6.072434  6.561981  0.760662    -0.043676    0.010248   -0.024038  
      0.832852  1.787143  1.725702     0.006125   -0.044387   -0.024036  
      7.785958  6.067189  3.278055    -0.006130    0.044429    0.024031  
      1.386031  4.302099  0.736832    -0.060805   -0.033693    0.022239  
      3.517054  6.244104  1.749532    -0.039208   -0.057501    0.022248  
      5.101755  1.610229  3.254226     0.039175    0.057430   -0.022220  
 
  55 f  =    3.717365 THz    23.356891 2PiTHz  123.997940 cm-1    15.373778 meV
             X         Y         Z           dx          dy          dz
      5.499996  1.927936  1.243182     0.001798    0.001499   -0.004948  
      3.118814  5.926396  3.760576    -0.001794   -0.001492    0.004934  
      1.577878  6.231801  1.243182    -0.022810   -0.020800    0.009245  
      7.040931  1.622531  3.760576     0.022806    0.020801   -0.009240  
      1.953479  2.839175  1.124867     0.044891   -0.032365   -0.005774  
      6.665331  5.015157  3.878890    -0.044878    0.032357    0.005771  
      3.697673  2.310727  3.642261     0.028046   -0.047703    0.005717  
      4.921136  5.543605  1.361497    -0.028048    0.047700   -0.005720  
      4.649722  4.394277  0.217931    -0.043657    0.048152   -0.002297  
      5.495806  4.851355  2.735324    -0.043906    0.047993    0.002371  
      3.969088  3.460055  4.785827     0.043669   -0.048148    0.002289  
      3.123004  3.002977  2.268434     0.043917   -0.048005   -0.002379  
      2.546376  1.292352  4.243096    -0.003315   -0.010476    0.007315  
      7.232779  3.552233  4.266926    -0.060870    0.024022    0.005985  
      6.072434  6.561981  0.760662     0.003314    0.010482   -0.007310  
      0.832852  1.787143  1.725702     0.010748    0.002311   -0.007327  
      7.785958  6.067189  3.278055    -0.010737   -0.002314    0.007325  
      1.386031  4.302099  0.736832     0.060862   -0.024026   -0.005978  
      3.517054  6.244104  1.749532    -0.018279    0.062839   -0.005977  
      5.101755  1.610229  3.254226     0.018278   -0.062863    0.005986  
 
  56 f  =    2.641185 THz    16.595052 2PiTHz   88.100432 cm-1    10.923057 meV
             X         Y         Z           dx          dy          dz
      5.499996  1.927936  1.243182     0.020628   -0.022674   -0.000007  
      3.118814  5.926396  3.760576    -0.020633    0.022680   -0.000005  
      1.577878  6.231801  1.243182     0.006797   -0.007478    0.000000  
      7.040931  1.622531  3.760576    -0.006808    0.007478   -0.000010  
      1.953479  2.839175  1.124867     0.019725    0.010135    0.023647  
      6.665331  5.015157  3.878890    -0.019716   -0.010134   -0.023645  
      3.697673  2.310727  3.642261     0.011938    0.018662    0.023656  
      4.921136  5.543605  1.361497    -0.011938   -0.018664   -0.023648  
      4.649722  4.394277  0.217931    -0.073886    0.039261   -0.069360  
      5.495806  4.851355  2.735324     0.032217   -0.077168   -0.069356  
      3.969088  3.460055  4.785827     0.073917   -0.039286    0.069384  
      3.123004  3.002977  2.268434    -0.032229    0.077190    0.069378  
      2.546376  1.292352  4.243096     0.003942    0.016107    0.009486  
      7.232779  3.552233  4.266926    -0.013838    0.005690    0.032126  
      6.072434  6.561981  0.760662    -0.003949   -0.016107   -0.009487  
      0.832852  1.787143  1.725702     0.016397    0.002448    0.009472  
      7.785958  6.067189  3.278055    -0.016398   -0.002445   -0.009479  
      1.386031  4.302099  0.736832     0.013845   -0.005694   -0.032144  
      3.517054  6.244104  1.749532     0.004375   -0.014249    0.032116  
      5.101755  1.610229  3.254226    -0.004385    0.014239   -0.032128  
 
  57 f  =    2.492211 THz    15.659023 2PiTHz   83.131209 cm-1    10.306952 meV
             X         Y         Z           dx          dy          dz
      5.499996  1.927936  1.243182    -0.004848   -0.004411    0.033526  
      3.118814  5.926396  3.760576    -0.004844   -0.004399    0.033526  
      1.577878  6.231801  1.243182     0.011006    0.010014    0.024645  
      7.040931  1.622531  3.760576     0.011006    0.010022    0.024651  
      1.953479  2.839175  1.124867    -0.010001   -0.002005   -0.017267  
      6.665331  5.015157  3.878890    -0.010002   -0.002007   -0.017276  
      3.697673  2.310727  3.642261    -0.002908   -0.009784   -0.017260  
      4.921136  5.543605  1.361497    -0.002912   -0.009796   -0.017280  
      4.649722  4.394277  0.217931    -0.065894    0.051995   -0.066414  
      5.495806  4.851355  2.735324     0.045697   -0.070443   -0.066417  
      3.969088  3.460055  4.785827    -0.065863    0.051990   -0.066384  
      3.123004  3.002977  2.268434     0.045678   -0.070421   -0.066387  
      2.546376  1.292352  4.243096     0.001765    0.003472    0.012011  
      7.232779  3.552233  4.266926    -0.004464    0.013825    0.040903  
      6.072434  6.561981  0.760662     0.001759    0.003467    0.012003  
      0.832852  1.787143  1.725702     0.003633    0.001417    0.012008  
      7.785958  6.067189  3.278055     0.003631    0.001424    0.012005  
      1.386031  4.302099  0.736832    -0.004476    0.013818    0.040898  
      3.517054  6.244104  1.749532     0.013360   -0.005759    0.040907  
      5.101755  1.610229  3.254226     0.013361   -0.005738    0.040902  
 
  58 fi =    0.005799 THz     0.036436 2PiTHz    0.193431 cm-1     0.023982 meV
             X         Y         Z           dx          dy          dz
      5.499996  1.927936  1.243182    -0.036843    0.033178   -0.001943  
      3.118814  5.926396  3.760576    -0.036845    0.033177   -0.001942  
      1.577878  6.231801  1.243182    -0.036768    0.033112   -0.001944  
      7.040931  1.622531  3.760576    -0.036766    0.033114   -0.001945  
      1.953479  2.839175  1.124867    -0.036738    0.033093   -0.001940  
      6.665331  5.015157  3.878890    -0.036742    0.033097   -0.001939  
      3.697673  2.310727  3.642261    -0.036749    0.033080   -0.001943  
      4.921136  5.543605  1.361497    -0.036752    0.033084   -0.001943  
      4.649722  4.394277  0.217931    -0.036742    0.033040   -0.001912  
      5.495806  4.851355  2.735324    -0.036693    0.033076   -0.001972  
      3.969088  3.460055  4.785827    -0.036738    0.033035   -0.001914  
      3.123004  3.002977  2.268434    -0.036691    0.033072   -0.001971  
      2.546376  1.292352  4.243096    -0.036762    0.033090   -0.001958  
      7.232779  3.552233  4.266926    -0.036735    0.033090   -0.001949  
      6.072434  6.561981  0.760662    -0.036764    0.033092   -0.001959  
      0.832852  1.787143  1.725702    -0.036743    0.033099   -0.001933  
      7.785958  6.067189  3.278055    -0.036744    0.033099   -0.001932  
      1.386031  4.302099  0.736832    -0.036728    0.033087   -0.001951  
      3.517054  6.244104  1.749532    -0.036747    0.033077   -0.001937  
      5.101755  1.610229  3.254226    -0.036745    0.033072   -0.001939  
 
  59 fi =    0.007433 THz     0.046703 2PiTHz    0.247938 cm-1     0.030740 meV
             X         Y         Z           dx          dy          dz
      5.499996  1.927936  1.243182    -0.033179   -0.036776    0.001380  
      3.118814  5.926396  3.760576    -0.033181   -0.036778    0.001380  
      1.577878  6.231801  1.243182    -0.033121   -0.036708    0.001352  
      7.040931  1.622531  3.760576    -0.033121   -0.036709    0.001353  
      1.953479  2.839175  1.124867    -0.033169   -0.036724    0.001352  
      6.665331  5.015157  3.878890    -0.033169   -0.036725    0.001352  
      3.697673  2.310727  3.642261    -0.033147   -0.036754    0.001354  
      4.921136  5.543605  1.361497    -0.033149   -0.036756    0.001355  
      4.649722  4.394277  0.217931    -0.033203   -0.036712    0.001333  
      5.495806  4.851355  2.735324    -0.033141   -0.036787    0.001337  
      3.969088  3.460055  4.785827    -0.033205   -0.036708    0.001330  
      3.123004  3.002977  2.268434    -0.033139   -0.036787    0.001336  
      2.546376  1.292352  4.243096    -0.033146   -0.036782    0.001314  
      7.232779  3.552233  4.266926    -0.033085   -0.036691    0.001359  
      6.072434  6.561981  0.760662    -0.033148   -0.036783    0.001314  
      0.832852  1.787143  1.725702    -0.033185   -0.036729    0.001315  
      7.785958  6.067189  3.278055    -0.033186   -0.036728    0.001316  
      1.386031  4.302099  0.736832    -0.033086   -0.036690    0.001361  
      3.517054  6.244104  1.749532    -0.033106   -0.036668    0.001353  
      5.101755  1.610229  3.254226    -0.033104   -0.036666    0.001353  
 
  60 fi =    0.016371 THz     0.102860 2PiTHz    0.546066 cm-1     0.067704 meV
             X         Y         Z           dx          dy          dz
      5.499996  1.927936  1.243182     0.000566   -0.002286   -0.049661  
      3.118814  5.926396  3.760576     0.000567   -0.002287   -0.049660  
      1.577878  6.231801  1.243182     0.000494   -0.002346   -0.049593  
      7.040931  1.622531  3.760576     0.000495   -0.002346   -0.049593  
      1.953479  2.839175  1.124867     0.000600   -0.002282   -0.049326  
      6.665331  5.015157  3.878890     0.000600   -0.002282   -0.049327  
      3.697673  2.310727  3.642261     0.000566   -0.002244   -0.049325  
      4.921136  5.543605  1.361497     0.000566   -0.002244   -0.049327  
      4.649722  4.394277  0.217931     0.000929   -0.002591   -0.049034  
      5.495806  4.851355  2.735324     0.000283   -0.001887   -0.049031  
      3.969088  3.460055  4.785827     0.000928   -0.002590   -0.049034  
      3.123004  3.002977  2.268434     0.000284   -0.001888   -0.049031  
      2.546376  1.292352  4.243096     0.000511   -0.002334   -0.049560  
      7.232779  3.552233  4.266926     0.000540   -0.002376   -0.049623  
      6.072434  6.561981  0.760662     0.000511   -0.002334   -0.049560  
      0.832852  1.787143  1.725702     0.000506   -0.002330   -0.049561  
      7.785958  6.067189  3.278055     0.000507   -0.002331   -0.049561  
      1.386031  4.302099  0.736832     0.000539   -0.002376   -0.049621  
      3.517054  6.244104  1.749532     0.000467   -0.002294   -0.049623  
      5.101755  1.610229  3.254226     0.000467   -0.002295   -0.049621  
 
