 Eigenvectors and eigenvalues of the dynamical matrix
 ----------------------------------------------------
 
 
   1 f  =   16.843676 THz   105.831940 2PiTHz  561.844569 cm-1    69.659817 meV
             X         Y         Z           dx          dy          dz
      4.490867  3.276386  1.765251    -0.000074    0.081935   -0.000029  
      2.245430  1.468596  1.765251     0.000074   -0.081960   -0.000030  
      0.000000  0.000000  0.000000    -0.000000   -0.000009    0.000002  
      2.245428  3.361479  1.765251    -0.000185    0.168300   -0.000014  
      4.490870  1.383502  1.765251     0.000184   -0.168199   -0.000014  
      2.245433 -0.000000  0.000000     0.000001    0.000004   -0.000012  
 
   2 f  =   14.424686 THz    90.632976 2PiTHz  481.155737 cm-1    59.655681 meV
             X         Y         Z           dx          dy          dz
      4.490867  3.276386  1.765251     0.000044    0.186312   -0.000003  
      2.245430  1.468596  1.765251     0.000044    0.186021    0.000003  
      0.000000  0.000000  0.000000     0.000005    0.007750    0.000000  
      2.245428  3.361479  1.765251     0.000184   -0.124971    0.000023  
      4.490870  1.383502  1.765251     0.000185   -0.124999   -0.000023  
      2.245433 -0.000000  0.000000    -0.000287    0.019031   -0.000000  
 
   3 f  =   13.999770 THz    87.963149 2PiTHz  466.982060 cm-1    57.898370 meV
             X         Y         Z           dx          dy          dz
      4.490867  3.276386  1.765251    -0.000065   -0.254075   -0.000014  
      2.245430  1.468596  1.765251     0.000065    0.254300   -0.000013  
      0.000000  0.000000  0.000000     0.000000   -0.000001    0.000003  
      2.245428  3.361479  1.765251    -0.000109    0.054193   -0.000014  
      4.490870  1.383502  1.765251     0.000108   -0.054291   -0.000013  
      2.245433 -0.000000  0.000000     0.000001    0.000015   -0.000002  
 
   4 f  =   13.188701 THz    82.867051 2PiTHz  439.927703 cm-1    54.544059 meV
             X         Y         Z           dx          dy          dz
      4.490867  3.276386  1.765251     0.066236   -0.000394   -0.000000  
      2.245430  1.468596  1.765251     0.066237   -0.000392   -0.000000  
      0.000000  0.000000  0.000000     0.010715   -0.000009    0.000000  
      2.245428  3.361479  1.765251     0.040796    0.000104    0.000001  
      4.490870  1.383502  1.765251     0.040797    0.000103   -0.000001  
      2.245433 -0.000000  0.000000    -0.233069    0.000295    0.000000  
 
   5 f  =   10.840741 THz    68.114387 2PiTHz  361.608211 cm-1    44.833684 meV
             X         Y         Z           dx          dy          dz
      4.490867  3.276386  1.765251     0.198116   -0.000073   -0.000018  
      2.245430  1.468596  1.765251    -0.198111    0.000079   -0.000018  
      0.000000  0.000000  0.000000    -0.000000   -0.000001   -0.000002  
      2.245428  3.361479  1.765251     0.118549    0.000186    0.000021  
      4.490870  1.383502  1.765251    -0.118550   -0.000183    0.000021  
      2.245433 -0.000000  0.000000    -0.000000    0.000001   -0.000009  
 
   6 f  =   10.758895 THz    67.600132 2PiTHz  358.878112 cm-1    44.495195 meV
             X         Y         Z           dx          dy          dz
      4.490867  3.276386  1.765251     0.000030    0.000011    0.124696  
      2.245430  1.468596  1.765251    -0.000029   -0.000010    0.124691  
      0.000000  0.000000  0.000000    -0.000000   -0.000000    0.013907  
      2.245428  3.361479  1.765251     0.000017   -0.000003   -0.146953  
      4.490870  1.383502  1.765251    -0.000016    0.000003   -0.146930  
      2.245433 -0.000000  0.000000     0.000000   -0.000000    0.063234  
 
   7 f  =    9.940164 THz    62.455895 2PiTHz  331.568195 cm-1    41.109198 meV
             X         Y         Z           dx          dy          dz
      4.490867  3.276386  1.765251    -0.000158   -0.169185   -0.000044  
      2.245430  1.468596  1.765251    -0.000165   -0.169154    0.000045  
      0.000000  0.000000  0.000000    -0.000003    0.043130    0.000000  
      2.245428  3.361479  1.765251     0.000047   -0.100798    0.000107  
      4.490870  1.383502  1.765251     0.000044   -0.100876   -0.000107  
      2.245433 -0.000000  0.000000     0.000085   -0.028222    0.000000  
 
   8 f  =    8.712853 THz    54.744471 2PiTHz  290.629500 cm-1    36.033449 meV
             X         Y         Z           dx          dy          dz
      4.490867  3.276386  1.765251     0.000002   -0.000089    0.105471  
      2.245430  1.468596  1.765251     0.000002   -0.000089   -0.105671  
      0.000000  0.000000  0.000000    -0.000000    0.000026    0.000021  
      2.245428  3.361479  1.765251    -0.000000   -0.000080   -0.162404  
      4.490870  1.383502  1.765251     0.000000   -0.000080    0.162354  
      2.245433 -0.000000  0.000000    -0.000000    0.000014   -0.000049  
 
   9 f  =    8.243796 THz    51.797300 2PiTHz  274.983448 cm-1    34.093587 meV
             X         Y         Z           dx          dy          dz
      4.490867  3.276386  1.765251    -0.178579    0.000094   -0.000001  
      2.245430  1.468596  1.765251    -0.178582    0.000094    0.000001  
      0.000000  0.000000  0.000000     0.043802   -0.000006   -0.000000  
      2.245428  3.361479  1.765251    -0.085265   -0.000022   -0.000002  
      4.490870  1.383502  1.765251    -0.085266   -0.000022    0.000001  
      2.245433 -0.000000  0.000000    -0.056686   -0.000013    0.000000  
 
  10 f  =    7.508892 THz    47.179762 2PiTHz  250.469690 cm-1    31.054270 meV
             X         Y         Z           dx          dy          dz
      4.490867  3.276386  1.765251    -0.000000    0.000010   -0.182325  
      2.245430  1.468596  1.765251    -0.000000   -0.000010   -0.182130  
      0.000000  0.000000  0.000000    -0.000000   -0.000000    0.043634  
      2.245428  3.361479  1.765251    -0.000000   -0.000027   -0.068138  
      4.490870  1.383502  1.765251    -0.000000    0.000028   -0.068279  
      2.245433 -0.000000  0.000000     0.000000   -0.000000   -0.086165  
 
  11 f  =    6.149916 THz    38.641063 2PiTHz  205.139122 cm-1    25.433998 meV
             X         Y         Z           dx          dy          dz
      4.490867  3.276386  1.765251     0.000250    0.055897    0.000316  
      2.245430  1.468596  1.765251     0.000251    0.055898   -0.000317  
      0.000000  0.000000  0.000000     0.000053    0.016405   -0.000000  
      2.245428  3.361479  1.765251     0.000018    0.022861    0.000067  
      4.490870  1.383502  1.765251     0.000017    0.022857   -0.000067  
      2.245433 -0.000000  0.000000    -0.000278   -0.237403    0.000000  
 
  12 f  =    5.951388 THz    37.393672 2PiTHz  198.516929 cm-1    24.612951 meV
             X         Y         Z           dx          dy          dz
      4.490867  3.276386  1.765251    -0.000001   -0.000063    0.245291  
      2.245430  1.468596  1.765251    -0.000006   -0.000063   -0.245346  
      0.000000  0.000000  0.000000     0.000000   -0.000025    0.000008  
      2.245428  3.361479  1.765251    -0.000001   -0.000015    0.069864  
      4.490870  1.383502  1.765251     0.000003   -0.000015   -0.069893  
      2.245433 -0.000000  0.000000     0.000000    0.000295   -0.000019  
 
  13 f  =    4.646093 THz    29.192264 2PiTHz  154.976986 cm-1    19.214689 meV
             X         Y         Z           dx          dy          dz
      4.490867  3.276386  1.765251    -0.179098   -0.000027    0.000003  
      2.245430  1.468596  1.765251     0.179107    0.000025   -0.000003  
      0.000000  0.000000  0.000000     0.000000    0.000000    0.000000  
      2.245428  3.361479  1.765251     0.131129    0.000114    0.000000  
      4.490870  1.383502  1.765251    -0.131137   -0.000116   -0.000001  
      2.245433 -0.000000  0.000000    -0.000000    0.000001    0.000001  
 
  14 f  =    3.388495 THz    21.290539 2PiTHz  113.028013 cm-1    14.013681 meV
             X         Y         Z           dx          dy          dz
      4.490867  3.276386  1.765251     0.000001   -0.000004    0.132649  
      2.245430  1.468596  1.765251     0.000002    0.000004    0.132661  
      0.000000  0.000000  0.000000     0.000000    0.000000    0.009462  
      2.245428  3.361479  1.765251    -0.000000    0.000003    0.006993  
      4.490870  1.383502  1.765251    -0.000001   -0.000003    0.006994  
      2.245433 -0.000000  0.000000     0.000000   -0.000000   -0.214938  
 
  15 f  =    0.063076 THz     0.396319 2PiTHz    2.103995 cm-1     0.260862 meV
             X         Y         Z           dx          dy          dz
      4.490867  3.276386  1.765251     0.064196    0.046681    0.000058  
      2.245430  1.468596  1.765251     0.064196    0.046681    0.000055  
      0.000000  0.000000  0.000000     0.053120    0.046825    0.000057  
      2.245428  3.361479  1.765251     0.043123    0.046782    0.000059  
      4.490870  1.383502  1.765251     0.043123    0.046786    0.000056  
      2.245433 -0.000000  0.000000     0.052485    0.047084    0.000058  
 
  16 fi =    0.005654 THz     0.035524 2PiTHz    0.188590 cm-1     0.023382 meV
             X         Y         Z           dx          dy          dz
      4.490867  3.276386  1.765251     0.046881   -0.052305   -0.000297  
      2.245430  1.468596  1.765251     0.046881   -0.052304   -0.000294  
      0.000000  0.000000  0.000000     0.046940   -0.052388   -0.000294  
      2.245428  3.361479  1.765251     0.046954   -0.052320   -0.000296  
      4.490870  1.383502  1.765251     0.046954   -0.052324   -0.000293  
      2.245433 -0.000000  0.000000     0.046991   -0.052481   -0.000292  
 
  17 fi =    0.008690 THz     0.054602 2PiTHz    0.289874 cm-1     0.035940 meV
             X         Y         Z           dx          dy          dz
      4.490867  3.276386  1.765251    -0.000152    0.000257   -0.070526  
      2.245430  1.468596  1.765251    -0.000152    0.000256   -0.070525  
      0.000000  0.000000  0.000000    -0.000153    0.000257   -0.070356  
      2.245428  3.361479  1.765251    -0.000154    0.000247   -0.070406  
      4.490870  1.383502  1.765251    -0.000154    0.000266   -0.070405  
      2.245433 -0.000000  0.000000    -0.000154    0.000258   -0.069846  
 
  18 fi =    0.921013 THz     5.786894 2PiTHz   30.721679 cm-1     3.809001 meV
             X         Y         Z           dx          dy          dz
      4.490867  3.276386  1.765251     0.169501   -0.003252   -0.000003  
      2.245430  1.468596  1.765251     0.169494   -0.003252   -0.000006  
      0.000000  0.000000  0.000000     0.008861   -0.003233   -0.000004  
      2.245428  3.361479  1.765251    -0.135101   -0.003408   -0.000002  
      4.490870  1.383502  1.765251    -0.135092   -0.003408   -0.000005  
      2.245433 -0.000000  0.000000    -0.001519   -0.003128   -0.000002  
 
