 Eigenvectors and eigenvalues of the dynamical matrix
 ----------------------------------------------------
 
 
   1 f  =   22.489423 THz   141.305214 2PiTHz  750.166415 cm-1    93.008740 meV
             X         Y         Z           dx          dy          dz
     -2.255950  3.095509  3.576016    -0.019347    0.008014    0.019256  
     -1.193482  2.656713  0.766456     0.007907   -0.003265   -0.019719  
     -0.854064  0.352726  2.735765    -0.000000   -0.000000    0.000001  
      1.012216  1.745767  4.705074    -0.007907    0.003263    0.019716  
      2.074683  1.306971  1.895513     0.019345   -0.008012   -0.019234  
      0.000000  0.000000  0.000000     0.000000   -0.000000   -0.000000  
     -3.805989  3.735670  4.508680     0.088797   -0.036672   -0.059988  
     -2.845452  3.338971  1.748498     0.056218   -0.023221    0.119016  
      0.763430  1.848514  0.000000     0.000000   -0.000000    0.000001  
      2.664185  1.063509  3.723032    -0.056219    0.023217   -0.119019  
      3.624723  0.666810  0.962850    -0.088797    0.036675    0.059989  
 
   2 f  =   18.579955 THz   116.741298 2PiTHz  619.760575 cm-1    76.840483 meV
             X         Y         Z           dx          dy          dz
     -2.255950  3.095509  3.576016    -0.016649    0.006890    0.030026  
     -1.193482  2.656713  0.766456     0.002153   -0.000890   -0.068805  
     -0.854064  0.352726  2.735765     0.050059   -0.020668    0.095330  
      1.012216  1.745767  4.705074     0.002155   -0.000890   -0.068799  
      2.074683  1.306971  1.895513    -0.016654    0.006891    0.030033  
      0.000000  0.000000  0.000000     0.011360   -0.004693   -0.010150  
     -3.805989  3.735670  4.508680    -0.112718    0.046549    0.083255  
     -2.845452  3.338971  1.748498     0.030565   -0.012630   -0.034745  
      0.763430  1.848514  0.000000     0.026632   -0.010968    0.010159  
      2.664185  1.063509  3.723032     0.030557   -0.012624   -0.034766  
      3.624723  0.666810  0.962850    -0.112690    0.046531    0.083242  
 
   3 f  =   18.513998 THz   116.326881 2PiTHz  617.560506 cm-1    76.567710 meV
             X         Y         Z           dx          dy          dz
     -2.255950  3.095509  3.576016    -0.001732   -0.004224   -0.000005  
     -1.193482  2.656713  0.766456    -0.002849   -0.006896    0.000010  
     -0.854064  0.352726  2.735765     0.004539    0.011013   -0.000014  
      1.012216  1.745767  4.705074    -0.002849   -0.006897    0.000010  
      2.074683  1.306971  1.895513    -0.001728   -0.004225   -0.000006  
      0.000000  0.000000  0.000000    -0.002651   -0.006415    0.000001  
     -3.805989  3.735670  4.508680    -0.014448   -0.035018   -0.000012  
     -2.845452  3.338971  1.748498    -0.014717   -0.035614    0.000004  
      0.763430  1.848514  0.000000     0.090318    0.218696   -0.000001  
      2.664185  1.063509  3.723032    -0.014711   -0.035614    0.000004  
      3.624723  0.666810  0.962850    -0.014452   -0.035027   -0.000008  
 
   4 f  =   18.055086 THz   113.443452 2PiTHz  602.252848 cm-1    74.669803 meV
             X         Y         Z           dx          dy          dz
     -2.255950  3.095509  3.576016     0.023451   -0.009682   -0.014791  
     -1.193482  2.656713  0.766456    -0.006146    0.002539   -0.031585  
     -0.854064  0.352726  2.735765    -0.000007    0.000002   -0.000013  
      1.012216  1.745767  4.705074     0.006151   -0.002539    0.031599  
      2.074683  1.306971  1.895513    -0.023449    0.009677    0.014810  
      0.000000  0.000000  0.000000    -0.000001    0.000001    0.000001  
     -3.805989  3.735670  4.508680    -0.117520    0.048535    0.041760  
     -2.845452  3.338971  1.748498     0.035464   -0.014644    0.105010  
      0.763430  1.848514  0.000000    -0.000001    0.000002    0.000001  
      2.664185  1.063509  3.723032    -0.035477    0.014652   -0.105011  
      3.624723  0.666810  0.962850     0.117551   -0.048549   -0.041779  
 
   5 f  =   16.217984 THz   101.900599 2PiTHz  540.973716 cm-1    67.072162 meV
             X         Y         Z           dx          dy          dz
     -2.255950  3.095509  3.576016    -0.052376    0.021626    0.084344  
     -1.193482  2.656713  0.766456    -0.030920    0.012770   -0.022850  
     -0.854064  0.352726  2.735765     0.054569   -0.022537    0.074537  
      1.012216  1.745767  4.705074    -0.030918    0.012767   -0.022846  
      2.074683  1.306971  1.895513    -0.052366    0.021621    0.084330  
      0.000000  0.000000  0.000000     0.006186   -0.002555    0.009111  
     -3.805989  3.735670  4.508680     0.052321   -0.021609    0.003565  
     -2.845452  3.338971  1.748498    -0.061538    0.025420   -0.120974  
      0.763430  1.848514  0.000000    -0.002426    0.001006    0.045147  
      2.664185  1.063509  3.723032    -0.061531    0.025409   -0.120960  
      3.624723  0.666810  0.962850     0.052317   -0.021606    0.003571  
 
   6 f  =   15.946968 THz   100.197758 2PiTHz  531.933611 cm-1    65.951333 meV
             X         Y         Z           dx          dy          dz
     -2.255950  3.095509  3.576016     0.096197   -0.039713   -0.000788  
     -1.193482  2.656713  0.766456     0.052975   -0.021876    0.052777  
     -0.854064  0.352726  2.735765    -0.076344    0.031532   -0.237157  
      1.012216  1.745767  4.705074     0.052972   -0.021880    0.052772  
      2.074683  1.306971  1.895513     0.096197   -0.039719   -0.000773  
      0.000000  0.000000  0.000000    -0.005530    0.002284    0.009411  
     -3.805989  3.735670  4.508680    -0.022614    0.009338    0.044697  
     -2.845452  3.338971  1.748498    -0.018658    0.007703   -0.070526  
      0.763430  1.848514  0.000000     0.047878   -0.019781    0.003605  
      2.664185  1.063509  3.723032    -0.018654    0.007702   -0.070524  
      3.624723  0.666810  0.962850    -0.022615    0.009342    0.044704  
 
   7 f  =   15.242755 THz    95.773055 2PiTHz  508.443580 cm-1    63.038941 meV
             X         Y         Z           dx          dy          dz
     -2.255950  3.095509  3.576016    -0.056197    0.023198    0.172211  
     -1.193482  2.656713  0.766456    -0.035011    0.014452   -0.104201  
     -0.854064  0.352726  2.735765    -0.000004    0.000001   -0.000006  
      1.012216  1.745767  4.705074     0.034993   -0.014447    0.104190  
      2.074683  1.306971  1.895513     0.056214   -0.023206   -0.172242  
      0.000000  0.000000  0.000000     0.000001   -0.000000   -0.000001  
     -3.805989  3.735670  4.508680    -0.038396    0.015854   -0.074734  
     -2.845452  3.338971  1.748498    -0.057850    0.023886    0.004590  
      0.763430  1.848514  0.000000    -0.000004   -0.000002    0.000008  
      2.664185  1.063509  3.723032     0.057850   -0.023886   -0.004582  
      3.624723  0.666810  0.962850     0.038392   -0.015854    0.074744  
 
   8 f  =   14.483381 THz    91.001766 2PiTHz  483.113587 cm-1    59.898424 meV
             X         Y         Z           dx          dy          dz
     -2.255950  3.095509  3.576016    -0.166370    0.068667    0.048216  
     -1.193482  2.656713  0.766456     0.017825   -0.007382   -0.052625  
     -0.854064  0.352726  2.735765     0.043858   -0.018117   -0.205490  
      1.012216  1.745767  4.705074     0.017848   -0.007342   -0.052620  
      2.074683  1.306971  1.895513    -0.166351    0.068698    0.048219  
      0.000000  0.000000  0.000000    -0.001465    0.000605    0.007423  
     -3.805989  3.735670  4.508680     0.017654   -0.007285    0.020366  
     -2.845452  3.338971  1.748498     0.049237   -0.020324    0.005987  
      0.763430  1.848514  0.000000    -0.006383    0.002647   -0.042809  
      2.664185  1.063509  3.723032     0.049242   -0.020335    0.005989  
      3.624723  0.666810  0.962850     0.017654   -0.007298    0.020375  
 
   9 f  =   14.247315 THz    89.518519 2PiTHz  475.239265 cm-1    58.922133 meV
             X         Y         Z           dx          dy          dz
     -2.255950  3.095509  3.576016    -0.058430   -0.141467    0.000026  
     -1.193482  2.656713  0.766456    -0.080189   -0.194209   -0.000009  
     -0.854064  0.352726  2.735765    -0.000032    0.000013    0.000025  
      1.012216  1.745767  4.705074     0.080214    0.194198   -0.000014  
      2.074683  1.306971  1.895513     0.058486    0.141445    0.000023  
      0.000000  0.000000  0.000000    -0.000003    0.000001   -0.000005  
     -3.805989  3.735670  4.508680     0.008790    0.021252    0.000015  
     -2.845452  3.338971  1.748498     0.012752    0.030862    0.000012  
      0.763430  1.848514  0.000000     0.000007   -0.000003    0.000018  
      2.664185  1.063509  3.723032    -0.012760   -0.030857   -0.000000  
      3.624723  0.666810  0.962850    -0.008780   -0.021257   -0.000010  
 
  10 f  =   14.213099 THz    89.303532 2PiTHz  474.097937 cm-1    58.780626 meV
             X         Y         Z           dx          dy          dz
     -2.255950  3.095509  3.576016    -0.024388    0.010039   -0.163468  
     -1.193482  2.656713  0.766456    -0.109878    0.045338    0.067107  
     -0.854064  0.352726  2.735765     0.104886   -0.043317   -0.043116  
      1.012216  1.745767  4.705074    -0.109863    0.045418    0.067082  
      2.074683  1.306971  1.895513    -0.024388    0.010107   -0.163438  
      0.000000  0.000000  0.000000     0.015760   -0.006509    0.018874  
     -3.805989  3.735670  4.508680    -0.025154    0.010396    0.002547  
     -2.845452  3.338971  1.748498    -0.006393    0.002643   -0.033355  
      0.763430  1.848514  0.000000    -0.043488    0.017960   -0.048473  
      2.664185  1.063509  3.723032    -0.006388    0.002636   -0.033376  
      3.624723  0.666810  0.962850    -0.025152    0.010380    0.002565  
 
  11 f  =   13.600791 THz    85.456293 2PiTHz  453.673569 cm-1    56.248328 meV
             X         Y         Z           dx          dy          dz
     -2.255950  3.095509  3.576016     0.048865   -0.020145   -0.011853  
     -1.193482  2.656713  0.766456    -0.133136    0.054993   -0.115402  
     -0.854064  0.352726  2.735765    -0.090497    0.037369   -0.070394  
      1.012216  1.745767  4.705074    -0.133092    0.054941   -0.115246  
      2.074683  1.306971  1.895513     0.048895   -0.020178   -0.012137  
      0.000000  0.000000  0.000000     0.006853   -0.002830   -0.010170  
     -3.805989  3.735670  4.508680     0.044338   -0.018304    0.074752  
     -2.845452  3.338971  1.748498    -0.006042    0.002497    0.028643  
      0.763430  1.848514  0.000000    -0.040486    0.016718    0.050531  
      2.664185  1.063509  3.723032    -0.006212    0.002556    0.028705  
      3.624723  0.666810  0.962850     0.044251   -0.018282    0.074488  
 
  12 f  =   13.486497 THz    84.738157 2PiTHz  449.861102 cm-1    55.775643 meV
             X         Y         Z           dx          dy          dz
     -2.255950  3.095509  3.576016     0.025917   -0.010685   -0.119531  
     -1.193482  2.656713  0.766456     0.042160   -0.017449    0.090579  
     -0.854064  0.352726  2.735765    -0.000113    0.000049   -0.000060  
      1.012216  1.745767  4.705074    -0.042447    0.017566   -0.090853  
      2.074683  1.306971  1.895513    -0.025793    0.010642    0.119542  
      0.000000  0.000000  0.000000     0.000006   -0.000002   -0.000014  
     -3.805989  3.735670  4.508680    -0.035079    0.014488   -0.111231  
     -2.845452  3.338971  1.748498    -0.068496    0.028297    0.028252  
      0.763430  1.848514  0.000000    -0.000044    0.000014    0.000058  
      2.664185  1.063509  3.723032     0.068483   -0.028295   -0.028179  
      3.624723  0.666810  0.962850     0.035183   -0.014535    0.111396  
 
  13 f  =   12.626688 THz    79.335822 2PiTHz  421.180985 cm-1    52.219763 meV
             X         Y         Z           dx          dy          dz
     -2.255950  3.095509  3.576016    -0.053955    0.022251   -0.139817  
     -1.193482  2.656713  0.766456    -0.175963    0.072686   -0.106168  
     -0.854064  0.352726  2.735765    -0.000012    0.000004   -0.000002  
      1.012216  1.745767  4.705074     0.175911   -0.072669    0.106152  
      2.074683  1.306971  1.895513     0.053974   -0.022262    0.139824  
      0.000000  0.000000  0.000000     0.000002   -0.000001   -0.000001  
     -3.805989  3.735670  4.508680     0.009811   -0.004064   -0.006818  
     -2.845452  3.338971  1.748498    -0.013669    0.005627   -0.000756  
      0.763430  1.848514  0.000000    -0.000008    0.000001   -0.000003  
      2.664185  1.063509  3.723032     0.013669   -0.005626    0.000764  
      3.624723  0.666810  0.962850    -0.009806    0.004053    0.006833  
 
  14 f  =   11.973076 THz    75.229056 2PiTHz  399.378829 cm-1    49.516642 meV
             X         Y         Z           dx          dy          dz
     -2.255950  3.095509  3.576016     0.216712   -0.088783   -0.003798  
     -1.193482  2.656713  0.766456     0.001677   -0.001230   -0.120002  
     -0.854064  0.352726  2.735765    -0.000003    0.000004    0.000001  
      1.012216  1.745767  4.705074    -0.001680    0.001207    0.119993  
      2.074683  1.306971  1.895513    -0.216707    0.088796    0.003802  
      0.000000  0.000000  0.000000    -0.000000    0.000000   -0.000000  
     -3.805989  3.735670  4.508680     0.013857   -0.005805   -0.022423  
     -2.845452  3.338971  1.748498    -0.001265    0.000689   -0.013150  
      0.763430  1.848514  0.000000     0.000003    0.000001    0.000003  
      2.664185  1.063509  3.723032     0.001264   -0.000690    0.013148  
      3.624723  0.666810  0.962850    -0.013851    0.005813    0.022425  
 
  15 f  =   11.773099 THz    73.972562 2PiTHz  392.708307 cm-1    48.689603 meV
             X         Y         Z           dx          dy          dz
     -2.255950  3.095509  3.576016     0.073121    0.178894    0.000023  
     -1.193482  2.656713  0.766456    -0.059705   -0.144394    0.000363  
     -0.854064  0.352726  2.735765     0.000002   -0.000003   -0.000007  
      1.012216  1.745767  4.705074     0.059695    0.144409   -0.000372  
      2.074683  1.306971  1.895513    -0.073128   -0.178906   -0.000026  
      0.000000  0.000000  0.000000     0.000000   -0.000000    0.000000  
     -3.805989  3.735670  4.508680    -0.024735   -0.059769    0.000076  
     -2.845452  3.338971  1.748498     0.000740    0.001758    0.000029  
      0.763430  1.848514  0.000000     0.000002    0.000003    0.000007  
      2.664185  1.063509  3.723032    -0.000734   -0.001757   -0.000028  
      3.624723  0.666810  0.962850     0.024732    0.059769   -0.000080  
 
  16 f  =   11.660636 THz    73.265936 2PiTHz  388.956947 cm-1    48.224493 meV
             X         Y         Z           dx          dy          dz
     -2.255950  3.095509  3.576016     0.048177    0.116694    0.000019  
     -1.193482  2.656713  0.766456    -0.085634   -0.207340    0.000009  
     -0.854064  0.352726  2.735765     0.021808    0.052740   -0.000010  
      1.012216  1.745767  4.705074    -0.085631   -0.207334   -0.000003  
      2.074683  1.306971  1.895513     0.048192    0.116665    0.000017  
      0.000000  0.000000  0.000000     0.000454    0.001101    0.000002  
     -3.805989  3.735670  4.508680     0.013825    0.033482   -0.000011  
     -2.845452  3.338971  1.748498    -0.005180   -0.012569   -0.000001  
      0.763430  1.848514  0.000000     0.000853    0.002071   -0.000008  
      2.664185  1.063509  3.723032    -0.005186   -0.012585   -0.000002  
      3.624723  0.666810  0.962850     0.013825    0.033474   -0.000017  
 
  17 f  =   11.132186 THz    69.945589 2PiTHz  371.329765 cm-1    46.039003 meV
             X         Y         Z           dx          dy          dz
     -2.255950  3.095509  3.576016     0.031976    0.078067    0.000005  
     -1.193482  2.656713  0.766456     0.004620    0.011359    0.000175  
     -0.854064  0.352726  2.735765     0.000003   -0.000006    0.000012  
      1.012216  1.745767  4.705074    -0.004555   -0.011355   -0.000156  
      2.074683  1.306971  1.895513    -0.031995   -0.078072   -0.000056  
      0.000000  0.000000  0.000000    -0.000002    0.000001   -0.000001  
     -3.805989  3.735670  4.508680     0.038697    0.093732    0.000028  
     -2.845452  3.338971  1.748498     0.050909    0.123249    0.000009  
      0.763430  1.848514  0.000000    -0.000007   -0.000001    0.000008  
      2.664185  1.063509  3.723032    -0.050908   -0.123249   -0.000013  
      3.624723  0.666810  0.962850    -0.038691   -0.093740   -0.000015  
 
  18 f  =   10.294040 THz    64.679360 2PiTHz  343.372210 cm-1    42.572709 meV
             X         Y         Z           dx          dy          dz
     -2.255950  3.095509  3.576016    -0.030364   -0.002909   -0.139608  
     -1.193482  2.656713  0.766456     0.122400   -0.059159   -0.085186  
     -0.854064  0.352726  2.735765     0.036814   -0.027570    0.048079  
      1.012216  1.745767  4.705074     0.122555   -0.059223   -0.085324  
      2.074683  1.306971  1.895513    -0.030414   -0.002862   -0.139659  
      0.000000  0.000000  0.000000    -0.007577    0.003078    0.003686  
     -3.805989  3.735670  4.508680     0.038239   -0.009369    0.062031  
     -2.845452  3.338971  1.748498    -0.053740    0.027490    0.013488  
      0.763430  1.848514  0.000000     0.019872   -0.004656   -0.017215  
      2.664185  1.063509  3.723032    -0.053758    0.027510    0.013479  
      3.624723  0.666810  0.962850     0.038263   -0.009325    0.062049  
 
  19 f  =   10.290942 THz    64.659893 2PiTHz  343.268865 cm-1    42.559896 meV
             X         Y         Z           dx          dy          dz
     -2.255950  3.095509  3.576016    -0.064015   -0.160810    0.011484  
     -1.193482  2.656713  0.766456    -0.047083   -0.084705    0.007051  
     -0.854064  0.352726  2.735765    -0.056707   -0.127555   -0.003944  
      1.012216  1.745767  4.705074    -0.047087   -0.084718    0.007044  
      2.074683  1.306971  1.895513    -0.064009   -0.160799    0.011486  
      0.000000  0.000000  0.000000     0.000399   -0.000804   -0.000309  
     -3.805989  3.735670  4.508680     0.024682    0.068173   -0.005095  
     -2.845452  3.338971  1.748498     0.027314    0.053160   -0.001115  
      0.763430  1.848514  0.000000     0.013686    0.037505    0.001433  
      2.664185  1.063509  3.723032     0.027307    0.053138   -0.001114  
      3.624723  0.666810  0.962850     0.024689    0.068186   -0.005088  
 
  20 f  =   10.143931 THz    63.736196 2PiTHz  338.365107 cm-1    41.951908 meV
             X         Y         Z           dx          dy          dz
     -2.255950  3.095509  3.576016     0.072175   -0.029870    0.080171  
     -1.193482  2.656713  0.766456    -0.161265    0.066617    0.154623  
     -0.854064  0.352726  2.735765    -0.000012    0.000013   -0.000023  
      1.012216  1.745767  4.705074     0.161168   -0.066569   -0.154545  
      2.074683  1.306971  1.895513    -0.072151    0.029878   -0.080053  
      0.000000  0.000000  0.000000     0.000003   -0.000001   -0.000002  
     -3.805989  3.735670  4.508680    -0.010558    0.004330   -0.025354  
     -2.845452  3.338971  1.748498     0.031738   -0.013161   -0.004062  
      0.763430  1.848514  0.000000    -0.000007    0.000002    0.000018  
      2.664185  1.063509  3.723032    -0.031685    0.013139    0.004046  
      3.624723  0.666810  0.962850     0.010519   -0.004326    0.025293  
 
  21 f  =    9.732255 THz    61.149563 2PiTHz  324.633088 cm-1    40.249355 meV
             X         Y         Z           dx          dy          dz
     -2.255950  3.095509  3.576016     0.022355    0.054122    0.000004  
     -1.193482  2.656713  0.766456    -0.019502   -0.047260   -0.000015  
     -0.854064  0.352726  2.735765    -0.000020   -0.000037    0.000011  
      1.012216  1.745767  4.705074     0.019517    0.047242   -0.000008  
      2.074683  1.306971  1.895513    -0.022346   -0.054135    0.000008  
      0.000000  0.000000  0.000000     0.000000   -0.000000    0.000002  
     -3.805989  3.735670  4.508680     0.048673    0.117842    0.000008  
     -2.845452  3.338971  1.748498    -0.042432   -0.102703   -0.000000  
      0.763430  1.848514  0.000000     0.000003   -0.000002   -0.000036  
      2.664185  1.063509  3.723032     0.042406    0.102722    0.000006  
      3.624723  0.666810  0.962850    -0.048655   -0.117828    0.000005  
 
  22 f  =    9.369740 THz    58.871813 2PiTHz  312.540884 cm-1    38.750114 meV
             X         Y         Z           dx          dy          dz
     -2.255950  3.095509  3.576016    -0.049439   -0.119752    0.000039  
     -1.193482  2.656713  0.766456    -0.016794   -0.040561   -0.000018  
     -0.854064  0.352726  2.735765     0.120535    0.291802   -0.000053  
      1.012216  1.745767  4.705074    -0.016796   -0.040552   -0.000016  
      2.074683  1.306971  1.895513    -0.049446   -0.119761    0.000039  
      0.000000  0.000000  0.000000     0.002493    0.006014    0.000000  
     -3.805989  3.735670  4.508680    -0.010946   -0.026429   -0.000028  
     -2.845452  3.338971  1.748498     0.002375    0.005833    0.000021  
      0.763430  1.848514  0.000000    -0.005829   -0.014165    0.000014  
      2.664185  1.063509  3.723032     0.002381    0.005851    0.000021  
      3.624723  0.666810  0.962850    -0.010956   -0.026451   -0.000028  
 
  23 f  =    9.234044 THz    58.019212 2PiTHz  308.014565 cm-1    38.188922 meV
             X         Y         Z           dx          dy          dz
     -2.255950  3.095509  3.576016    -0.042269    0.017441   -0.043507  
     -1.193482  2.656713  0.766456     0.018542   -0.007676    0.107829  
     -0.854064  0.352726  2.735765    -0.140813    0.058307    0.106575  
      1.012216  1.745767  4.705074     0.018544   -0.007668    0.107830  
      2.074683  1.306971  1.895513    -0.042267    0.017439   -0.043511  
      0.000000  0.000000  0.000000    -0.009387    0.003879   -0.011053  
     -3.805989  3.735670  4.508680     0.042015   -0.017386    0.061211  
     -2.845452  3.338971  1.748498     0.073423   -0.030343   -0.046560  
      0.763430  1.848514  0.000000    -0.042616    0.017589   -0.007317  
      2.664185  1.063509  3.723032     0.073433   -0.030316   -0.046563  
      3.624723  0.666810  0.962850     0.042019   -0.017378    0.061210  
 
  24 f  =    7.903080 THz    49.656515 2PiTHz  263.618369 cm-1    32.684497 meV
             X         Y         Z           dx          dy          dz
     -2.255950  3.095509  3.576016     0.027547   -0.011401   -0.004849  
     -1.193482  2.656713  0.766456    -0.070711    0.029209   -0.063617  
     -0.854064  0.352726  2.735765    -0.036170    0.014946    0.070016  
      1.012216  1.745767  4.705074    -0.070715    0.029202   -0.063620  
      2.074683  1.306971  1.895513     0.027548   -0.011403   -0.004865  
      0.000000  0.000000  0.000000    -0.017010    0.007025    0.018592  
     -3.805989  3.735670  4.508680     0.021863   -0.009017   -0.007758  
     -2.845452  3.338971  1.748498     0.032627   -0.013458   -0.019398  
      0.763430  1.848514  0.000000     0.137230   -0.056672   -0.126258  
      2.664185  1.063509  3.723032     0.032602   -0.013484   -0.019393  
      3.624723  0.666810  0.962850     0.021871   -0.009011   -0.007753  
 
  25 f  =    7.719752 THz    48.504632 2PiTHz  257.503210 cm-1    31.926315 meV
             X         Y         Z           dx          dy          dz
     -2.255950  3.095509  3.576016    -0.013196   -0.031950    0.000009  
     -1.193482  2.656713  0.766456     0.017502    0.042385    0.000014  
     -0.854064  0.352726  2.735765     0.016352    0.039601   -0.000001  
      1.012216  1.745767  4.705074     0.017522    0.042380    0.000004  
      2.074683  1.306971  1.895513    -0.013199   -0.031947    0.000006  
      0.000000  0.000000  0.000000     0.000052    0.000119   -0.000002  
     -3.805989  3.735670  4.508680     0.043789    0.106022    0.000013  
     -2.845452  3.338971  1.748498    -0.048644   -0.117752    0.000005  
      0.763430  1.848514  0.000000    -0.001924   -0.004596   -0.000006  
      2.664185  1.063509  3.723032    -0.048624   -0.117763   -0.000005  
      3.624723  0.666810  0.962850     0.043786    0.106025   -0.000001  
 
  26 f  =    7.520799 THz    47.254572 2PiTHz  250.866843 cm-1    31.103510 meV
             X         Y         Z           dx          dy          dz
     -2.255950  3.095509  3.576016     0.039724   -0.016435   -0.049997  
     -1.193482  2.656713  0.766456    -0.007759    0.003204   -0.023863  
     -0.854064  0.352726  2.735765     0.163139   -0.067356   -0.021267  
      1.012216  1.745767  4.705074    -0.007755    0.003206   -0.023862  
      2.074683  1.306971  1.895513     0.039724   -0.016433   -0.049980  
      0.000000  0.000000  0.000000    -0.027187    0.011229    0.000245  
     -3.805989  3.735670  4.508680     0.019203   -0.007905   -0.014101  
     -2.845452  3.338971  1.748498     0.070105   -0.028975   -0.020692  
      0.763430  1.848514  0.000000     0.029330   -0.012112    0.140930  
      2.664185  1.063509  3.723032     0.070148   -0.028952   -0.020713  
      3.624723  0.666810  0.962850     0.019181   -0.007926   -0.014124  
 
  27 f  =    7.064147 THz    44.385345 2PiTHz  235.634580 cm-1    29.214951 meV
             X         Y         Z           dx          dy          dz
     -2.255950  3.095509  3.576016     0.034679   -0.014327    0.028347  
     -1.193482  2.656713  0.766456    -0.029449    0.012158    0.035907  
     -0.854064  0.352726  2.735765    -0.000064    0.000021   -0.000001  
      1.012216  1.745767  4.705074     0.029414   -0.012152   -0.035873  
      2.074683  1.306971  1.895513    -0.034756    0.014360   -0.028365  
      0.000000  0.000000  0.000000     0.000006   -0.000002   -0.000003  
     -3.805989  3.735670  4.508680     0.043447   -0.017957    0.082086  
     -2.845452  3.338971  1.748498    -0.114228    0.047179    0.071075  
      0.763430  1.848514  0.000000     0.000050   -0.000022    0.000017  
      2.664185  1.063509  3.723032     0.114206   -0.047147   -0.071062  
      3.624723  0.666810  0.962850    -0.043472    0.017944   -0.082100  
 
  28 f  =    6.970341 THz    43.795942 2PiTHz  232.505536 cm-1    28.827000 meV
             X         Y         Z           dx          dy          dz
     -2.255950  3.095509  3.576016    -0.098912    0.040888   -0.048475  
     -1.193482  2.656713  0.766456    -0.042610    0.017601    0.064548  
     -0.854064  0.352726  2.735765    -0.078622    0.032454   -0.014071  
      1.012216  1.745767  4.705074    -0.042631    0.017611    0.064577  
      2.074683  1.306971  1.895513    -0.098885    0.040874   -0.048441  
      0.000000  0.000000  0.000000     0.008482   -0.003504   -0.013500  
     -3.805989  3.735670  4.508680    -0.008869    0.003677   -0.002858  
     -2.845452  3.338971  1.748498    -0.032218    0.013281    0.025140  
      0.763430  1.848514  0.000000     0.145186   -0.059962    0.100231  
      2.664185  1.063509  3.723032    -0.032289    0.013329    0.025186  
      3.624723  0.666810  0.962850    -0.008846    0.003649   -0.002801  
 
  29 f  =    5.349372 THz    33.611095 2PiTHz  178.435839 cm-1    22.123215 meV
             X         Y         Z           dx          dy          dz
     -2.255950  3.095509  3.576016    -0.024169    0.009981   -0.066037  
     -1.193482  2.656713  0.766456     0.032989   -0.013625   -0.107769  
     -0.854064  0.352726  2.735765    -0.175807    0.072611    0.010618  
      1.012216  1.745767  4.705074     0.032983   -0.013624   -0.107759  
      2.074683  1.306971  1.895513    -0.024157    0.009979   -0.066018  
      0.000000  0.000000  0.000000     0.009684   -0.003999    0.026370  
     -3.805989  3.735670  4.508680    -0.030948    0.012788   -0.071048  
     -2.845452  3.338971  1.748498     0.026574   -0.010988   -0.035977  
      0.763430  1.848514  0.000000    -0.031711    0.013095    0.063462  
      2.664185  1.063509  3.723032     0.026563   -0.010970   -0.035970  
      3.624723  0.666810  0.962850    -0.030947    0.012774   -0.071039  
 
  30 f  =    3.530384 THz    22.182059 2PiTHz  117.760946 cm-1    14.600490 meV
             X         Y         Z           dx          dy          dz
     -2.255950  3.095509  3.576016    -0.023707   -0.057414    0.000004  
     -1.193482  2.656713  0.766456    -0.024773   -0.059976    0.000000  
     -0.854064  0.352726  2.735765    -0.046376   -0.112307   -0.000000  
      1.012216  1.745767  4.705074    -0.024777   -0.059974   -0.000000  
      2.074683  1.306971  1.895513    -0.023713   -0.057411    0.000001  
      0.000000  0.000000  0.000000     0.017300    0.041890   -0.000000  
     -3.805989  3.735670  4.508680    -0.029233   -0.070780    0.000001  
     -2.845452  3.338971  1.748498    -0.030453   -0.073750   -0.000002  
      0.763430  1.848514  0.000000    -0.013599   -0.032943   -0.000002  
      2.664185  1.063509  3.723032    -0.030458   -0.073748    0.000001  
      3.624723  0.666810  0.962850    -0.029231   -0.070777    0.000000  
 
  31 fi =    0.002273 THz     0.014283 2PiTHz    0.075828 cm-1     0.009401 meV
             X         Y         Z           dx          dy          dz
     -2.255950  3.095509  3.576016    -0.023141   -0.053267    0.001842  
     -1.193482  2.656713  0.766456    -0.023150   -0.053275    0.001838  
     -0.854064  0.352726  2.735765    -0.023137   -0.053258    0.001839  
      1.012216  1.745767  4.705074    -0.023154   -0.053273    0.001837  
      2.074683  1.306971  1.895513    -0.023145   -0.053265    0.001840  
      0.000000  0.000000  0.000000    -0.023158   -0.053295    0.001840  
     -3.805989  3.735670  4.508680    -0.023152   -0.053280    0.001842  
     -2.845452  3.338971  1.748498    -0.023130   -0.053228    0.001840  
      0.763430  1.848514  0.000000    -0.023150   -0.053279    0.001840  
      2.664185  1.063509  3.723032    -0.023131   -0.053228    0.001841  
      3.624723  0.666810  0.962850    -0.023152   -0.053280    0.001841  
 
  32 fi =    0.004927 THz     0.030960 2PiTHz    0.164363 cm-1     0.020378 meV
             X         Y         Z           dx          dy          dz
     -2.255950  3.095509  3.576016     0.048256   -0.021802   -0.023971  
     -1.193482  2.656713  0.766456     0.048255   -0.021795   -0.023970  
     -0.854064  0.352726  2.735765     0.048199   -0.021771   -0.023950  
      1.012216  1.745767  4.705074     0.048254   -0.021796   -0.023969  
      2.074683  1.306971  1.895513     0.048258   -0.021802   -0.023970  
      0.000000  0.000000  0.000000     0.048252   -0.021795   -0.023969  
     -3.805989  3.735670  4.508680     0.048254   -0.021796   -0.023983  
     -2.845452  3.338971  1.748498     0.048320   -0.021819   -0.024005  
      0.763430  1.848514  0.000000     0.048180   -0.021765   -0.024001  
      2.664185  1.063509  3.723032     0.048319   -0.021817   -0.024005  
      3.624723  0.666810  0.962850     0.048255   -0.021796   -0.023983  
 
  33 fi =    0.007729 THz     0.048564 2PiTHz    0.257819 cm-1     0.031965 meV
             X         Y         Z           dx          dy          dz
     -2.255950  3.095509  3.576016     0.022669   -0.008026    0.052871  
     -1.193482  2.656713  0.766456     0.022721   -0.008044    0.052858  
     -0.854064  0.352726  2.735765     0.022662   -0.008020    0.052897  
      1.012216  1.745767  4.705074     0.022721   -0.008045    0.052856  
      2.074683  1.306971  1.895513     0.022667   -0.008025    0.052869  
      0.000000  0.000000  0.000000     0.022670   -0.008023    0.052915  
     -3.805989  3.735670  4.508680     0.022716   -0.008043    0.052958  
     -2.845452  3.338971  1.748498     0.022647   -0.008013    0.052925  
      0.763430  1.848514  0.000000     0.022550   -0.007974    0.052938  
      2.664185  1.063509  3.723032     0.022650   -0.008016    0.052926  
      3.624723  0.666810  0.962850     0.022715   -0.008041    0.052957  
 
