 Eigenvectors and eigenvalues of the dynamical matrix
 ----------------------------------------------------
 
 
   1 f  =   22.875075 THz   143.728338 2PiTHz  763.030386 cm-1    94.603668 meV
             X         Y         Z           dx          dy          dz
      3.905845  3.521830  2.428063    -0.002486   -0.001480   -0.000000  
      1.460912  2.061451  2.427956    -0.007252   -0.004321   -0.000005  
      2.232266  3.678707  4.899183    -0.002488   -0.001478   -0.000002  
      4.677388  5.138767  4.899076    -0.007246   -0.004332    0.000004  
      6.470175  5.053106  2.427944    -0.001212   -0.000724   -0.000000  
     -0.331894  2.147145  4.899065    -0.001212   -0.000724    0.000000  
      2.915417  5.188929  3.711964    -0.023784   -0.036229   -0.053537  
      2.252268  3.636511  1.240844    -0.043175   -0.003757    0.053538  
      5.673260  3.609352  3.667979     0.054566    0.101227   -0.092058  
      3.222907  2.011347  3.615035    -0.023816   -0.036239   -0.053558  
      2.335202  0.459424  1.196858     0.115001    0.000040    0.092059  
      4.904063  1.858996  1.143914    -0.043198   -0.003785    0.053557  
 
   2 f  =   18.403935 THz   115.635333 2PiTHz  613.889186 cm-1    76.112524 meV
             X         Y         Z           dx          dy          dz
      3.905845  3.521830  2.428063     0.008959   -0.015008    0.017298  
      1.460912  2.061451  2.427956     0.005194   -0.008678    0.008036  
      2.232266  3.678707  4.899183     0.008971   -0.015004    0.017304  
      4.677388  5.138767  4.899076     0.005179   -0.008688    0.008041  
      6.470175  5.053106  2.427944     0.001102   -0.001841    0.003132  
     -0.331894  2.147145  4.899065     0.001099   -0.001843    0.003133  
      2.915417  5.188929  3.711964     0.012851   -0.009141    0.022080  
      2.252268  3.636511  1.240844     0.001955   -0.015646    0.022081  
      5.673260  3.609352  3.667979     0.078267    0.122482   -0.090253  
      3.222907  2.011347  3.615035     0.012967   -0.009204    0.022106  
      2.335202  0.459424  1.196858    -0.144950   -0.010827   -0.090251  
      4.904063  1.858996  1.143914     0.001949   -0.015783    0.022113  
 
   3 f  =   17.644789 THz   110.865480 2PiTHz  588.566816 cm-1    72.972952 meV
             X         Y         Z           dx          dy          dz
      3.905845  3.521830  2.428063     0.015379    0.009137    0.000025  
      1.460912  2.061451  2.427956    -0.013517   -0.008071    0.000009  
      2.232266  3.678707  4.899183    -0.015382   -0.009169    0.000024  
      4.677388  5.138767  4.899076     0.013537    0.008066    0.000022  
      6.470175  5.053106  2.427944    -0.002887   -0.001728    0.000002  
     -0.331894  2.147145  4.899065     0.002888    0.001723    0.000004  
      2.915417  5.188929  3.711964     0.099571   -0.073321    0.012274  
      2.252268  3.636511  1.240844     0.017338   -0.122386    0.012280  
      5.673260  3.609352  3.667979     0.000048    0.000080   -0.000044  
      3.222907  2.011347  3.615035    -0.099587    0.073299   -0.012295  
      2.335202  0.459424  1.196858    -0.000088   -0.000009   -0.000044  
      4.904063  1.858996  1.143914    -0.017313    0.122418   -0.012304  
 
   4 f  =   16.845625 THz   105.844184 2PiTHz  561.909568 cm-1    69.667876 meV
             X         Y         Z           dx          dy          dz
      3.905845  3.521830  2.428063    -0.012419    0.020784    0.082413  
      1.460912  2.061451  2.427956     0.014402   -0.024167    0.074486  
      2.232266  3.678707  4.899183     0.012422   -0.020809   -0.082404  
      4.677388  5.138767  4.899076    -0.014436    0.024139   -0.074482  
      6.470175  5.053106  2.427944    -0.001913    0.003197    0.011624  
     -0.331894  2.147145  4.899065     0.001908   -0.003198   -0.011624  
      2.915417  5.188929  3.711964    -0.091498    0.054019    0.022296  
      2.252268  3.636511  1.240844     0.004187   -0.106210   -0.022296  
      5.673260  3.609352  3.667979     0.000021    0.000061   -0.000021  
      3.222907  2.011347  3.615035     0.091502   -0.054039   -0.022161  
      2.335202  0.459424  1.196858     0.000060   -0.000008    0.000021  
      4.904063  1.858996  1.143914    -0.004203    0.106214    0.022157  
 
   5 f  =   15.733133 THz    98.854188 2PiTHz  524.800815 cm-1    65.066979 meV
             X         Y         Z           dx          dy          dz
      3.905845  3.521830  2.428063     0.003822    0.002237    0.000146  
      1.460912  2.061451  2.427956     0.028155    0.016841    0.000062  
      2.232266  3.678707  4.899183     0.003819    0.002247   -0.000119  
      4.677388  5.138767  4.899076     0.028168    0.016813   -0.000058  
      6.470175  5.053106  2.427944     0.002851    0.001708    0.000012  
     -0.331894  2.147145  4.899065     0.002854    0.001704   -0.000013  
      2.915417  5.188929  3.711964     0.028529   -0.037540   -0.097516  
      2.252268  3.636511  1.240844    -0.019540    0.042906    0.097522  
      5.673260  3.609352  3.667979    -0.029900   -0.074348    0.026966  
      3.222907  2.011347  3.615035     0.028513   -0.037720   -0.097638  
      2.335202  0.459424  1.196858    -0.079634    0.008934   -0.026953  
      4.904063  1.858996  1.143914    -0.019659    0.042975    0.097613  
 
   6 f  =   15.080520 THz    94.753699 2PiTHz  503.031986 cm-1    62.367989 meV
             X         Y         Z           dx          dy          dz
      3.905845  3.521830  2.428063    -0.003306   -0.001800   -0.000093  
      1.460912  2.061451  2.427956     0.011396    0.006707   -0.000076  
      2.232266  3.678707  4.899183     0.003195    0.002035   -0.000037  
      4.677388  5.138767  4.899076    -0.011323   -0.006837   -0.000049  
      6.470175  5.053106  2.427944     0.000779    0.000459   -0.000006  
     -0.331894  2.147145  4.899065    -0.000771   -0.000467   -0.000001  
      2.915417  5.188929  3.711964    -0.043772   -0.075451   -0.089087  
      2.252268  3.636511  1.240844     0.087168    0.002744   -0.089052  
      5.673260  3.609352  3.667979    -0.000014   -0.000091   -0.000050  
      3.222907  2.011347  3.615035     0.043926    0.075662    0.089228  
      2.335202  0.459424  1.196858     0.000067   -0.000018   -0.000061  
      4.904063  1.858996  1.143914    -0.087440   -0.002800    0.089249  
 
   7 f  =   14.689903 THz    92.299384 2PiTHz  490.002429 cm-1    60.752531 meV
             X         Y         Z           dx          dy          dz
      3.905845  3.521830  2.428063    -0.094176   -0.055880   -0.003480  
      1.460912  2.061451  2.427956     0.072074    0.039811    0.000200  
      2.232266  3.678707  4.899183    -0.093815   -0.056353    0.003461  
      4.677388  5.138767  4.899076     0.069218    0.044561   -0.000212  
      6.470175  5.053106  2.427944    -0.005821   -0.003486   -0.000146  
     -0.331894  2.147145  4.899065    -0.005832   -0.003475    0.000146  
      2.915417  5.188929  3.711964     0.080042   -0.035775    0.025074  
      2.252268  3.636511  1.240844     0.006452    0.087443   -0.025085  
      5.673260  3.609352  3.667979    -0.045001    0.034830   -0.039404  
      3.222907  2.011347  3.615035     0.085943   -0.030727    0.032805  
      2.335202  0.459424  1.196858     0.009331   -0.056140    0.039396  
      4.904063  1.858996  1.143914     0.013673    0.090217   -0.032773  
 
   8 f  =   14.663015 THz    92.130440 2PiTHz  489.105530 cm-1    60.641330 meV
             X         Y         Z           dx          dy          dz
      3.905845  3.521830  2.428063    -0.001051   -0.008386    0.074075  
      1.460912  2.061451  2.427956    -0.027552    0.053734   -0.005011  
      2.232266  3.678707  4.899183    -0.007842    0.003087   -0.074080  
      4.677388  5.138767  4.899076     0.034225   -0.049751    0.005008  
      6.470175  5.053106  2.427944    -0.000318   -0.000089    0.003106  
     -0.331894  2.147145  4.899065    -0.000232   -0.000239   -0.003107  
      2.915417  5.188929  3.711964     0.066900    0.052172    0.083067  
      2.252268  3.636511  1.240844     0.077662    0.034159   -0.083089  
      5.673260  3.609352  3.667979    -0.002109    0.001674   -0.001849  
      3.222907  2.011347  3.615035    -0.059180   -0.055226   -0.080195  
      2.335202  0.459424  1.196858     0.000479   -0.002648    0.001851  
      4.904063  1.858996  1.143914    -0.076695   -0.025923    0.080222  
 
   9 f  =   14.476402 THz    90.957914 2PiTHz  482.880782 cm-1    59.869560 meV
             X         Y         Z           dx          dy          dz
      3.905845  3.521830  2.428063    -0.061182    0.102463   -0.052815  
      1.460912  2.061451  2.427956     0.034734   -0.058246   -0.039068  
      2.232266  3.678707  4.899183    -0.061158    0.102405   -0.052751  
      4.677388  5.138767  4.899076     0.034783   -0.058163   -0.039043  
      6.470175  5.053106  2.427944     0.005437   -0.009105   -0.000497  
     -0.331894  2.147145  4.899065     0.005442   -0.009106   -0.000492  
      2.915417  5.188929  3.711964    -0.006162    0.074436    0.048003  
      2.252268  3.636511  1.240844    -0.062611    0.040698    0.048019  
      5.673260  3.609352  3.667979     0.008411   -0.039585   -0.049978  
      3.222907  2.011347  3.615035    -0.006259    0.074267    0.047714  
      2.335202  0.459424  1.196858     0.030843   -0.026155   -0.050003  
      4.904063  1.858996  1.143914    -0.062435    0.040740    0.047762  
 
  10 f  =   14.113395 THz    88.677074 2PiTHz  470.772172 cm-1    58.368284 meV
             X         Y         Z           dx          dy          dz
      3.905845  3.521830  2.428063    -0.067471    0.112909   -0.161667  
      1.460912  2.061451  2.427956     0.027283   -0.045650   -0.087209  
      2.232266  3.678707  4.899183     0.067493   -0.112968    0.161704  
      4.677388  5.138767  4.899076    -0.027265    0.045699    0.087226  
      6.470175  5.053106  2.427944    -0.002041    0.003422   -0.013844  
     -0.331894  2.147145  4.899065     0.002040   -0.003414    0.013844  
      2.915417  5.188929  3.711964    -0.014927    0.038244    0.031197  
      2.252268  3.636511  1.240844     0.026607   -0.031321   -0.031181  
      5.673260  3.609352  3.667979    -0.000008   -0.000008    0.000022  
      3.222907  2.011347  3.615035     0.014952   -0.038338   -0.031221  
      2.335202  0.459424  1.196858    -0.000014   -0.000005   -0.000001  
      4.904063  1.858996  1.143914    -0.026633    0.031342    0.031164  
 
  11 f  =   12.908660 THz    81.107503 2PiTHz  430.586549 cm-1    53.385904 meV
             X         Y         Z           dx          dy          dz
      3.905845  3.521830  2.428063    -0.090112   -0.053811    0.000005  
      1.460912  2.061451  2.427956     0.046467    0.027672   -0.000008  
      2.232266  3.678707  4.899183    -0.090042   -0.053859    0.000023  
      4.677388  5.138767  4.899076     0.046399    0.027756   -0.000026  
      6.470175  5.053106  2.427944    -0.000414   -0.000235   -0.000001  
     -0.331894  2.147145  4.899065    -0.000412   -0.000240   -0.000003  
      2.915417  5.188929  3.711964    -0.015246    0.090529   -0.032987  
      2.252268  3.636511  1.240844     0.072399   -0.056460    0.033011  
      5.673260  3.609352  3.667979    -0.033148   -0.020521   -0.067797  
      3.222907  2.011347  3.615035    -0.015214    0.090490   -0.032971  
      2.335202  0.459424  1.196858    -0.033747   -0.019458    0.067785  
      4.904063  1.858996  1.143914     0.072403   -0.056398    0.033012  
 
  12 f  =   12.752607 THz    80.126992 2PiTHz  425.381176 cm-1    52.740520 meV
             X         Y         Z           dx          dy          dz
      3.905845  3.521830  2.428063     0.069860   -0.116557    0.151665  
      1.460912  2.061451  2.427956     0.041637   -0.069781   -0.059672  
      2.232266  3.678707  4.899183     0.069578   -0.116702    0.151651  
      4.677388  5.138767  4.899076     0.041674   -0.069760   -0.059675  
      6.470175  5.053106  2.427944    -0.005771    0.009644   -0.004234  
     -0.331894  2.147145  4.899065    -0.005756    0.009653   -0.004235  
      2.915417  5.188929  3.711964     0.024354    0.030811    0.011782  
      2.252268  3.636511  1.240844    -0.038709   -0.006789    0.011751  
      5.673260  3.609352  3.667979     0.028417   -0.050794   -0.016548  
      3.222907  2.011347  3.615035     0.024321    0.030771    0.011741  
      2.335202  0.459424  1.196858     0.031274   -0.049109   -0.016564  
      4.904063  1.858996  1.143914    -0.038660   -0.006800    0.011701  
 
  13 f  =   12.579242 THz    79.037710 2PiTHz  419.598353 cm-1    52.023542 meV
             X         Y         Z           dx          dy          dz
      3.905845  3.521830  2.428063    -0.007697    0.012597   -0.064925  
      1.460912  2.061451  2.427956    -0.008147    0.013738    0.005384  
      2.232266  3.678707  4.899183    -0.007348    0.012806   -0.064930  
      4.677388  5.138767  4.899076    -0.008284    0.013644    0.005384  
      6.470175  5.053106  2.427944    -0.005121    0.008590   -0.002161  
     -0.331894  2.147145  4.899065    -0.005135    0.008583   -0.002160  
      2.915417  5.188929  3.711964     0.110627   -0.014431    0.028213  
      2.252268  3.636511  1.240844    -0.039818   -0.104198    0.028192  
      5.673260  3.609352  3.667979    -0.038480   -0.007659   -0.006166  
      3.222907  2.011347  3.615035     0.110406   -0.014605    0.028212  
      2.335202  0.459424  1.196858     0.025030    0.030279   -0.006239  
      4.904063  1.858996  1.143914    -0.039554   -0.104086    0.028174  
 
  14 f  =   12.300894 THz    77.288796 2PiTHz  410.313655 cm-1    50.872387 meV
             X         Y         Z           dx          dy          dz
      3.905845  3.521830  2.428063    -0.202479   -0.121017    0.000193  
      1.460912  2.061451  2.427956     0.068377    0.040803   -0.000035  
      2.232266  3.678707  4.899183     0.202567    0.120908    0.000174  
      4.677388  5.138767  4.899076    -0.068379   -0.040907   -0.000025  
      6.470175  5.053106  2.427944     0.009891    0.005894    0.000001  
     -0.331894  2.147145  4.899065    -0.009879   -0.005909   -0.000000  
      2.915417  5.188929  3.711964     0.026815    0.014017   -0.019706  
      2.252268  3.636511  1.240844    -0.025066   -0.016987   -0.019655  
      5.673260  3.609352  3.667979     0.000066   -0.000015    0.000004  
      3.222907  2.011347  3.615035    -0.027020   -0.013913    0.019632  
      2.335202  0.459424  1.196858    -0.000009   -0.000041   -0.000023  
      4.904063  1.858996  1.143914     0.025041    0.017190    0.019581  
 
  15 f  =   11.471431 THz    72.077127 2PiTHz  382.645752 cm-1    47.442005 meV
             X         Y         Z           dx          dy          dz
      3.905845  3.521830  2.428063     0.082531    0.049363   -0.000002  
      1.460912  2.061451  2.427956     0.090140    0.053669    0.000036  
      2.232266  3.678707  4.899183    -0.082589   -0.049232    0.000012  
      4.677388  5.138767  4.899076    -0.090140   -0.053681   -0.000013  
      6.470175  5.053106  2.427944    -0.005596   -0.003350    0.000005  
     -0.331894  2.147145  4.899065     0.005610    0.003326    0.000006  
      2.915417  5.188929  3.711964     0.049984    0.057860   -0.071480  
      2.252268  3.636511  1.240844    -0.074649   -0.016542   -0.071525  
      5.673260  3.609352  3.667979     0.000017    0.000022   -0.000006  
      3.222907  2.011347  3.615035    -0.050061   -0.057783    0.071389  
      2.335202  0.459424  1.196858    -0.000022   -0.000016   -0.000005  
      4.904063  1.858996  1.143914     0.074615    0.016660    0.071420  
 
  16 f  =   11.308297 THz    71.052123 2PiTHz  377.204175 cm-1    46.767336 meV
             X         Y         Z           dx          dy          dz
      3.905845  3.521830  2.428063    -0.017382    0.028916    0.004392  
      1.460912  2.061451  2.427956     0.101987   -0.170835    0.118578  
      2.232266  3.678707  4.899183     0.017359   -0.028944   -0.004386  
      4.677388  5.138767  4.899076    -0.101981    0.170866   -0.118567  
      6.470175  5.053106  2.427944    -0.004997    0.008375    0.004189  
     -0.331894  2.147145  4.899065     0.004995   -0.008376   -0.004190  
      2.915417  5.188929  3.711964     0.030410   -0.033325    0.031001  
      2.252268  3.636511  1.240844    -0.014850    0.042577   -0.030935  
      5.673260  3.609352  3.667979    -0.000020    0.000014   -0.000001  
      3.222907  2.011347  3.615035    -0.030373    0.033283   -0.030972  
      2.335202  0.459424  1.196858     0.000001   -0.000017    0.000004  
      4.904063  1.858996  1.143914     0.014832   -0.042539    0.030903  
 
  17 f  =   10.393143 THz    65.302043 2PiTHz  346.677934 cm-1    42.982566 meV
             X         Y         Z           dx          dy          dz
      3.905845  3.521830  2.428063     0.104637    0.062363    0.000111  
      1.460912  2.061451  2.427956    -0.129127   -0.077045   -0.000025  
      2.232266  3.678707  4.899183     0.104592    0.062461   -0.000038  
      4.677388  5.138767  4.899076    -0.129236   -0.076845    0.000213  
      6.470175  5.053106  2.427944     0.000719    0.000414   -0.000011  
     -0.331894  2.147145  4.899065     0.000723    0.000404   -0.000004  
      2.915417  5.188929  3.711964     0.035229    0.013362   -0.001230  
      2.252268  3.636511  1.240844     0.028351    0.024724    0.001259  
      5.673260  3.609352  3.667979    -0.080562   -0.003192   -0.074240  
      3.222907  2.011347  3.615035     0.035168    0.013242   -0.001183  
      2.335202  0.459424  1.196858    -0.041015   -0.069320    0.074238  
      4.904063  1.858996  1.143914     0.028206    0.024735    0.001203  
 
  18 f  =   10.305695 THz    64.752592 2PiTHz  343.760988 cm-1    42.620911 meV
             X         Y         Z           dx          dy          dz
      3.905845  3.521830  2.428063     0.056303   -0.094406    0.083262  
      1.460912  2.061451  2.427956     0.072203   -0.120642   -0.165348  
      2.232266  3.678707  4.899183    -0.056403    0.094355   -0.083277  
      4.677388  5.138767  4.899076    -0.071951    0.120783    0.165349  
      6.470175  5.053106  2.427944    -0.002546    0.004253   -0.007462  
     -0.331894  2.147145  4.899065     0.002533   -0.004258    0.007463  
      2.915417  5.188929  3.711964    -0.002478    0.024023   -0.010357  
      2.252268  3.636511  1.240844     0.020025   -0.013561    0.010391  
      5.673260  3.609352  3.667979     0.000097   -0.000014    0.000042  
      3.222907  2.011347  3.615035     0.002441   -0.024051    0.010379  
      2.335202  0.459424  1.196858     0.000040    0.000084   -0.000049  
      4.904063  1.858996  1.143914    -0.020040    0.013534   -0.010409  
 
  19 f  =   10.256841 THz    64.445632 2PiTHz  342.131386 cm-1    42.418866 meV
             X         Y         Z           dx          dy          dz
      3.905845  3.521830  2.428063     0.029762   -0.049966    0.055754  
      1.460912  2.061451  2.427956    -0.090516    0.151834    0.070055  
      2.232266  3.678707  4.899183     0.029702   -0.049980    0.055740  
      4.677388  5.138767  4.899076    -0.090434    0.151880    0.070087  
      6.470175  5.053106  2.427944     0.008143   -0.013647   -0.007814  
     -0.331894  2.147145  4.899065     0.008147   -0.013644   -0.007812  
      2.915417  5.188929  3.711964     0.009854    0.060126    0.013717  
      2.252268  3.636511  1.240844    -0.057662    0.019778    0.013708  
      5.673260  3.609352  3.667979    -0.028786    0.020264    0.004704  
      3.222907  2.011347  3.615035     0.009857    0.060115    0.013683  
      2.335202  0.459424  1.196858    -0.004099    0.035099    0.004556  
      4.904063  1.858996  1.143914    -0.057655    0.019779    0.013674  
 
  20 f  =    9.280586 THz    58.311639 2PiTHz  309.567015 cm-1    38.381401 meV
             X         Y         Z           dx          dy          dz
      3.905845  3.521830  2.428063     0.149953    0.089481   -0.000090  
      1.460912  2.061451  2.427956     0.157490    0.094069    0.000010  
      2.232266  3.678707  4.899183     0.149912    0.089608    0.000007  
      4.677388  5.138767  4.899076     0.157507    0.093950    0.000007  
      6.470175  5.053106  2.427944    -0.011670   -0.006966   -0.000002  
     -0.331894  2.147145  4.899065    -0.011669   -0.006971    0.000007  
      2.915417  5.188929  3.711964    -0.003350    0.009709    0.005774  
      2.252268  3.636511  1.240844     0.006985   -0.007553   -0.005771  
      5.673260  3.609352  3.667979    -0.012064    0.001363   -0.025732  
      3.222907  2.011347  3.615035    -0.003260    0.009844    0.005621  
      2.335202  0.459424  1.196858    -0.004513   -0.011232    0.025719  
      4.904063  1.858996  1.143914     0.007139   -0.007534   -0.005636  
 
  21 f  =    8.556702 THz    53.763346 2PiTHz  285.420867 cm-1    35.387661 meV
             X         Y         Z           dx          dy          dz
      3.905845  3.521830  2.428063     0.019064    0.011295   -0.000045  
      1.460912  2.061451  2.427956     0.193070    0.115584   -0.000228  
      2.232266  3.678707  4.899183    -0.019054   -0.011393   -0.000076  
      4.677388  5.138767  4.899076    -0.193282   -0.115240   -0.000142  
      6.470175  5.053106  2.427944    -0.011311   -0.006749   -0.000029  
     -0.331894  2.147145  4.899065     0.011313    0.006770   -0.000008  
      2.915417  5.188929  3.711964    -0.023768   -0.030952    0.044332  
      2.252268  3.636511  1.240844     0.038324    0.006223    0.044186  
      5.673260  3.609352  3.667979     0.000023   -0.000020    0.000065  
      3.222907  2.011347  3.615035     0.023683    0.030807   -0.044047  
      2.335202  0.459424  1.196858     0.000003   -0.000123    0.000040  
      4.904063  1.858996  1.143914    -0.038209   -0.006260   -0.043896  
 
  22 f  =    8.369249 THz    52.585540 2PiTHz  279.168083 cm-1    34.612415 meV
             X         Y         Z           dx          dy          dz
      3.905845  3.521830  2.428063    -0.022438    0.038853   -0.012824  
      1.460912  2.061451  2.427956     0.016613   -0.029167    0.046375  
      2.232266  3.678707  4.899183     0.023479   -0.038229    0.012829  
      4.677388  5.138767  4.899076    -0.018166    0.028252   -0.046390  
      6.470175  5.053106  2.427944    -0.001729    0.001913    0.013509  
     -0.331894  2.147145  4.899065     0.000893   -0.002415   -0.013510  
      2.915417  5.188929  3.711964     0.046946    0.074053   -0.076791  
      2.252268  3.636511  1.240844     0.087537    0.006234    0.076880  
      5.673260  3.609352  3.667979     0.003697   -0.001689   -0.000892  
      3.222907  2.011347  3.615035    -0.043883   -0.072732    0.076845  
      2.335202  0.459424  1.196858     0.000260    0.004061    0.000899  
      4.904063  1.858996  1.143914    -0.084922   -0.004159   -0.076927  
 
  23 f  =    8.344672 THz    52.431122 2PiTHz  278.348305 cm-1    34.510776 meV
             X         Y         Z           dx          dy          dz
      3.905845  3.521830  2.428063     0.014375    0.007140    0.000371  
      1.460912  2.061451  2.427956    -0.032689   -0.018401   -0.001271  
      2.232266  3.678707  4.899183     0.013076    0.009275   -0.000347  
      4.677388  5.138767  4.899076    -0.031787   -0.020176    0.001326  
      6.470175  5.053106  2.427944    -0.013783   -0.008321   -0.000387  
     -0.331894  2.147145  4.899065    -0.013854   -0.008187    0.000395  
      2.915417  5.188929  3.711964     0.051432    0.018948    0.003389  
      2.252268  3.636511  1.240844     0.041073    0.036303   -0.003416  
      5.673260  3.609352  3.667979     0.126780   -0.062307   -0.034540  
      3.222907  2.011347  3.615035     0.054047    0.023200   -0.001107  
      2.335202  0.459424  1.196858     0.005261    0.141190    0.034521  
      4.904063  1.858996  1.143914     0.046012    0.036579    0.001030  
 
  24 f  =    7.946414 THz    49.928793 2PiTHz  265.063847 cm-1    32.863714 meV
             X         Y         Z           dx          dy          dz
      3.905845  3.521830  2.428063    -0.009573    0.016056   -0.016224  
      1.460912  2.061451  2.427956    -0.064938    0.108122   -0.147357  
      2.232266  3.678707  4.899183    -0.009532    0.016091   -0.016226  
      4.677388  5.138767  4.899076    -0.064392    0.108442   -0.147368  
      6.470175  5.053106  2.427944    -0.001460    0.002488   -0.005057  
     -0.331894  2.147145  4.899065    -0.001507    0.002462   -0.005056  
      2.915417  5.188929  3.711964    -0.005378   -0.021759    0.041332  
      2.252268  3.636511  1.240844     0.021711   -0.005570    0.041315  
      5.673260  3.609352  3.667979     0.083900   -0.024286    0.045324  
      3.222907  2.011347  3.615035    -0.005485   -0.021867    0.041482  
      2.335202  0.459424  1.196858    -0.018436   -0.085317    0.045386  
      4.904063  1.858996  1.143914     0.021868   -0.005519    0.041475  
 
  25 f  =    7.280736 THz    45.746214 2PiTHz  242.859216 cm-1    30.110692 meV
             X         Y         Z           dx          dy          dz
      3.905845  3.521830  2.428063     0.023886   -0.040071   -0.019261  
      1.460912  2.061451  2.427956     0.014967   -0.025266    0.123749  
      2.232266  3.678707  4.899183     0.023886   -0.040019   -0.019213  
      4.677388  5.138767  4.899076     0.015165   -0.025165    0.123726  
      6.470175  5.053106  2.427944    -0.003266    0.005510   -0.018904  
     -0.331894  2.147145  4.899065    -0.003289    0.005490   -0.018906  
      2.915417  5.188929  3.711964    -0.034166   -0.034198    0.081841  
      2.252268  3.636511  1.240844     0.046260    0.013860    0.081798  
      5.673260  3.609352  3.667979    -0.007582   -0.021386    0.001270  
      3.222907  2.011347  3.615035    -0.034259   -0.034277    0.081968  
      2.335202  0.459424  1.196858     0.022334   -0.003371    0.001381  
      4.904063  1.858996  1.143914     0.046365    0.013910    0.081932  
 
  26 f  =    6.977446 THz    43.840584 2PiTHz  232.742533 cm-1    28.856383 meV
             X         Y         Z           dx          dy          dz
      3.905845  3.521830  2.428063    -0.021091   -0.012549   -0.000017  
      1.460912  2.061451  2.427956     0.023163    0.013769   -0.000091  
      2.232266  3.678707  4.899183    -0.021049   -0.012617    0.000026  
      4.677388  5.138767  4.899076     0.023134    0.013809   -0.000115  
      6.470175  5.053106  2.427944     0.012684    0.007564    0.000038  
     -0.331894  2.147145  4.899065     0.012684    0.007568   -0.000022  
      2.915417  5.188929  3.711964    -0.039245   -0.048245    0.035582  
      2.252268  3.636511  1.240844    -0.061153   -0.011685   -0.035653  
      5.673260  3.609352  3.667979     0.001041   -0.096869   -0.092341  
      3.222907  2.011347  3.615035    -0.039334   -0.048349    0.035732  
      2.335202  0.459424  1.196858    -0.084844    0.046984    0.092382  
      4.904063  1.858996  1.143914    -0.061283   -0.011708   -0.035803  
 
  27 f  =    6.814752 THz    42.818348 2PiTHz  227.315650 cm-1    28.183536 meV
             X         Y         Z           dx          dy          dz
      3.905845  3.521830  2.428063    -0.014192    0.023749   -0.000339  
      1.460912  2.061451  2.427956    -0.042164    0.070701    0.099119  
      2.232266  3.678707  4.899183    -0.014185    0.023747   -0.000357  
      4.677388  5.138767  4.899076    -0.042204    0.070664    0.099083  
      6.470175  5.053106  2.427944    -0.004186    0.007011    0.008833  
     -0.331894  2.147145  4.899065    -0.004177    0.007019    0.008838  
      2.915417  5.188929  3.711964     0.002884   -0.013903   -0.028328  
      2.252268  3.636511  1.240844     0.010823   -0.009146   -0.028351  
      5.673260  3.609352  3.667979     0.062199   -0.094192   -0.085394  
      3.222907  2.011347  3.615035     0.002903   -0.013891   -0.028339  
      2.335202  0.459424  1.196858     0.053357   -0.099397   -0.085314  
      4.904063  1.858996  1.143914     0.010790   -0.009157   -0.028379  
 
  28 f  =    6.529849 THz    41.028249 2PiTHz  217.812304 cm-1    27.005272 meV
             X         Y         Z           dx          dy          dz
      3.905845  3.521830  2.428063     0.078201   -0.131041   -0.136191  
      1.460912  2.061451  2.427956    -0.011863    0.019753    0.016656  
      2.232266  3.678707  4.899183    -0.078279    0.130987    0.136173  
      4.677388  5.138767  4.899076     0.011743   -0.019795   -0.016696  
      6.470175  5.053106  2.427944    -0.013979    0.023419    0.017884  
     -0.331894  2.147145  4.899065     0.013979   -0.023419   -0.017876  
      2.915417  5.188929  3.711964    -0.005766    0.010388    0.014499  
      2.252268  3.636511  1.240844     0.006414   -0.009997   -0.014513  
      5.673260  3.609352  3.667979     0.000001   -0.000003   -0.000007  
      3.222907  2.011347  3.615035     0.005797   -0.010372   -0.014535  
      2.335202  0.459424  1.196858     0.000006    0.000005   -0.000018  
      4.904063  1.858996  1.143914    -0.006406    0.010008    0.014502  
 
  29 f  =    5.682370 THz    35.703382 2PiTHz  189.543452 cm-1    23.500382 meV
             X         Y         Z           dx          dy          dz
      3.905845  3.521830  2.428063    -0.009340    0.015598   -0.033909  
      1.460912  2.061451  2.427956     0.027638   -0.046172    0.107678  
      2.232266  3.678707  4.899183    -0.009269    0.015582   -0.033909  
      4.677388  5.138767  4.899076     0.027558   -0.046210    0.107781  
      6.470175  5.053106  2.427944    -0.001068    0.001745   -0.007627  
     -0.331894  2.147145  4.899065    -0.001026    0.001767   -0.007667  
      2.915417  5.188929  3.711964     0.024172    0.034793   -0.019933  
      2.252268  3.636511  1.240844    -0.042134   -0.004776   -0.019947  
      5.673260  3.609352  3.667979     0.101795    0.011593    0.093039  
      3.222907  2.011347  3.615035     0.024210    0.034842   -0.019997  
      2.335202  0.459424  1.196858    -0.058494   -0.084130    0.093054  
      4.904063  1.858996  1.143914    -0.042155   -0.004813   -0.019997  
 
  30 f  =    5.623459 THz    35.333235 2PiTHz  187.578401 cm-1    23.256747 meV
             X         Y         Z           dx          dy          dz
      3.905845  3.521830  2.428063     0.041830   -0.070054   -0.011521  
      1.460912  2.061451  2.427956    -0.003706    0.006269    0.116195  
      2.232266  3.678707  4.899183    -0.041859    0.070040    0.011477  
      4.677388  5.138767  4.899076     0.003768   -0.006301   -0.116119  
      6.470175  5.053106  2.427944    -0.001794    0.003024   -0.042653  
     -0.331894  2.147145  4.899065     0.001805   -0.003018    0.042647  
      2.915417  5.188929  3.711964    -0.000800    0.029656   -0.008653  
      2.252268  3.636511  1.240844     0.025699   -0.014761    0.008640  
      5.673260  3.609352  3.667979     0.000040   -0.000017    0.000016  
      3.222907  2.011347  3.615035     0.000792   -0.029651    0.008660  
      2.335202  0.459424  1.196858    -0.000056   -0.000013    0.000077  
      4.904063  1.858996  1.143914    -0.025784    0.014750   -0.008690  
 
  31 f  =    5.370044 THz    33.740984 2PiTHz  179.125399 cm-1    22.208709 meV
             X         Y         Z           dx          dy          dz
      3.905845  3.521830  2.428063    -0.064255   -0.038425   -0.000008  
      1.460912  2.061451  2.427956    -0.046370   -0.027666   -0.000050  
      2.232266  3.678707  4.899183     0.064282    0.038401    0.000013  
      4.677388  5.138767  4.899076     0.046352    0.027701   -0.000068  
      6.470175  5.053106  2.427944    -0.042415   -0.025326   -0.000003  
     -0.331894  2.147145  4.899065     0.042415    0.025324    0.000003  
      2.915417  5.188929  3.711964    -0.001611    0.007426   -0.009352  
      2.252268  3.636511  1.240844    -0.005771    0.004939   -0.009357  
      5.673260  3.609352  3.667979    -0.000031   -0.000002   -0.000023  
      3.222907  2.011347  3.615035     0.001576   -0.007468    0.009398  
      2.335202  0.459424  1.196858     0.000020    0.000024   -0.000025  
      4.904063  1.858996  1.143914     0.005830   -0.004925    0.009404  
 
  32 f  =    3.650569 THz    22.937199 2PiTHz  121.769863 cm-1    15.097532 meV
             X         Y         Z           dx          dy          dz
      3.905845  3.521830  2.428063     0.087303   -0.146263   -0.184512  
      1.460912  2.061451  2.427956    -0.000629    0.000990   -0.026462  
      2.232266  3.678707  4.899183     0.087338   -0.146246   -0.184502  
      4.677388  5.138767  4.899076    -0.000608    0.001023   -0.026459  
      6.470175  5.053106  2.427944    -0.001256    0.002110    0.010461  
     -0.331894  2.147145  4.899065    -0.001272    0.002120    0.010458  
      2.915417  5.188929  3.711964    -0.013323    0.025598   -0.004922  
      2.252268  3.636511  1.240844    -0.016212    0.023872   -0.004926  
      5.673260  3.609352  3.667979     0.007696   -0.007711   -0.013955  
      3.222907  2.011347  3.615035    -0.013345    0.025583   -0.004897  
      2.335202  0.459424  1.196858     0.003160   -0.010422   -0.013972  
      4.904063  1.858996  1.143914    -0.016195    0.023880   -0.004895  
 
  33 f  =    2.907783 THz    18.270140 2PiTHz   96.993204 cm-1    12.025619 meV
             X         Y         Z           dx          dy          dz
      3.905845  3.521830  2.428063     0.046418   -0.077764   -0.084225  
      1.460912  2.061451  2.427956     0.028052   -0.047023    0.028705  
      2.232266  3.678707  4.899183    -0.046468    0.077794    0.084277  
      4.677388  5.138767  4.899076    -0.028090    0.046996   -0.028696  
      6.470175  5.053106  2.427944     0.022278   -0.037322    0.008378  
     -0.331894  2.147145  4.899065    -0.022292    0.037313   -0.008381  
      2.915417  5.188929  3.711964    -0.003580    0.016711    0.014608  
      2.252268  3.636511  1.240844     0.013019   -0.011078   -0.014608  
      5.673260  3.609352  3.667979    -0.000012    0.000007    0.000009  
      3.222907  2.011347  3.615035     0.003586   -0.016713   -0.014619  
      2.335202  0.459424  1.196858    -0.000003   -0.000011   -0.000003  
      4.904063  1.858996  1.143914    -0.013019    0.011070    0.014614  
 
  34 fi =    0.001555 THz     0.009768 2PiTHz    0.051855 cm-1     0.006429 meV
             X         Y         Z           dx          dy          dz
      3.905845  3.521830  2.428063     0.041248    0.018734    0.005249  
      1.460912  2.061451  2.427956     0.041237    0.018741    0.005267  
      2.232266  3.678707  4.899183     0.041229    0.018765    0.005283  
      4.677388  5.138767  4.899076     0.041227    0.018755    0.005262  
      6.470175  5.053106  2.427944     0.041233    0.018741    0.005268  
     -0.331894  2.147145  4.899065     0.041225    0.018752    0.005264  
      2.915417  5.188929  3.711964     0.041227    0.018744    0.005280  
      2.252268  3.636511  1.240844     0.041229    0.018746    0.005254  
      5.673260  3.609352  3.667979     0.041209    0.018747    0.005261  
      3.222907  2.011347  3.615035     0.041227    0.018746    0.005253  
      2.335202  0.459424  1.196858     0.041222    0.018736    0.005265  
      4.904063  1.858996  1.143914     0.041232    0.018748    0.005280  
 
  35 fi =    0.002072 THz     0.013018 2PiTHz    0.069109 cm-1     0.008568 meV
             X         Y         Z           dx          dy          dz
      3.905845  3.521830  2.428063     0.010773   -0.032238    0.030421  
      1.460912  2.061451  2.427956     0.010773   -0.032236    0.030405  
      2.232266  3.678707  4.899183     0.010775   -0.032242    0.030417  
      4.677388  5.138767  4.899076     0.010776   -0.032238    0.030405  
      6.470175  5.053106  2.427944     0.010770   -0.032226    0.030405  
     -0.331894  2.147145  4.899065     0.010770   -0.032228    0.030405  
      2.915417  5.188929  3.711964     0.010767   -0.032230    0.030407  
      2.252268  3.636511  1.240844     0.010773   -0.032227    0.030410  
      5.673260  3.609352  3.667979     0.010736   -0.032216    0.030380  
      3.222907  2.011347  3.615035     0.010757   -0.032233    0.030412  
      2.335202  0.459424  1.196858     0.010782   -0.032187    0.030378  
      4.904063  1.858996  1.143914     0.010781   -0.032220    0.030408  
 
  36 fi =    0.004796 THz     0.030134 2PiTHz    0.159975 cm-1     0.019834 meV
             X         Y         Z           dx          dy          dz
      3.905845  3.521830  2.428063     0.016308   -0.026393   -0.033743  
      1.460912  2.061451  2.427956     0.016249   -0.026286   -0.033632  
      2.232266  3.678707  4.899183     0.016306   -0.026393   -0.033742  
      4.677388  5.138767  4.899076     0.016241   -0.026290   -0.033633  
      6.470175  5.053106  2.427944     0.016223   -0.026249   -0.033563  
     -0.331894  2.147145  4.899065     0.016223   -0.026249   -0.033563  
      2.915417  5.188929  3.711964     0.016205   -0.026222   -0.033553  
      2.252268  3.636511  1.240844     0.016206   -0.026222   -0.033554  
      5.673260  3.609352  3.667979     0.016210   -0.026210   -0.033530  
      3.222907  2.011347  3.615035     0.016215   -0.026212   -0.033562  
      2.335202  0.459424  1.196858     0.016197   -0.026220   -0.033531  
      4.904063  1.858996  1.143914     0.016193   -0.026226   -0.033561  
 
