 Eigenvectors and eigenvalues of the dynamical matrix
 ----------------------------------------------------
 
 
   1 f  =   19.989556 THz   125.598084 2PiTHz  666.779813 cm-1    82.670123 meV
             X         Y         Z           dx          dy          dz
     -1.422906  3.919473  0.002999     0.007716   -0.004465   -0.000002  
      4.108040  0.714799  0.002999     0.007724   -0.004473    0.000000  
      1.342567  2.317136  0.002999    -0.025289    0.014643   -0.000001  
      0.453941  0.783457  2.430161    -0.003959    0.002301   -0.000001  
      3.135205  2.324942  2.433160     0.001168   -0.000677    0.000000  
      0.457812  3.876245  2.433160     0.001170   -0.000677   -0.000000  
      2.312860  0.790186  1.291271    -0.004638    0.102008   -0.014109  
      1.280157  5.411000  3.575049    -0.004642    0.102011   -0.014112  
     -0.464711  2.399533  1.291271    -0.090811   -0.046704    0.014115  
      1.401574  2.418976  3.608180     0.085437   -0.049500   -0.000005  
      4.057728  3.801653  3.575049    -0.090806   -0.046707    0.014107  
      2.191443  3.782211  1.258140     0.085436   -0.049504    0.000004  
 
   2 f  =   18.890659 THz   118.693508 2PiTHz  630.124543 cm-1    78.125451 meV
             X         Y         Z           dx          dy          dz
     -1.422906  3.919473  0.002999    -0.006154    0.003565   -0.000001  
      4.108040  0.714799  0.002999     0.006155   -0.003564   -0.000001  
      1.342567  2.317136  0.002999     0.000000   -0.000001   -0.000001  
      0.453941  0.783457  2.430161     0.000000    0.000000    0.000001  
      3.135205  2.324942  2.433160     0.000233   -0.000135    0.000000  
      0.457812  3.876245  2.433160    -0.000234    0.000135    0.000000  
      2.312860  0.790186  1.291271     0.048794   -0.005749    0.089932  
      1.280157  5.411000  3.575049    -0.048793    0.005741   -0.089930  
     -0.464711  2.399533  1.291271    -0.029247    0.039475    0.089929  
      1.401574  2.418976  3.608180     0.021858    0.037733   -0.091230  
      4.057728  3.801653  3.575049     0.029253   -0.039473   -0.089933  
      2.191443  3.782211  1.258140    -0.021864   -0.037728    0.091229  
 
   3 f  =   16.157286 THz   101.519222 2PiTHz  538.949050 cm-1    66.821136 meV
             X         Y         Z           dx          dy          dz
     -1.422906  3.919473  0.002999    -0.004115   -0.007093   -0.108569  
      4.108040  0.714799  0.002999    -0.004017   -0.006941   -0.108569  
      1.342567  2.317136  0.002999     0.000909    0.001567   -0.151104  
      0.453941  0.783457  2.430161    -0.012142   -0.020964    0.111190  
      3.135205  2.324942  2.433160     0.000522    0.000902    0.017427  
      0.457812  3.876245  2.433160     0.000509    0.000877    0.017427  
      2.312860  0.790186  1.291271    -0.051756    0.023472   -0.064226  
      1.280157  5.411000  3.575049    -0.051570    0.023489   -0.063918  
     -0.464711  2.399533  1.291271     0.046035   -0.033064   -0.063929  
      1.401574  2.418976  3.608180     0.004190    0.007015   -0.009991  
      4.057728  3.801653  3.575049     0.046091   -0.033234   -0.064215  
      2.191443  3.782211  1.258140     0.003990    0.007112   -0.009975  
 
   4 f  =   16.079269 THz   101.029028 2PiTHz  536.346689 cm-1    66.498484 meV
             X         Y         Z           dx          dy          dz
     -1.422906  3.919473  0.002999    -0.028167   -0.048616   -0.010951  
      4.108040  0.714799  0.002999     0.028185    0.048644    0.011271  
      1.342567  2.317136  0.002999    -0.000011   -0.000007    0.000242  
      0.453941  0.783457  2.430161     0.000022    0.000052   -0.000166  
      3.135205  2.324942  2.433160     0.004274    0.007375    0.000075  
      0.457812  3.876245  2.433160    -0.004275   -0.007380   -0.000127  
      2.312860  0.790186  1.291271    -0.062777   -0.023857   -0.094446  
      1.280157  5.411000  3.575049     0.062939    0.023758    0.094630  
     -0.464711  2.399533  1.291271    -0.010690    0.066426    0.094644  
      1.401574  2.418976  3.608180     0.039555   -0.022913    0.000008  
      4.057728  3.801653  3.575049     0.010524   -0.066322   -0.094434  
      2.191443  3.782211  1.258140    -0.039552    0.022924    0.000005  
 
   5 f  =   15.791698 THz    99.222163 2PiTHz  526.754333 cm-1    65.309184 meV
             X         Y         Z           dx          dy          dz
     -1.422906  3.919473  0.002999    -0.045277    0.026226    0.000022  
      4.108040  0.714799  0.002999     0.045259   -0.026229    0.000023  
      1.342567  2.317136  0.002999     0.000015    0.000004    0.000017  
      0.453941  0.783457  2.430161    -0.000001   -0.000011   -0.000014  
      3.135205  2.324942  2.433160    -0.007674    0.004447   -0.000003  
      0.457812  3.876245  2.433160     0.007672   -0.004445   -0.000003  
      2.312860  0.790186  1.291271    -0.027288    0.042773   -0.055435  
      1.280157  5.411000  3.575049     0.027299   -0.042764    0.055468  
     -0.464711  2.399533  1.291271     0.050687   -0.002409   -0.055458  
      1.401574  2.418976  3.608180     0.044498    0.076796   -0.099970  
      4.057728  3.801653  3.575049    -0.050672    0.002405    0.055441  
      2.191443  3.782211  1.258140    -0.044504   -0.076816    0.099993  
 
   6 f  =   15.378156 THz    96.623802 2PiTHz  512.960060 cm-1    63.598913 meV
             X         Y         Z           dx          dy          dz
     -1.422906  3.919473  0.002999     0.020583    0.035563   -0.099206  
      4.108040  0.714799  0.002999     0.020607    0.035507   -0.099256  
      1.342567  2.317136  0.002999    -0.029722   -0.051244   -0.001400  
      0.453941  0.783457  2.430161     0.042546    0.073575    0.035629  
      3.135205  2.324942  2.433160    -0.001126   -0.001943    0.007946  
      0.457812  3.876245  2.433160    -0.001121   -0.001941    0.007948  
      2.312860  0.790186  1.291271     0.035235   -0.066131    0.008883  
      1.280157  5.411000  3.575049     0.035223   -0.066113    0.008913  
     -0.464711  2.399533  1.291271    -0.074971   -0.002280    0.008916  
      1.401574  2.418976  3.608180     0.040390    0.069498   -0.070500  
      4.057728  3.801653  3.575049    -0.074779   -0.002116    0.008987  
      2.191443  3.782211  1.258140     0.040277    0.069516   -0.070424  
 
   7 f  =   15.335749 THz    96.357356 2PiTHz  511.545539 cm-1    63.423535 meV
             X         Y         Z           dx          dy          dz
     -1.422906  3.919473  0.002999     0.023706   -0.013706   -0.000062  
      4.108040  0.714799  0.002999    -0.023679    0.013749   -0.000063  
      1.342567  2.317136  0.002999    -0.000005   -0.000038    0.000001  
      0.453941  0.783457  2.430161     0.000058    0.000030    0.000021  
      3.135205  2.324942  2.433160     0.001018   -0.000591    0.000005  
      0.457812  3.876245  2.433160    -0.001020    0.000589    0.000005  
      2.312860  0.790186  1.291271     0.007858    0.116515    0.028676  
      1.280157  5.411000  3.575049    -0.007749   -0.116550   -0.028636  
     -0.464711  2.399533  1.291271     0.097167    0.064682    0.028646  
      1.401574  2.418976  3.608180    -0.008499   -0.014595    0.041133  
      4.057728  3.801653  3.575049    -0.097272   -0.064766   -0.028665  
      2.191443  3.782211  1.258140     0.008484    0.014718   -0.041214  
 
   8 f  =   15.249632 THz    95.816264 2PiTHz  508.672969 cm-1    63.067382 meV
             X         Y         Z           dx          dy          dz
     -1.422906  3.919473  0.002999    -0.007565    0.004413   -0.000075  
      4.108040  0.714799  0.002999    -0.007552    0.004416   -0.000048  
      1.342567  2.317136  0.002999     0.042856   -0.024882   -0.000002  
      0.453941  0.783457  2.430161     0.077500   -0.044863    0.000019  
      3.135205  2.324942  2.433160    -0.002409    0.001394    0.000005  
      0.457812  3.876245  2.433160    -0.002410    0.001394    0.000004  
      2.312860  0.790186  1.291271     0.077883    0.051074    0.051157  
      1.280157  5.411000  3.575049     0.077895    0.051240    0.051177  
     -0.464711  2.399533  1.291271    -0.005758   -0.093021   -0.051152  
      1.401574  2.418976  3.608180    -0.068308    0.039638   -0.000062  
      4.057728  3.801653  3.575049    -0.005722   -0.093006   -0.051138  
      2.191443  3.782211  1.258140    -0.068267    0.039610   -0.000045  
 
   9 f  =   15.017679 THz    94.358858 2PiTHz  500.935839 cm-1    62.108100 meV
             X         Y         Z           dx          dy          dz
     -1.422906  3.919473  0.002999    -0.000308   -0.000527   -0.055186  
      4.108040  0.714799  0.002999     0.000315    0.000549    0.055001  
      1.342567  2.317136  0.002999    -0.000008   -0.000011   -0.000031  
      0.453941  0.783457  2.430161     0.000005    0.000044    0.000060  
      3.135205  2.324942  2.433160     0.000414    0.000715    0.000816  
      0.457812  3.876245  2.433160    -0.000414   -0.000714   -0.000798  
      2.312860  0.790186  1.291271    -0.013234   -0.076185   -0.002542  
      1.280157  5.411000  3.575049     0.013191    0.076074    0.002492  
     -0.464711  2.399533  1.291271     0.059445    0.049335    0.002504  
      1.401574  2.418976  3.608180    -0.115880    0.067199   -0.000023  
      4.057728  3.801653  3.575049    -0.059506   -0.049314   -0.002532  
      2.191443  3.782211  1.258140     0.115982   -0.067142   -0.000025  
 
  10 f  =   14.231512 THz    89.419225 2PiTHz  474.712133 cm-1    58.856777 meV
             X         Y         Z           dx          dy          dz
     -1.422906  3.919473  0.002999    -0.021005   -0.036255    0.031194  
      4.108040  0.714799  0.002999     0.020973    0.036199   -0.031235  
      1.342567  2.317136  0.002999     0.000043    0.000082    0.000094  
      0.453941  0.783457  2.430161     0.000003    0.000023    0.000025  
      3.135205  2.324942  2.433160    -0.000381   -0.000657    0.004970  
      0.457812  3.876245  2.433160     0.000385    0.000666   -0.004971  
      2.312860  0.790186  1.291271     0.032175   -0.093206    0.028843  
      1.280157  5.411000  3.575049    -0.032205    0.093095   -0.028903  
     -0.464711  2.399533  1.291271     0.096785    0.018376   -0.028897  
      1.401574  2.418976  3.608180     0.080635   -0.046687    0.000044  
      4.057728  3.801653  3.575049    -0.096860   -0.018419    0.028848  
      2.191443  3.782211  1.258140    -0.080585    0.046726    0.000045  
 
  11 f  =   13.933798 THz    87.548633 2PiTHz  464.781462 cm-1    57.625531 meV
             X         Y         Z           dx          dy          dz
     -1.422906  3.919473  0.002999     0.025628    0.044222    0.014930  
      4.108040  0.714799  0.002999     0.025652    0.044257    0.014928  
      1.342567  2.317136  0.002999    -0.072197   -0.124577   -0.152241  
      0.453941  0.783457  2.430161    -0.022190   -0.038363   -0.026699  
      3.135205  2.324942  2.433160    -0.003090   -0.005335    0.002779  
      0.457812  3.876245  2.433160    -0.003088   -0.005332    0.002771  
      2.312860  0.790186  1.291271     0.016992    0.056545    0.044430  
      1.280157  5.411000  3.575049     0.016958    0.056687    0.044403  
     -0.464711  2.399533  1.291271     0.040749    0.042916    0.044448  
      1.401574  2.418976  3.608180    -0.013722   -0.023754   -0.087191  
      4.057728  3.801653  3.575049     0.040598    0.042869    0.044478  
      2.191443  3.782211  1.258140    -0.013801   -0.023711   -0.087188  
 
  12 f  =   13.559700 THz    85.198107 2PiTHz  452.302904 cm-1    56.078388 meV
             X         Y         Z           dx          dy          dz
     -1.422906  3.919473  0.002999    -0.036504    0.021163    0.000011  
      4.108040  0.714799  0.002999    -0.036509    0.021164    0.000005  
      1.342567  2.317136  0.002999     0.058697   -0.034051   -0.000038  
      0.453941  0.783457  2.430161    -0.038399    0.022286   -0.000010  
      3.135205  2.324942  2.433160    -0.007469    0.004325    0.000000  
      0.457812  3.876245  2.433160    -0.007470    0.004326    0.000000  
      2.312860  0.790186  1.291271    -0.003277   -0.026364    0.097154  
      1.280157  5.411000  3.575049    -0.003286   -0.026388    0.097152  
     -0.464711  2.399533  1.291271     0.021272    0.015993   -0.097131  
      1.401574  2.418976  3.608180     0.076947   -0.044603    0.000011  
      4.057728  3.801653  3.575049     0.021289    0.015980   -0.097152  
      2.191443  3.782211  1.258140     0.076933   -0.044580   -0.000022  
 
  13 f  =   11.939346 THz    75.017120 2PiTHz  398.253698 cm-1    49.377143 meV
             X         Y         Z           dx          dy          dz
     -1.422906  3.919473  0.002999    -0.025197   -0.043465    0.066080  
      4.108040  0.714799  0.002999    -0.025196   -0.043462    0.066068  
      1.342567  2.317136  0.002999     0.068598    0.118381    0.138812  
      0.453941  0.783457  2.430161    -0.055739   -0.096293    0.041902  
      3.135205  2.324942  2.433160     0.000266    0.000464    0.003385  
      0.457812  3.876245  2.433160     0.000265    0.000463    0.003387  
      2.312860  0.790186  1.291271    -0.037227    0.007799    0.002994  
      1.280157  5.411000  3.575049    -0.037230    0.007793    0.002994  
     -0.464711  2.399533  1.291271     0.025290   -0.028417    0.002992  
      1.401574  2.418976  3.608180     0.017147    0.029572   -0.112258  
      4.057728  3.801653  3.575049     0.025288   -0.028412    0.002987  
      2.191443  3.782211  1.258140     0.017165    0.029565   -0.112259  
 
  14 f  =   11.635592 THz    73.108582 2PiTHz  388.121576 cm-1    48.120921 meV
             X         Y         Z           dx          dy          dz
     -1.422906  3.919473  0.002999    -0.053740   -0.092739    0.214064  
      4.108040  0.714799  0.002999     0.053740    0.092746   -0.214017  
      1.342567  2.317136  0.002999    -0.000015   -0.000034   -0.000015  
      0.453941  0.783457  2.430161     0.000018    0.000020   -0.000007  
      3.135205  2.324942  2.433160     0.006576    0.011350   -0.004853  
      0.457812  3.876245  2.433160    -0.006578   -0.011353    0.004852  
      2.312860  0.790186  1.291271     0.025034    0.004696   -0.014290  
      1.280157  5.411000  3.575049    -0.025031   -0.004685    0.014288  
     -0.464711  2.399533  1.291271     0.008382   -0.024046    0.014286  
      1.401574  2.418976  3.608180    -0.041091    0.023821    0.000001  
      4.057728  3.801653  3.575049    -0.008376    0.024051   -0.014291  
      2.191443  3.782211  1.258140     0.041104   -0.023802   -0.000001  
 
  15 f  =   11.555106 THz    72.602871 2PiTHz  385.436842 cm-1    47.788056 meV
             X         Y         Z           dx          dy          dz
     -1.422906  3.919473  0.002999    -0.115886    0.067145   -0.000002  
      4.108040  0.714799  0.002999     0.115905   -0.067158    0.000003  
      1.342567  2.317136  0.002999    -0.000010    0.000007    0.000002  
      0.453941  0.783457  2.430161    -0.000035    0.000019    0.000001  
      3.135205  2.324942  2.433160    -0.004162    0.002411    0.000000  
      0.457812  3.876245  2.433160     0.004166   -0.002414   -0.000000  
      2.312860  0.790186  1.291271     0.091683    0.002007   -0.032729  
      1.280157  5.411000  3.575049    -0.091686   -0.002000    0.032730  
     -0.464711  2.399533  1.291271    -0.043862    0.080540   -0.032732  
      1.401574  2.418976  3.608180     0.017454    0.030147    0.054359  
      4.057728  3.801653  3.575049     0.043855   -0.080540    0.032731  
      2.191443  3.782211  1.258140    -0.017475   -0.030131   -0.054358  
 
  16 f  =   11.067080 THz    69.536517 2PiTHz  369.158066 cm-1    45.769746 meV
             X         Y         Z           dx          dy          dz
     -1.422906  3.919473  0.002999     0.042534   -0.025030    0.000802  
      4.108040  0.714799  0.002999     0.042497   -0.025010    0.000800  
      1.342567  2.317136  0.002999    -0.042442    0.024154   -0.000996  
      0.453941  0.783457  2.430161    -0.278800    0.161125   -0.000024  
      3.135205  2.324942  2.433160     0.011425   -0.006556   -0.000003  
      0.457812  3.876245  2.433160     0.011425   -0.006555   -0.000003  
      2.312860  0.790186  1.291271    -0.009373    0.021782    0.026935  
      1.280157  5.411000  3.575049    -0.009357    0.021790    0.026934  
     -0.464711  2.399533  1.291271    -0.023917   -0.003089   -0.027026  
      1.401574  2.418976  3.608180    -0.042390    0.024774   -0.000012  
      4.057728  3.801653  3.575049    -0.023936   -0.003063   -0.027033  
      2.191443  3.782211  1.258140    -0.042377    0.024778    0.000008  
 
  17 f  =   11.031096 THz    69.310422 2PiTHz  367.957765 cm-1    45.620928 meV
             X         Y         Z           dx          dy          dz
     -1.422906  3.919473  0.002999    -0.032382   -0.055374    0.152998  
      4.108040  0.714799  0.002999    -0.032392   -0.055389    0.153029  
      1.342567  2.317136  0.002999    -0.037483   -0.065206   -0.197730  
      0.453941  0.783457  2.430161    -0.030389   -0.055708   -0.005246  
      3.135205  2.324942  2.433160     0.005578    0.009763   -0.000681  
      0.457812  3.876245  2.433160     0.005578    0.009763   -0.000681  
      2.312860  0.790186  1.291271    -0.012701   -0.051754   -0.009393  
      1.280157  5.411000  3.575049    -0.012695   -0.051764   -0.009399  
     -0.464711  2.399533  1.291271    -0.038346   -0.036732   -0.009121  
      1.401574  2.418976  3.608180     0.017854    0.030305    0.003602  
      4.057728  3.801653  3.575049    -0.038335   -0.036733   -0.009116  
      2.191443  3.782211  1.258140     0.017852    0.030305    0.003601  
 
  18 f  =   10.575691 THz    66.449027 2PiTHz  352.767083 cm-1    43.737524 meV
             X         Y         Z           dx          dy          dz
     -1.422906  3.919473  0.002999    -0.010761   -0.018586    0.094249  
      4.108040  0.714799  0.002999    -0.010768   -0.018611    0.094318  
      1.342567  2.317136  0.002999    -0.034775   -0.060024    0.038954  
      0.453941  0.783457  2.430161     0.128737    0.222124   -0.025074  
      3.135205  2.324942  2.433160    -0.006736   -0.011628    0.001635  
      0.457812  3.876245  2.433160    -0.006735   -0.011627    0.001632  
      2.312860  0.790186  1.291271    -0.013663    0.040464   -0.028595  
      1.280157  5.411000  3.575049    -0.013669    0.040473   -0.028606  
     -0.464711  2.399533  1.291271     0.041900    0.008271   -0.028596  
      1.401574  2.418976  3.608180     0.031030    0.053573   -0.005384  
      4.057728  3.801653  3.575049     0.041886    0.008273   -0.028586  
      2.191443  3.782211  1.258140     0.031022    0.053584   -0.005380  
 
  19 f  =    9.524589 THz    59.844756 2PiTHz  317.706084 cm-1    39.390516 meV
             X         Y         Z           dx          dy          dz
     -1.422906  3.919473  0.002999     0.159044   -0.092148    0.000006  
      4.108040  0.714799  0.002999    -0.159045    0.092147   -0.000003  
      1.342567  2.317136  0.002999    -0.000007    0.000002    0.000002  
      0.453941  0.783457  2.430161     0.000001    0.000002   -0.000002  
      3.135205  2.324942  2.433160     0.014188   -0.008221    0.000000  
      0.457812  3.876245  2.433160    -0.014188    0.008220    0.000000  
      2.312860  0.790186  1.291271     0.027932   -0.005757   -0.020304  
      1.280157  5.411000  3.575049    -0.027930    0.005761    0.020298  
     -0.464711  2.399533  1.291271    -0.018886    0.021369   -0.020299  
      1.401574  2.418976  3.608180     0.049989    0.086271    0.032497  
      4.057728  3.801653  3.575049     0.018887   -0.021367    0.020302  
      2.191443  3.782211  1.258140    -0.049981   -0.086269   -0.032500  
 
  20 f  =    8.538879 THz    53.651360 2PiTHz  284.826352 cm-1    35.313951 meV
             X         Y         Z           dx          dy          dz
     -1.422906  3.919473  0.002999    -0.050573   -0.087300   -0.041233  
      4.108040  0.714799  0.002999    -0.050585   -0.087309   -0.041254  
      1.342567  2.317136  0.002999     0.051413    0.088754   -0.102275  
      0.453941  0.783457  2.430161     0.023749    0.040964    0.170636  
      3.135205  2.324942  2.433160    -0.003038   -0.005246   -0.013802  
      0.457812  3.876245  2.433160    -0.003036   -0.005242   -0.013802  
      2.312860  0.790186  1.291271    -0.002457    0.019231    0.063594  
      1.280157  5.411000  3.575049    -0.002457    0.019229    0.063599  
     -0.464711  2.399533  1.291271     0.017893    0.007439    0.063591  
      1.401574  2.418976  3.608180     0.024104    0.041607    0.029864  
      4.057728  3.801653  3.575049     0.017896    0.007437    0.063589  
      2.191443  3.782211  1.258140     0.024105    0.041613    0.029869  
 
  21 f  =    7.662268 THz    48.143447 2PiTHz  255.585735 cm-1    31.688578 meV
             X         Y         Z           dx          dy          dz
     -1.422906  3.919473  0.002999     0.003932   -0.002314    0.000029  
      4.108040  0.714799  0.002999     0.004065   -0.002425    0.000016  
      1.342567  2.317136  0.002999     0.054271   -0.031106   -0.000187  
      0.453941  0.783457  2.430161     0.116998   -0.067002    0.000026  
      3.135205  2.324942  2.433160     0.014674   -0.008460    0.000008  
      0.457812  3.876245  2.433160     0.014691   -0.008462    0.000006  
      2.312860  0.790186  1.291271    -0.088927    0.027947    0.039518  
      1.280157  5.411000  3.575049    -0.088816    0.027971    0.039433  
     -0.464711  2.399533  1.291271    -0.068536    0.062869   -0.039308  
      1.401574  2.418976  3.608180    -0.045474    0.026077   -0.000068  
      4.057728  3.801653  3.575049    -0.068586    0.063000   -0.039430  
      2.191443  3.782211  1.258140    -0.045592    0.025883   -0.000256  
 
  22 f  =    7.611866 THz    47.826761 2PiTHz  253.904503 cm-1    31.480132 meV
             X         Y         Z           dx          dy          dz
     -1.422906  3.919473  0.002999    -0.073718    0.042706   -0.000006  
      4.108040  0.714799  0.002999     0.073655   -0.042673    0.000001  
      1.342567  2.317136  0.002999    -0.000012   -0.000004    0.000005  
      0.453941  0.783457  2.430161    -0.000167    0.000064    0.000001  
      3.135205  2.324942  2.433160    -0.004556    0.002638   -0.000001  
      0.457812  3.876245  2.433160     0.004524   -0.002624   -0.000000  
      2.312860  0.790186  1.291271    -0.055708   -0.010512    0.046325  
      1.280157  5.411000  3.575049     0.055914    0.010465   -0.046431  
     -0.464711  2.399533  1.291271     0.018734   -0.053702    0.046429  
      1.401574  2.418976  3.608180     0.050237    0.086594    0.083643  
      4.057728  3.801653  3.575049    -0.018581    0.053573   -0.046328  
      2.191443  3.782211  1.258140    -0.050125   -0.086619   -0.083628  
 
  23 f  =    7.544118 THz    47.401089 2PiTHz  251.644675 cm-1    31.199949 meV
             X         Y         Z           dx          dy          dz
     -1.422906  3.919473  0.002999    -0.008067   -0.015101    0.006662  
      4.108040  0.714799  0.002999    -0.008058   -0.015130    0.006604  
      1.342567  2.317136  0.002999     0.043973    0.079117   -0.056347  
      0.453941  0.783457  2.430161     0.107728    0.185983    0.011286  
      3.135205  2.324942  2.433160     0.005531    0.009679    0.002116  
      0.457812  3.876245  2.433160     0.005536    0.009687    0.002114  
      2.312860  0.790186  1.291271    -0.024784   -0.031556    0.016212  
      1.280157  5.411000  3.575049    -0.024754   -0.031545    0.016202  
     -0.464711  2.399533  1.291271    -0.014520   -0.037555    0.016169  
      1.401574  2.418976  3.608180    -0.052074   -0.090265   -0.049077  
      4.057728  3.801653  3.575049    -0.014523   -0.037559    0.016155  
      2.191443  3.782211  1.258140    -0.052087   -0.090295   -0.049102  
 
  24 f  =    7.491075 THz    47.067810 2PiTHz  249.875353 cm-1    30.980581 meV
             X         Y         Z           dx          dy          dz
     -1.422906  3.919473  0.002999    -0.111502    0.064504    0.000025  
      4.108040  0.714799  0.002999    -0.111533    0.064518    0.000027  
      1.342567  2.317136  0.002999     0.259130   -0.149652   -0.000257  
      0.453941  0.783457  2.430161    -0.080166    0.047624    0.000063  
      3.135205  2.324942  2.433160     0.002272   -0.001257    0.000010  
      0.457812  3.876245  2.433160     0.002268   -0.001254    0.000009  
      2.312860  0.790186  1.291271    -0.000519    0.009882   -0.032589  
      1.280157  5.411000  3.575049    -0.000551    0.009877   -0.032566  
     -0.464711  2.399533  1.291271    -0.008973   -0.004786    0.032726  
      1.401574  2.418976  3.608180    -0.006248    0.003029   -0.000249  
      4.057728  3.801653  3.575049    -0.008964   -0.004809    0.032745  
      2.191443  3.782211  1.258140    -0.006229    0.003065   -0.000215  
 
  25 f  =    7.068670 THz    44.413765 2PiTHz  235.785457 cm-1    29.233658 meV
             X         Y         Z           dx          dy          dz
     -1.422906  3.919473  0.002999     0.081077    0.139935    0.112672  
      4.108040  0.714799  0.002999    -0.081091   -0.139955   -0.112658  
      1.342567  2.317136  0.002999    -0.000013    0.000000    0.000011  
      0.453941  0.783457  2.430161    -0.000022   -0.000019   -0.000008  
      3.135205  2.324942  2.433160    -0.013609   -0.023479    0.013475  
      0.457812  3.876245  2.433160     0.013604    0.023479   -0.013472  
      2.312860  0.790186  1.291271     0.008979   -0.014628   -0.041079  
      1.280157  5.411000  3.575049    -0.008936    0.014627    0.041042  
     -0.464711  2.399533  1.291271     0.017152   -0.000492    0.041055  
      1.401574  2.418976  3.608180    -0.004479    0.002605    0.000006  
      4.057728  3.801653  3.575049    -0.017139    0.000503   -0.041071  
      2.191443  3.782211  1.258140     0.004497   -0.002597    0.000004  
 
  26 f  =    6.442037 THz    40.476510 2PiTHz  214.883211 cm-1    26.642111 meV
             X         Y         Z           dx          dy          dz
     -1.422906  3.919473  0.002999    -0.042365   -0.073105    0.036412  
      4.108040  0.714799  0.002999    -0.042222   -0.072809    0.036576  
      1.342567  2.317136  0.002999     0.044969    0.077635   -0.033192  
      0.453941  0.783457  2.430161    -0.002685   -0.004668    0.082201  
      3.135205  2.324942  2.433160    -0.002795   -0.004813    0.007691  
      0.457812  3.876245  2.433160    -0.002748   -0.004758    0.007726  
      2.312860  0.790186  1.291271     0.092323    0.012142   -0.045788  
      1.280157  5.411000  3.575049     0.092206    0.012124   -0.045711  
     -0.464711  2.399533  1.291271    -0.035349    0.086032   -0.045715  
      1.401574  2.418976  3.608180    -0.016693   -0.028785   -0.020983  
      4.057728  3.801653  3.575049    -0.035387    0.086138   -0.045792  
      2.191443  3.782211  1.258140    -0.016674   -0.028793   -0.020986  
 
  27 f  =    6.377288 THz    40.069682 2PiTHz  212.723427 cm-1    26.374332 meV
             X         Y         Z           dx          dy          dz
     -1.422906  3.919473  0.002999     0.063327    0.109094    0.058407  
      4.108040  0.714799  0.002999    -0.063418   -0.109254   -0.058328  
      1.342567  2.317136  0.002999     0.000058    0.000090   -0.000043  
      0.453941  0.783457  2.430161    -0.000002   -0.000004    0.000093  
      3.135205  2.324942  2.433160     0.017297    0.029959    0.014593  
      0.457812  3.876245  2.433160    -0.017302   -0.029972   -0.014574  
      2.312860  0.790186  1.291271    -0.047183   -0.006789    0.034680  
      1.280157  5.411000  3.575049     0.047386    0.006825   -0.034780  
     -0.464711  2.399533  1.291271    -0.017677    0.044525   -0.034776  
      1.401574  2.418976  3.608180     0.007195   -0.004206   -0.000009  
      4.057728  3.801653  3.575049     0.017590   -0.044318    0.034668  
      2.191443  3.782211  1.258140    -0.007236    0.004147   -0.000043  
 
  28 f  =    6.351655 THz    39.908626 2PiTHz  211.868411 cm-1    26.268323 meV
             X         Y         Z           dx          dy          dz
     -1.422906  3.919473  0.002999     0.081148   -0.047170   -0.000074  
      4.108040  0.714799  0.002999    -0.081135    0.047188    0.000065  
      1.342567  2.317136  0.002999    -0.000002   -0.000013    0.000005  
      0.453941  0.783457  2.430161    -0.000005    0.000005   -0.000009  
      3.135205  2.324942  2.433160    -0.042422    0.024538   -0.000018  
      0.457812  3.876245  2.433160     0.042421   -0.024536    0.000016  
      2.312860  0.790186  1.291271     0.011759   -0.005968    0.002638  
      1.280157  5.411000  3.575049    -0.011774    0.005960   -0.002632  
     -0.464711  2.399533  1.291271    -0.010977    0.007125    0.002721  
      1.401574  2.418976  3.608180     0.001496    0.002597    0.015162  
      4.057728  3.801653  3.575049     0.010994   -0.007155   -0.002702  
      2.191443  3.782211  1.258140    -0.001490   -0.002592   -0.015157  
 
  29 f  =    6.118130 THz    38.441342 2PiTHz  204.078837 cm-1    25.302540 meV
             X         Y         Z           dx          dy          dz
     -1.422906  3.919473  0.002999    -0.030676   -0.052961    0.068845  
      4.108040  0.714799  0.002999     0.030672    0.052932   -0.068859  
      1.342567  2.317136  0.002999     0.000010   -0.000002   -0.000004  
      0.453941  0.783457  2.430161    -0.000010   -0.000010   -0.000032  
      3.135205  2.324942  2.433160    -0.012350   -0.021313   -0.004611  
      0.457812  3.876245  2.433160     0.012349    0.021309    0.004615  
      2.312860  0.790186  1.291271    -0.086660   -0.001552    0.052417  
      1.280157  5.411000  3.575049     0.086660    0.001568   -0.052428  
     -0.464711  2.399533  1.291271    -0.041746    0.075968   -0.052430  
      1.401574  2.418976  3.608180     0.002265   -0.001293    0.000000  
      4.057728  3.801653  3.575049     0.041744   -0.075947    0.052413  
      2.191443  3.782211  1.258140    -0.002254    0.001324   -0.000001  
 
  30 f  =    5.637245 THz    35.419853 2PiTHz  188.038241 cm-1    23.313760 meV
             X         Y         Z           dx          dy          dz
     -1.422906  3.919473  0.002999    -0.190078    0.110133   -0.000004  
      4.108040  0.714799  0.002999    -0.190079    0.110138   -0.000006  
      1.342567  2.317136  0.002999    -0.166017    0.096192   -0.000005  
      0.453941  0.783457  2.430161    -0.000468    0.000285   -0.000028  
      3.135205  2.324942  2.433160     0.011314   -0.006557   -0.000000  
      0.457812  3.876245  2.433160     0.011316   -0.006557    0.000000  
      2.312860  0.790186  1.291271     0.001797    0.002092    0.004773  
      1.280157  5.411000  3.575049     0.001798    0.002093    0.004769  
     -0.464711  2.399533  1.291271    -0.000916   -0.002611   -0.004767  
      1.401574  2.418976  3.608180    -0.007388    0.004281    0.000001  
      4.057728  3.801653  3.575049    -0.000914   -0.002618   -0.004762  
      2.191443  3.782211  1.258140    -0.007384    0.004285    0.000001  
 
  31 f  =    4.746391 THz    29.822454 2PiTHz  158.322562 cm-1    19.629487 meV
             X         Y         Z           dx          dy          dz
     -1.422906  3.919473  0.002999    -0.037881   -0.065407   -0.057027  
      4.108040  0.714799  0.002999    -0.037886   -0.065412   -0.057013  
      1.342567  2.317136  0.002999     0.068118    0.117532   -0.094502  
      0.453941  0.783457  2.430161     0.001501    0.002589   -0.295551  
      3.135205  2.324942  2.433160    -0.001936   -0.003339    0.008812  
      0.457812  3.876245  2.433160    -0.001939   -0.003346    0.008816  
      2.312860  0.790186  1.291271     0.002908    0.007277    0.007268  
      1.280157  5.411000  3.575049     0.002886    0.007277    0.007282  
     -0.464711  2.399533  1.291271     0.004875    0.006123    0.007283  
      1.401574  2.418976  3.608180     0.015188    0.026212   -0.002566  
      4.057728  3.801653  3.575049     0.004865    0.006141    0.007270  
      2.191443  3.782211  1.258140     0.015191    0.026214   -0.002564  
 
  32 f  =    4.149332 THz    26.071021 2PiTHz  138.406815 cm-1    17.160250 meV
             X         Y         Z           dx          dy          dz
     -1.422906  3.919473  0.002999    -0.093104   -0.160695   -0.066308  
      4.108040  0.714799  0.002999    -0.093101   -0.160691   -0.066304  
      1.342567  2.317136  0.002999    -0.102676   -0.177188    0.104939  
      0.453941  0.783457  2.430161    -0.001601   -0.002766   -0.021722  
      3.135205  2.324942  2.433160     0.006420    0.011080    0.001114  
      0.457812  3.876245  2.433160     0.006418    0.011076    0.001112  
      2.312860  0.790186  1.291271    -0.003050    0.004641    0.004487  
      1.280157  5.411000  3.575049    -0.003050    0.004640    0.004486  
     -0.464711  2.399533  1.291271     0.005543   -0.000338    0.004483  
      1.401574  2.418976  3.608180    -0.010661   -0.018401   -0.010533  
      4.057728  3.801653  3.575049     0.005544   -0.000337    0.004485  
      2.191443  3.782211  1.258140    -0.010662   -0.018400   -0.010533  
 
  33 f  =    2.024749 THz    12.721871 2PiTHz   67.538344 cm-1     8.373684 meV
             X         Y         Z           dx          dy          dz
     -1.422906  3.919473  0.002999    -0.047788   -0.082481   -0.023222  
      4.108040  0.714799  0.002999     0.047788    0.082481    0.023219  
      1.342567  2.317136  0.002999     0.000003    0.000009   -0.000006  
      0.453941  0.783457  2.430161    -0.000001   -0.000002   -0.000010  
      3.135205  2.324942  2.433160    -0.001936   -0.003341    0.048341  
      0.457812  3.876245  2.433160     0.001936    0.003341   -0.048341  
      2.312860  0.790186  1.291271     0.003056    0.017348    0.001810  
      1.280157  5.411000  3.575049    -0.003057   -0.017350   -0.001805  
     -0.464711  2.399533  1.291271    -0.013531   -0.011282   -0.001806  
      1.401574  2.418976  3.608180    -0.011272    0.006532    0.000000  
      4.057728  3.801653  3.575049     0.013532    0.011277    0.001809  
      2.191443  3.782211  1.258140     0.011271   -0.006529    0.000000  
 
  34 fi =    0.002367 THz     0.014875 2PiTHz    0.078971 cm-1     0.009791 meV
             X         Y         Z           dx          dy          dz
     -1.422906  3.919473  0.002999     0.038967   -0.023464    0.002834  
      4.108040  0.714799  0.002999     0.038966   -0.023464    0.002834  
      1.342567  2.317136  0.002999     0.038995   -0.023479    0.002831  
      0.453941  0.783457  2.430161     0.038971   -0.023469    0.002830  
      3.135205  2.324942  2.433160     0.038982   -0.023476    0.002834  
      0.457812  3.876245  2.433160     0.038982   -0.023476    0.002834  
      2.312860  0.790186  1.291271     0.038992   -0.023482    0.002810  
      1.280157  5.411000  3.575049     0.038992   -0.023482    0.002810  
     -0.464711  2.399533  1.291271     0.038993   -0.023483    0.002859  
      1.401574  2.418976  3.608180     0.038988   -0.023480    0.002836  
      4.057728  3.801653  3.575049     0.038993   -0.023484    0.002859  
      2.191443  3.782211  1.258140     0.038989   -0.023479    0.002837  
 
  35 fi =    0.003005 THz     0.018878 2PiTHz    0.100221 cm-1     0.012426 meV
             X         Y         Z           dx          dy          dz
     -1.422906  3.919473  0.002999     0.011840    0.024106    0.036772  
      4.108040  0.714799  0.002999     0.011841    0.024106    0.036772  
      1.342567  2.317136  0.002999     0.011834    0.024095    0.036836  
      0.453941  0.783457  2.430161     0.011868    0.024153    0.036752  
      3.135205  2.324942  2.433160     0.011866    0.024148    0.036812  
      0.457812  3.876245  2.433160     0.011866    0.024148    0.036812  
      2.312860  0.790186  1.291271     0.011828    0.024155    0.036835  
      1.280157  5.411000  3.575049     0.011828    0.024155    0.036835  
     -0.464711  2.399533  1.291271     0.011891    0.024117    0.036834  
      1.401574  2.418976  3.608180     0.011867    0.024150    0.036813  
      4.057728  3.801653  3.575049     0.011891    0.024118    0.036834  
      2.191443  3.782211  1.258140     0.011867    0.024150    0.036813  
 
  36 fi =    0.003660 THz     0.022997 2PiTHz    0.122087 cm-1     0.015137 meV
             X         Y         Z           dx          dy          dz
     -1.422906  3.919473  0.002999    -0.020400   -0.030648    0.026757  
      4.108040  0.714799  0.002999    -0.020400   -0.030648    0.026757  
      1.342567  2.317136  0.002999    -0.020399   -0.030639    0.026689  
      0.453941  0.783457  2.430161    -0.020431   -0.030699    0.026716  
      3.135205  2.324942  2.433160    -0.020458   -0.030741    0.026752  
      0.457812  3.876245  2.433160    -0.020458   -0.030741    0.026752  
      2.312860  0.790186  1.291271    -0.020470   -0.030742    0.026756  
      1.280157  5.411000  3.575049    -0.020470   -0.030742    0.026756  
     -0.464711  2.399533  1.291271    -0.020455   -0.030749    0.026751  
      1.401574  2.418976  3.608180    -0.020468   -0.030758    0.026771  
      4.057728  3.801653  3.575049    -0.020455   -0.030748    0.026751  
      2.191443  3.782211  1.258140    -0.020468   -0.030758    0.026771  
 
