 Eigenvectors and eigenvalues of the dynamical matrix
 ----------------------------------------------------
 
 
   1 f  =   21.265793 THz   133.616917 2PiTHz  709.350493 cm-1    87.948213 meV
             X         Y         Z           dx          dy          dz
      7.773928  2.080707  0.779252    -0.100216    0.000006    0.004639  
      6.053726  0.000000  1.306615    -0.100227   -0.000006    0.004669  
      3.062890  0.000000  1.131751     0.100216   -0.000006   -0.004639  
      1.342687  2.080707  1.659113     0.100226    0.000006   -0.004636  
      0.000000  0.000000  0.000000     0.000003   -0.000000    0.000000  
      4.711038  2.080707 -0.352498    -0.000003    0.000000   -0.000000  
      5.918929  2.080707  1.358752     0.105788   -0.000003   -0.005307  
      0.000000  2.080707  0.000000    -0.000010   -0.000010    0.000001  
      7.908724  0.000000  0.727114     0.105747    0.000003   -0.005304  
      1.207891  0.000000  1.711251    -0.105790    0.000003    0.005303  
      4.711038  0.000000 -0.352498     0.000010    0.000010   -0.000000  
      3.197686  2.080707  1.079613    -0.105745   -0.000003    0.005304  
 
   2 f  =   19.252617 THz   120.967760 2PiTHz  642.198178 cm-1    79.622390 meV
             X         Y         Z           dx          dy          dz
      7.773928  2.080707  0.779252    -0.000711   -0.000002   -0.009730  
      6.053726  0.000000  1.306615     0.000714   -0.000002    0.009734  
      3.062890  0.000000  1.131751    -0.000713   -0.000002   -0.009730  
      1.342687  2.080707  1.659113     0.000711   -0.000002    0.009726  
      0.000000  0.000000  0.000000     0.000000   -0.000000   -0.000000  
      4.711038  2.080707 -0.352498     0.000000   -0.000000   -0.000000  
      5.918929  2.080707  1.358752    -0.124351    0.000001    0.010995  
      0.000000  2.080707  0.000000     0.000000   -0.000002   -0.000001  
      7.908724  0.000000  0.727114     0.124347    0.000002   -0.010997  
      1.207891  0.000000  1.711251    -0.124346    0.000001    0.010995  
      4.711038  0.000000 -0.352498    -0.000001   -0.000000   -0.000001  
      3.197686  2.080707  1.079613     0.124347    0.000001   -0.010997  
 
   3 f  =   18.411098 THz   115.680339 2PiTHz  614.128116 cm-1    76.142148 meV
             X         Y         Z           dx          dy          dz
      7.773928  2.080707  0.779252    -0.039565   -0.000000   -0.011347  
      6.053726  0.000000  1.306615     0.039534    0.000002    0.011345  
      3.062890  0.000000  1.131751     0.039565   -0.000000    0.011347  
      1.342687  2.080707  1.659113    -0.039534   -0.000002   -0.011352  
      0.000000  0.000000  0.000000    -0.017417   -0.000000   -0.000973  
      4.711038  2.080707 -0.352498     0.017417    0.000000    0.000973  
      5.918929  2.080707  1.358752    -0.110228   -0.000005    0.001731  
      0.000000  2.080707  0.000000     0.044574    0.000004    0.008297  
      7.908724  0.000000  0.727114     0.110270   -0.000009   -0.001739  
      1.207891  0.000000  1.711251     0.110230    0.000006   -0.001731  
      4.711038  0.000000 -0.352498    -0.044574   -0.000004   -0.008296  
      3.197686  2.080707  1.079613    -0.110273    0.000009    0.001740  
 
   4 f  =   17.208210 THz   108.122372 2PiTHz  574.004098 cm-1    71.167406 meV
             X         Y         Z           dx          dy          dz
      7.773928  2.080707  0.779252    -0.000004    0.052032   -0.000001  
      6.053726  0.000000  1.306615    -0.000003   -0.052033   -0.000001  
      3.062890  0.000000  1.131751     0.000004   -0.052032    0.000001  
      1.342687  2.080707  1.659113     0.000003    0.052033    0.000000  
      0.000000  0.000000  0.000000    -0.000001    0.003534   -0.000000  
      4.711038  2.080707 -0.352498     0.000000   -0.003534    0.000000  
      5.918929  2.080707  1.358752    -0.000013   -0.049558   -0.000004  
      0.000000  2.080707  0.000000     0.000001   -0.154357    0.000000  
      7.908724  0.000000  0.727114    -0.000009    0.049561   -0.000004  
      1.207891  0.000000  1.711251     0.000015    0.049558    0.000003  
      4.711038  0.000000 -0.352498    -0.000001    0.154357   -0.000000  
      3.197686  2.080707  1.079613     0.000008   -0.049561    0.000004  
 
   5 f  =   16.869942 THz   105.996974 2PiTHz  562.720708 cm-1    69.768444 meV
             X         Y         Z           dx          dy          dz
      7.773928  2.080707  0.779252    -0.000004   -0.034423   -0.000000  
      6.053726  0.000000  1.306615     0.000003   -0.034423    0.000000  
      3.062890  0.000000  1.131751    -0.000004   -0.034423   -0.000000  
      1.342687  2.080707  1.659113     0.000003   -0.034423    0.000000  
      0.000000  0.000000  0.000000    -0.000000   -0.004506    0.000000  
      4.711038  2.080707 -0.352498    -0.000000   -0.004506    0.000000  
      5.918929  2.080707  1.358752    -0.000000   -0.041322   -0.000001  
      0.000000  2.080707  0.000000    -0.000000    0.163004    0.000000  
      7.908724  0.000000  0.727114     0.000002   -0.041321    0.000001  
      1.207891  0.000000  1.711251    -0.000000   -0.041322   -0.000001  
      4.711038  0.000000 -0.352498    -0.000000    0.163004    0.000000  
      3.197686  2.080707  1.079613     0.000002   -0.041321    0.000001  
 
   6 f  =   14.697813 THz    92.349080 2PiTHz  490.266256 cm-1    60.785241 meV
             X         Y         Z           dx          dy          dz
      7.773928  2.080707  0.779252    -0.098735    0.000002   -0.015794  
      6.053726  0.000000  1.306615     0.098756    0.000002    0.015797  
      3.062890  0.000000  1.131751    -0.098740    0.000002   -0.015796  
      1.342687  2.080707  1.659113     0.098751    0.000002    0.015792  
      0.000000  0.000000  0.000000     0.000000   -0.000000   -0.000000  
      4.711038  2.080707 -0.352498     0.000000   -0.000000   -0.000000  
      5.918929  2.080707  1.358752    -0.008563    0.000001   -0.105695  
      0.000000  2.080707  0.000000     0.000003   -0.000002    0.000001  
      7.908724  0.000000  0.727114     0.008550    0.000002    0.105686  
      1.207891  0.000000  1.711251    -0.008562    0.000001   -0.105686  
      4.711038  0.000000 -0.352498     0.000003   -0.000002    0.000001  
      3.197686  2.080707  1.079613     0.008552    0.000002    0.105695  
 
   7 f  =   14.512651 THz    91.185674 2PiTHz  484.089922 cm-1    60.019474 meV
             X         Y         Z           dx          dy          dz
      7.773928  2.080707  0.779252    -0.008178   -0.000014    0.031138  
      6.053726  0.000000  1.306615    -0.008192    0.000014    0.031126  
      3.062890  0.000000  1.131751     0.008188    0.000014   -0.031138  
      1.342687  2.080707  1.659113     0.008191   -0.000014   -0.031140  
      0.000000  0.000000  0.000000     0.000001   -0.000001   -0.000000  
      4.711038  2.080707 -0.352498    -0.000000    0.000001    0.000000  
      5.918929  2.080707  1.358752    -0.010154   -0.000004   -0.122747  
      0.000000  2.080707  0.000000    -0.000001    0.000006   -0.000001  
      7.908724  0.000000  0.727114    -0.010160    0.000004   -0.122752  
      1.207891  0.000000  1.711251     0.010150    0.000004    0.122758  
      4.711038  0.000000 -0.352498     0.000003   -0.000006    0.000001  
      3.197686  2.080707  1.079613     0.010153   -0.000004    0.122746  
 
   8 f  =   13.965162 THz    87.745703 2PiTHz  465.827675 cm-1    57.755245 meV
             X         Y         Z           dx          dy          dz
      7.773928  2.080707  0.779252     0.086484   -0.000002   -0.030888  
      6.053726  0.000000  1.306615     0.086444    0.000000   -0.030878  
      3.062890  0.000000  1.131751     0.086486   -0.000002   -0.030886  
      1.342687  2.080707  1.659113     0.086452    0.000001   -0.030886  
      0.000000  0.000000  0.000000     0.009106   -0.000000   -0.001282  
      4.711038  2.080707 -0.352498     0.009106   -0.000000   -0.001282  
      5.918929  2.080707  1.358752    -0.101402   -0.000002    0.027519  
      0.000000  2.080707  0.000000     0.025587    0.000001   -0.013615  
      7.908724  0.000000  0.727114    -0.101404    0.000002    0.027517  
      1.207891  0.000000  1.711251    -0.101404   -0.000001    0.027512  
      4.711038  0.000000 -0.352498     0.025587    0.000001   -0.013615  
      3.197686  2.080707  1.079613    -0.101405    0.000000    0.027509  
 
   9 f  =   13.541849 THz    85.085950 2PiTHz  451.707477 cm-1    56.004564 meV
             X         Y         Z           dx          dy          dz
      7.773928  2.080707  0.779252     0.160059   -0.000006   -0.029629  
      6.053726  0.000000  1.306615    -0.160058   -0.000007    0.029633  
      3.062890  0.000000  1.131751     0.160051   -0.000006   -0.029630  
      1.342687  2.080707  1.659113    -0.160072   -0.000007    0.029635  
      0.000000  0.000000  0.000000    -0.000001    0.000000    0.000000  
      4.711038  2.080707 -0.352498    -0.000001    0.000000    0.000000  
      5.918929  2.080707  1.358752    -0.004963   -0.000003   -0.063180  
      0.000000  2.080707  0.000000    -0.000000   -0.000001   -0.000000  
      7.908724  0.000000  0.727114     0.004982   -0.000003    0.063172  
      1.207891  0.000000  1.711251    -0.004964   -0.000003   -0.063177  
      4.711038  0.000000 -0.352498    -0.000000   -0.000001    0.000001  
      3.197686  2.080707  1.079613     0.004981   -0.000003    0.063174  
 
  10 f  =   12.845111 THz    80.708210 2PiTHz  428.466766 cm-1    53.123085 meV
             X         Y         Z           dx          dy          dz
      7.773928  2.080707  0.779252     0.159741    0.000044    0.016440  
      6.053726  0.000000  1.306615     0.159300   -0.000044    0.016479  
      3.062890  0.000000  1.131751    -0.159746   -0.000046   -0.016436  
      1.342687  2.080707  1.659113    -0.159292    0.000045   -0.016469  
      0.000000  0.000000  0.000000     0.000003   -0.000000    0.000005  
      4.711038  2.080707 -0.352498    -0.000003    0.000000   -0.000005  
      5.918929  2.080707  1.358752     0.065454    0.000009   -0.008189  
      0.000000  2.080707  0.000000    -0.000029   -0.000005    0.000012  
      7.908724  0.000000  0.727114     0.065531   -0.000009   -0.008316  
      1.207891  0.000000  1.711251    -0.065457   -0.000008    0.008191  
      4.711038  0.000000 -0.352498     0.000030    0.000005   -0.000010  
      3.197686  2.080707  1.079613    -0.065536    0.000008    0.008307  
 
  11 f  =   12.784731 THz    80.328834 2PiTHz  426.452723 cm-1    52.873375 meV
             X         Y         Z           dx          dy          dz
      7.773928  2.080707  0.779252     0.166576    0.000001   -0.011891  
      6.053726  0.000000  1.306615    -0.167007    0.000003    0.011837  
      3.062890  0.000000  1.131751    -0.166576   -0.000004    0.011891  
      1.342687  2.080707  1.659113     0.167001   -0.000001   -0.011846  
      0.000000  0.000000  0.000000     0.001456   -0.000000    0.003777  
      4.711038  2.080707 -0.352498    -0.001456    0.000000   -0.003776  
      5.918929  2.080707  1.358752    -0.030423    0.000005    0.045394  
      0.000000  2.080707  0.000000    -0.021542    0.000000    0.011978  
      7.908724  0.000000  0.727114     0.030251    0.000004   -0.045372  
      1.207891  0.000000  1.711251     0.030424   -0.000005   -0.045397  
      4.711038  0.000000 -0.352498     0.021542   -0.000000   -0.011976  
      3.197686  2.080707  1.079613    -0.030250   -0.000004    0.045372  
 
  12 f  =   12.742765 THz    80.065151 2PiTHz  425.052875 cm-1    52.699816 meV
             X         Y         Z           dx          dy          dz
      7.773928  2.080707  0.779252     0.000010   -0.172740   -0.000000  
      6.053726  0.000000  1.306615     0.000012    0.172742    0.000000  
      3.062890  0.000000  1.131751     0.000014   -0.172740   -0.000000  
      1.342687  2.080707  1.659113     0.000011    0.172742    0.000001  
      0.000000  0.000000  0.000000    -0.000002    0.000000   -0.000000  
      4.711038  2.080707 -0.352498    -0.000002    0.000000   -0.000000  
      5.918929  2.080707  1.358752     0.000004    0.050513    0.000001  
      0.000000  2.080707  0.000000     0.000001   -0.000000   -0.000001  
      7.908724  0.000000  0.727114     0.000004   -0.050514    0.000002  
      1.207891  0.000000  1.711251     0.000005    0.050513    0.000001  
      4.711038  0.000000 -0.352498     0.000001   -0.000000   -0.000001  
      3.197686  2.080707  1.079613     0.000005   -0.050514    0.000002  
 
  13 f  =   12.046982 THz    75.693419 2PiTHz  401.844060 cm-1    49.822291 meV
             X         Y         Z           dx          dy          dz
      7.773928  2.080707  0.779252     0.000036   -0.178958    0.000001  
      6.053726  0.000000  1.306615     0.000035    0.178957    0.000001  
      3.062890  0.000000  1.131751    -0.000034    0.178958   -0.000001  
      1.342687  2.080707  1.659113    -0.000034   -0.178957   -0.000002  
      0.000000  0.000000  0.000000    -0.000000    0.009784   -0.000000  
      4.711038  2.080707 -0.352498    -0.000000   -0.009784   -0.000000  
      5.918929  2.080707  1.358752     0.000017   -0.010759    0.000007  
      0.000000  2.080707  0.000000     0.000000   -0.043453   -0.000000  
      7.908724  0.000000  0.727114     0.000017    0.010758    0.000006  
      1.207891  0.000000  1.711251    -0.000017    0.010759   -0.000006  
      4.711038  0.000000 -0.352498    -0.000000    0.043453   -0.000000  
      3.197686  2.080707  1.079613    -0.000017   -0.010758   -0.000005  
 
  14 f  =   11.745400 THz    73.798525 2PiTHz  391.784376 cm-1    48.575050 meV
             X         Y         Z           dx          dy          dz
      7.773928  2.080707  0.779252     0.108670    0.000017   -0.022132  
      6.053726  0.000000  1.306615     0.108671   -0.000016   -0.022136  
      3.062890  0.000000  1.131751     0.108664    0.000015   -0.022132  
      1.342687  2.080707  1.659113     0.108670   -0.000015   -0.022134  
      0.000000  0.000000  0.000000    -0.020306   -0.000000   -0.005367  
      4.711038  2.080707 -0.352498    -0.020306    0.000000   -0.005367  
      5.918929  2.080707  1.358752     0.055467    0.000002    0.060334  
      0.000000  2.080707  0.000000     0.020327   -0.000000   -0.041300  
      7.908724  0.000000  0.727114     0.055469   -0.000002    0.060334  
      1.207891  0.000000  1.711251     0.055464    0.000001    0.060335  
      4.711038  0.000000 -0.352498     0.020327   -0.000000   -0.041299  
      3.197686  2.080707  1.079613     0.055465    0.000000    0.060332  
 
  15 f  =   11.151780 THz    70.068703 2PiTHz  371.983353 cm-1    46.120037 meV
             X         Y         Z           dx          dy          dz
      7.773928  2.080707  0.779252     0.063676    0.000002   -0.063808  
      6.053726  0.000000  1.306615    -0.063693    0.000002    0.063794  
      3.062890  0.000000  1.131751    -0.063689   -0.000002    0.063806  
      1.342687  2.080707  1.659113     0.063677   -0.000003   -0.063806  
      0.000000  0.000000  0.000000    -0.002699   -0.000000   -0.006226  
      4.711038  2.080707 -0.352498     0.002701    0.000000    0.006225  
      5.918929  2.080707  1.358752    -0.003382   -0.000008   -0.092328  
      0.000000  2.080707  0.000000     0.026666    0.000000   -0.076360  
      7.908724  0.000000  0.727114     0.003380   -0.000007    0.092339  
      1.207891  0.000000  1.711251     0.003383    0.000008    0.092336  
      4.711038  0.000000 -0.352498    -0.026667   -0.000000    0.076356  
      3.197686  2.080707  1.079613    -0.003380    0.000007   -0.092331  
 
  16 f  =   11.007459 THz    69.161907 2PiTHz  367.169320 cm-1    45.523173 meV
             X         Y         Z           dx          dy          dz
      7.773928  2.080707  0.779252     0.096651    0.000019    0.048831  
      6.053726  0.000000  1.306615     0.096644   -0.000017    0.048837  
      3.062890  0.000000  1.131751     0.096648    0.000020    0.048840  
      1.342687  2.080707  1.659113     0.096652   -0.000017    0.048829  
      0.000000  0.000000  0.000000    -0.012480   -0.000000    0.003906  
      4.711038  2.080707 -0.352498    -0.012479   -0.000000    0.003907  
      5.918929  2.080707  1.358752     0.003424    0.000017   -0.077605  
      0.000000  2.080707  0.000000     0.047787   -0.000000    0.068669  
      7.908724  0.000000  0.727114     0.003424   -0.000017   -0.077602  
      1.207891  0.000000  1.711251     0.003430    0.000017   -0.077595  
      4.711038  0.000000 -0.352498     0.047787   -0.000000    0.068678  
      3.197686  2.080707  1.079613     0.003428   -0.000017   -0.077611  
 
  17 f  =   10.525759 THz    66.135297 2PiTHz  351.101542 cm-1    43.531024 meV
             X         Y         Z           dx          dy          dz
      7.773928  2.080707  0.779252    -0.000026    0.076429   -0.000011  
      6.053726  0.000000  1.306615    -0.000025   -0.076200   -0.000011  
      3.062890  0.000000  1.131751    -0.000025    0.076430   -0.000012  
      1.342687  2.080707  1.659113    -0.000025   -0.076199   -0.000010  
      0.000000  0.000000  0.000000     0.000003   -0.000005   -0.000001  
      4.711038  2.080707 -0.352498     0.000002   -0.000005   -0.000001  
      5.918929  2.080707  1.358752    -0.000004    0.114314    0.000011  
      0.000000  2.080707  0.000000     0.000005    0.000008   -0.000007  
      7.908724  0.000000  0.727114    -0.000004   -0.114363    0.000012  
      1.207891  0.000000  1.711251    -0.000004    0.114314    0.000011  
      4.711038  0.000000 -0.352498     0.000006    0.000008   -0.000007  
      3.197686  2.080707  1.079613    -0.000004   -0.114364    0.000012  
 
  18 f  =   10.503806 THz    65.997359 2PiTHz  350.369250 cm-1    43.440231 meV
             X         Y         Z           dx          dy          dz
      7.773928  2.080707  0.779252     0.000005    0.177656   -0.000002  
      6.053726  0.000000  1.306615    -0.000005    0.177752    0.000001  
      3.062890  0.000000  1.131751     0.000004    0.177655   -0.000002  
      1.342687  2.080707  1.659113    -0.000005    0.177752    0.000001  
      0.000000  0.000000  0.000000     0.000000   -0.008534   -0.000000  
      4.711038  2.080707 -0.352498     0.000000   -0.008534   -0.000000  
      5.918929  2.080707  1.358752    -0.000002   -0.036307   -0.000000  
      0.000000  2.080707  0.000000    -0.000000    0.011882   -0.000001  
      7.908724  0.000000  0.727114     0.000001   -0.036158    0.000001  
      1.207891  0.000000  1.711251    -0.000002   -0.036307   -0.000000  
      4.711038  0.000000 -0.352498    -0.000001    0.011882   -0.000000  
      3.197686  2.080707  1.079613     0.000001   -0.036158    0.000001  
 
  19 f  =   10.444540 THz    65.624978 2PiTHz  348.392342 cm-1    43.195126 meV
             X         Y         Z           dx          dy          dz
      7.773928  2.080707  0.779252    -0.000003    0.186973    0.000002  
      6.053726  0.000000  1.306615     0.000003    0.186972   -0.000002  
      3.062890  0.000000  1.131751     0.000003   -0.186973   -0.000002  
      1.342687  2.080707  1.659113    -0.000003   -0.186973    0.000002  
      0.000000  0.000000  0.000000     0.000001    0.000000    0.000000  
      4.711038  2.080707 -0.352498    -0.000001   -0.000000   -0.000000  
      5.918929  2.080707  1.358752    -0.000001   -0.017565    0.000000  
      0.000000  2.080707  0.000000    -0.000009   -0.000003   -0.000000  
      7.908724  0.000000  0.727114     0.000000   -0.017572   -0.000001  
      1.207891  0.000000  1.711251     0.000000    0.017566   -0.000001  
      4.711038  0.000000 -0.352498     0.000009    0.000003    0.000001  
      3.197686  2.080707  1.079613    -0.000001    0.017571    0.000000  
 
  20 f  =    9.157919 THz    57.540900 2PiTHz  305.475284 cm-1    37.874091 meV
             X         Y         Z           dx          dy          dz
      7.773928  2.080707  0.779252    -0.000018    0.011472    0.000007  
      6.053726  0.000000  1.306615    -0.000010   -0.011483    0.000006  
      3.062890  0.000000  1.131751     0.000018   -0.011472   -0.000008  
      1.342687  2.080707  1.659113     0.000010    0.011483   -0.000006  
      0.000000  0.000000  0.000000     0.000001    0.012560    0.000000  
      4.711038  2.080707 -0.352498    -0.000001   -0.012560   -0.000000  
      5.918929  2.080707  1.358752    -0.000012    0.112041   -0.000006  
      0.000000  2.080707  0.000000    -0.000022   -0.065346   -0.000009  
      7.908724  0.000000  0.727114    -0.000002   -0.112033   -0.000004  
      1.207891  0.000000  1.711251     0.000010   -0.112041    0.000006  
      4.711038  0.000000 -0.352498     0.000022    0.065346    0.000010  
      3.197686  2.080707  1.079613     0.000001    0.112033    0.000003  
 
  21 f  =    9.072063 THz    57.001452 2PiTHz  302.611444 cm-1    37.519020 meV
             X         Y         Z           dx          dy          dz
      7.773928  2.080707  0.779252     0.027531    0.000015   -0.010541  
      6.053726  0.000000  1.306615    -0.027529    0.000011    0.010488  
      3.062890  0.000000  1.131751    -0.027531   -0.000015    0.010539  
      1.342687  2.080707  1.659113     0.027523   -0.000012   -0.010536  
      0.000000  0.000000  0.000000    -0.006815    0.000002   -0.000931  
      4.711038  2.080707 -0.352498     0.006814   -0.000002    0.000932  
      5.918929  2.080707  1.358752     0.035607    0.000030    0.008027  
      0.000000  2.080707  0.000000     0.153053   -0.000009    0.062235  
      7.908724  0.000000  0.727114    -0.035602   -0.000002   -0.008035  
      1.207891  0.000000  1.711251    -0.035606   -0.000030   -0.008033  
      4.711038  0.000000 -0.352498    -0.153045    0.000009   -0.062226  
      3.197686  2.080707  1.079613     0.035605    0.000001    0.008035  
 
  22 f  =    8.725721 THz    54.825322 2PiTHz  291.058721 cm-1    36.086666 meV
             X         Y         Z           dx          dy          dz
      7.773928  2.080707  0.779252     0.000009   -0.026540    0.000008  
      6.053726  0.000000  1.306615    -0.000008   -0.026544   -0.000009  
      3.062890  0.000000  1.131751    -0.000008    0.026540   -0.000008  
      1.342687  2.080707  1.659113     0.000009    0.026544    0.000009  
      0.000000  0.000000  0.000000    -0.000001   -0.000000    0.000001  
      4.711038  2.080707 -0.352498     0.000002    0.000000   -0.000001  
      5.918929  2.080707  1.358752     0.000011   -0.123757    0.000012  
      0.000000  2.080707  0.000000     0.000016   -0.000004    0.000000  
      7.908724  0.000000  0.727114    -0.000011   -0.123762   -0.000012  
      1.207891  0.000000  1.711251    -0.000012    0.123757   -0.000012  
      4.711038  0.000000 -0.352498    -0.000018    0.000004   -0.000000  
      3.197686  2.080707  1.079613     0.000011    0.123762    0.000011  
 
  23 f  =    8.715649 THz    54.762039 2PiTHz  290.722764 cm-1    36.045013 meV
             X         Y         Z           dx          dy          dz
      7.773928  2.080707  0.779252    -0.067562   -0.000009   -0.052238  
      6.053726  0.000000  1.306615    -0.067540    0.000009   -0.052134  
      3.062890  0.000000  1.131751    -0.067541   -0.000008   -0.052263  
      1.342687  2.080707  1.659113    -0.067550    0.000009   -0.052255  
      0.000000  0.000000  0.000000    -0.007932   -0.000000   -0.001806  
      4.711038  2.080707 -0.352498    -0.007934    0.000000   -0.001808  
      5.918929  2.080707  1.358752    -0.001031   -0.000010    0.016275  
      0.000000  2.080707  0.000000     0.149901    0.000000    0.033453  
      7.908724  0.000000  0.727114    -0.001032    0.000009    0.016263  
      1.207891  0.000000  1.711251    -0.001031   -0.000009    0.016259  
      4.711038  0.000000 -0.352498     0.149924    0.000000    0.033442  
      3.197686  2.080707  1.079613    -0.001033    0.000010    0.016259  
 
  24 f  =    7.773501 THz    48.842348 2PiTHz  259.296089 cm-1    32.148603 meV
             X         Y         Z           dx          dy          dz
      7.773928  2.080707  0.779252    -0.019756   -0.000001    0.156820  
      6.053726  0.000000  1.306615    -0.019889    0.000001    0.155882  
      3.062890  0.000000  1.131751    -0.019958   -0.000001    0.158159  
      1.342687  2.080707  1.659113    -0.019900    0.000001    0.158284  
      0.000000  0.000000  0.000000    -0.000693    0.000000   -0.008596  
      4.711038  2.080707 -0.352498    -0.000671    0.000000   -0.008575  
      5.918929  2.080707  1.358752    -0.012989   -0.000001    0.014368  
      0.000000  2.080707  0.000000     0.051160   -0.000000   -0.071010  
      7.908724  0.000000  0.727114    -0.012966   -0.000000    0.014426  
      1.207891  0.000000  1.711251    -0.013042   -0.000001    0.014605  
      4.711038  0.000000 -0.352498     0.051040    0.000000   -0.070799  
      3.197686  2.080707  1.079613    -0.013030    0.000001    0.014627  
 
  25 f  =    7.697644 THz    48.365722 2PiTHz  256.765757 cm-1    31.834882 meV
             X         Y         Z           dx          dy          dz
      7.773928  2.080707  0.779252    -0.010216   -0.000001    0.187247  
      6.053726  0.000000  1.306615    -0.010494    0.000000    0.185301  
      3.062890  0.000000  1.131751     0.010113    0.000001   -0.184895  
      1.342687  2.080707  1.659113     0.010248   -0.000000   -0.184447  
      0.000000  0.000000  0.000000    -0.000025   -0.000000   -0.000068  
      4.711038  2.080707 -0.352498     0.000021    0.000000   -0.000019  
      5.918929  2.080707  1.358752    -0.006840   -0.000005    0.021482  
      0.000000  2.080707  0.000000     0.000355    0.000002   -0.000611  
      7.908724  0.000000  0.727114    -0.006798    0.000004    0.021596  
      1.207891  0.000000  1.711251     0.006683    0.000005   -0.021419  
      4.711038  0.000000 -0.352498     0.000100   -0.000002   -0.000120  
      3.197686  2.080707  1.079613     0.006700   -0.000004   -0.021384  
 
  26 f  =    7.564003 THz    47.526034 2PiTHz  252.307989 cm-1    31.282190 meV
             X         Y         Z           dx          dy          dz
      7.773928  2.080707  0.779252    -0.026593   -0.000002   -0.162618  
      6.053726  0.000000  1.306615     0.026482   -0.000002    0.164486  
      3.062890  0.000000  1.131751     0.026669    0.000003    0.164443  
      1.342687  2.080707  1.659113    -0.026650    0.000003   -0.165260  
      0.000000  0.000000  0.000000     0.006165   -0.000000    0.006582  
      4.711038  2.080707 -0.352498    -0.006165    0.000000   -0.006611  
      5.918929  2.080707  1.358752     0.001942   -0.000007    0.004224  
      0.000000  2.080707  0.000000    -0.032278    0.000000    0.070626  
      7.908724  0.000000  0.727114    -0.002041   -0.000007   -0.004030  
      1.207891  0.000000  1.711251    -0.002036    0.000007   -0.004311  
      4.711038  0.000000 -0.352498     0.032399   -0.000000   -0.070867  
      3.197686  2.080707  1.079613     0.002056    0.000007    0.004201  
 
  27 f  =    7.429983 THz    46.683962 2PiTHz  247.837564 cm-1    30.727928 meV
             X         Y         Z           dx          dy          dz
      7.773928  2.080707  0.779252    -0.017231   -0.000001   -0.185592  
      6.053726  0.000000  1.306615     0.017170   -0.000001    0.186710  
      3.062890  0.000000  1.131751    -0.017022   -0.000001   -0.185204  
      1.342687  2.080707  1.659113     0.017036   -0.000001    0.184820  
      0.000000  0.000000  0.000000     0.000021    0.000000    0.000012  
      4.711038  2.080707 -0.352498    -0.000020    0.000000   -0.000033  
      5.918929  2.080707  1.358752     0.008016   -0.000002    0.018571  
      0.000000  2.080707  0.000000    -0.000074   -0.000001    0.000182  
      7.908724  0.000000  0.727114    -0.008081   -0.000001   -0.018458  
      1.207891  0.000000  1.711251     0.008040   -0.000002    0.018470  
      4.711038  0.000000 -0.352498     0.000140   -0.000001   -0.000342  
      3.197686  2.080707  1.079613    -0.008029   -0.000001   -0.018525  
 
  28 f  =    7.055011 THz    44.327941 2PiTHz  235.329833 cm-1    29.177168 meV
             X         Y         Z           dx          dy          dz
      7.773928  2.080707  0.779252    -0.000005   -0.028638    0.000002  
      6.053726  0.000000  1.306615     0.000006   -0.028638   -0.000005  
      3.062890  0.000000  1.131751    -0.000005   -0.028638    0.000002  
      1.342687  2.080707  1.659113     0.000006   -0.028638   -0.000005  
      0.000000  0.000000  0.000000    -0.000000    0.025074    0.000000  
      4.711038  2.080707 -0.352498     0.000000    0.025074    0.000000  
      5.918929  2.080707  1.358752    -0.000001   -0.102613    0.000000  
      0.000000  2.080707  0.000000    -0.000000   -0.049591   -0.000001  
      7.908724  0.000000  0.727114     0.000001   -0.102610   -0.000001  
      1.207891  0.000000  1.711251    -0.000001   -0.102613    0.000000  
      4.711038  0.000000 -0.352498     0.000000   -0.049591   -0.000000  
      3.197686  2.080707  1.079613     0.000001   -0.102610   -0.000001  
 
  29 f  =    6.583120 THz    41.362963 2PiTHz  219.589246 cm-1    27.225584 meV
             X         Y         Z           dx          dy          dz
      7.773928  2.080707  0.779252    -0.000949    0.000000    0.047849  
      6.053726  0.000000  1.306615    -0.000953   -0.000000    0.047837  
      3.062890  0.000000  1.131751    -0.000950    0.000000    0.047846  
      1.342687  2.080707  1.659113    -0.000954   -0.000000    0.047834  
      0.000000  0.000000  0.000000     0.002809    0.000000   -0.024495  
      4.711038  2.080707 -0.352498     0.002810    0.000000   -0.024495  
      5.918929  2.080707  1.358752    -0.001661   -0.000000    0.051511  
      0.000000  2.080707  0.000000    -0.027187   -0.000000    0.128103  
      7.908724  0.000000  0.727114    -0.001660   -0.000001    0.051510  
      1.207891  0.000000  1.711251    -0.001659   -0.000000    0.051509  
      4.711038  0.000000 -0.352498    -0.027191   -0.000000    0.128105  
      3.197686  2.080707  1.079613    -0.001656   -0.000001    0.051512  
 
  30 f  =    6.373405 THz    40.045288 2PiTHz  212.593923 cm-1    26.358275 meV
             X         Y         Z           dx          dy          dz
      7.773928  2.080707  0.779252    -0.023499    0.000003   -0.047331  
      6.053726  0.000000  1.306615     0.023492    0.000003    0.047362  
      3.062890  0.000000  1.131751     0.023497   -0.000003    0.047311  
      1.342687  2.080707  1.659113    -0.023488   -0.000003   -0.047319  
      0.000000  0.000000  0.000000    -0.000400   -0.000000    0.025854  
      4.711038  2.080707 -0.352498     0.000400    0.000000   -0.025854  
      5.918929  2.080707  1.358752     0.009498    0.000007    0.052149  
      0.000000  2.080707  0.000000     0.040737    0.000000   -0.118606  
      7.908724  0.000000  0.727114    -0.009503    0.000008   -0.052150  
      1.207891  0.000000  1.711251    -0.009496   -0.000007   -0.052146  
      4.711038  0.000000 -0.352498    -0.040740   -0.000000    0.118596  
      3.197686  2.080707  1.079613     0.009501   -0.000008    0.052145  
 
  31 f  =    3.318618 THz    20.851490 2PiTHz  110.697170 cm-1    13.724694 meV
             X         Y         Z           dx          dy          dz
      7.773928  2.080707  0.779252     0.009219    0.000002   -0.008913  
      6.053726  0.000000  1.306615    -0.009211    0.000002    0.008910  
      3.062890  0.000000  1.131751    -0.009218   -0.000002    0.008915  
      1.342687  2.080707  1.659113     0.009211   -0.000002   -0.008918  
      0.000000  0.000000  0.000000    -0.048937    0.000000    0.004326  
      4.711038  2.080707 -0.352498     0.048936   -0.000000   -0.004324  
      5.918929  2.080707  1.358752     0.033215    0.000004    0.001893  
      0.000000  2.080707  0.000000    -0.043992    0.000000    0.005749  
      7.908724  0.000000  0.727114    -0.033215    0.000003   -0.001892  
      1.207891  0.000000  1.711251    -0.033215   -0.000004   -0.001892  
      4.711038  0.000000 -0.352498     0.043992   -0.000000   -0.005749  
      3.197686  2.080707  1.079613     0.033215   -0.000003    0.001893  
 
  32 f  =    2.383275 THz    14.974561 2PiTHz   79.497511 cm-1     9.856431 meV
             X         Y         Z           dx          dy          dz
      7.773928  2.080707  0.779252     0.000003   -0.028259    0.000001  
      6.053726  0.000000  1.306615     0.000003    0.028258    0.000001  
      3.062890  0.000000  1.131751    -0.000002    0.028259   -0.000001  
      1.342687  2.080707  1.659113    -0.000002   -0.028258   -0.000001  
      0.000000  0.000000  0.000000     0.000001   -0.050352   -0.000000  
      4.711038  2.080707 -0.352498     0.000001    0.050352    0.000000  
      5.918929  2.080707  1.358752     0.000001    0.022380    0.000001  
      0.000000  2.080707  0.000000     0.000001   -0.035578   -0.000000  
      7.908724  0.000000  0.727114     0.000001   -0.022378    0.000001  
      1.207891  0.000000  1.711251    -0.000000   -0.022380   -0.000001  
      4.711038  0.000000 -0.352498     0.000001    0.035578   -0.000000  
      3.197686  2.080707  1.079613     0.000000    0.022378   -0.000001  
 
  33 fi =    0.002817 THz     0.017703 2PiTHz    0.093981 cm-1     0.011652 meV
             X         Y         Z           dx          dy          dz
      7.773928  2.080707  0.779252    -0.000240   -0.045602    0.000060  
      6.053726  0.000000  1.306615    -0.000235   -0.045602    0.000058  
      3.062890  0.000000  1.131751    -0.000240   -0.045602    0.000059  
      1.342687  2.080707  1.659113    -0.000235   -0.045602    0.000059  
      0.000000  0.000000  0.000000    -0.000238   -0.045600    0.000060  
      4.711038  2.080707 -0.352498    -0.000238   -0.045600    0.000059  
      5.918929  2.080707  1.358752    -0.000238   -0.045558    0.000059  
      0.000000  2.080707  0.000000    -0.000238   -0.045599    0.000060  
      7.908724  0.000000  0.727114    -0.000238   -0.045558    0.000060  
      1.207891  0.000000  1.711251    -0.000237   -0.045558    0.000060  
      4.711038  0.000000 -0.352498    -0.000237   -0.045599    0.000059  
      3.197686  2.080707  1.079613    -0.000238   -0.045558    0.000058  
 
  34 fi =    0.003960 THz     0.024882 2PiTHz    0.132096 cm-1     0.016378 meV
             X         Y         Z           dx          dy          dz
      7.773928  2.080707  0.779252     0.045430   -0.000232    0.003869  
      6.053726  0.000000  1.306615     0.045419   -0.000232    0.003827  
      3.062890  0.000000  1.131751     0.045419   -0.000232    0.003826  
      1.342687  2.080707  1.659113     0.045430   -0.000231    0.003869  
      0.000000  0.000000  0.000000     0.045434   -0.000231    0.003876  
      4.711038  2.080707 -0.352498     0.045431   -0.000232    0.003832  
      5.918929  2.080707  1.358752     0.045451   -0.000233    0.003835  
      0.000000  2.080707  0.000000     0.045376   -0.000231    0.003871  
      7.908724  0.000000  0.727114     0.045459   -0.000230    0.003880  
      1.207891  0.000000  1.711251     0.045460   -0.000232    0.003881  
      4.711038  0.000000 -0.352498     0.045380   -0.000233    0.003825  
      3.197686  2.080707  1.079613     0.045451   -0.000232    0.003834  
 
  35 fi =    0.004277 THz     0.026872 2PiTHz    0.142657 cm-1     0.017687 meV
             X         Y         Z           dx          dy          dz
      7.773928  2.080707  0.779252    -0.003820    0.000079    0.045520  
      6.053726  0.000000  1.306615    -0.003864    0.000079    0.045354  
      3.062890  0.000000  1.131751    -0.003864    0.000079    0.045342  
      1.342687  2.080707  1.659113    -0.003821    0.000079    0.045518  
      0.000000  0.000000  0.000000    -0.003845    0.000079    0.045518  
      4.711038  2.080707 -0.352498    -0.003859    0.000079    0.045338  
      5.918929  2.080707  1.358752    -0.003872    0.000079    0.045320  
      0.000000  2.080707  0.000000    -0.003883    0.000079    0.045604  
      7.908724  0.000000  0.727114    -0.003836    0.000079    0.045508  
      1.207891  0.000000  1.711251    -0.003834    0.000079    0.045508  
      4.711038  0.000000 -0.352498    -0.003867    0.000079    0.045413  
      3.197686  2.080707  1.079613    -0.003869    0.000079    0.045319  
 
  36 fi =    0.325363 THz     2.044319 2PiTHz   10.852956 cm-1     1.345594 meV
             X         Y         Z           dx          dy          dz
      7.773928  2.080707  0.779252     0.011051   -0.000001    0.043829  
      6.053726  0.000000  1.306615    -0.011078   -0.000000   -0.044033  
      3.062890  0.000000  1.131751    -0.011079    0.000002   -0.044010  
      1.342687  2.080707  1.659113     0.011048    0.000001    0.043828  
      0.000000  0.000000  0.000000     0.003008    0.000000    0.044805  
      4.711038  2.080707 -0.352498    -0.003037    0.000001   -0.044990  
      5.918929  2.080707  1.358752    -0.008548   -0.000001   -0.047336  
      0.000000  2.080707  0.000000    -0.004831    0.000000    0.047132  
      7.908724  0.000000  0.727114     0.008522   -0.000001    0.047149  
      1.207891  0.000000  1.711251     0.008518    0.000002    0.047149  
      4.711038  0.000000 -0.352498     0.004803    0.000001   -0.047314  
      3.197686  2.080707  1.079613    -0.008550    0.000002   -0.047334  
 
