001 1026.563816 2.18217892851671901964
002 1020.257434 .003622995207218609
003 944.987004 .00530036447500406034
004 923.817137 .01233083861126588009
005 796.092927 .050747709305957569
006 673.196047 .00961858570419
007 669.827232 .00000002638091720358
008 634.143979 .08101202441833075600
009 629.669204 .03992523773794183481
010 613.954730 1.12393922687149338773
011 516.363552 .532924720094894969
012 513.879828 1.184323108387
013 506.067658 .019273333322473856
014 499.226280 .000000136689406893
015 494.838152 5.24840614607815395336
016 471.264197 .80216026836227792844
017 457.574821 4.577963082454176884
018 393.772605 9.82941633982097559749
019 371.732651 2.75260119510882284964
020 346.700495 .0029621123489156
021 341.285893 .288997091053
022 332.080522 .10051944025998844829
023 309.305733 .00357960799750800208
024 300.294004 1.06188904007428777393
025 269.815007 1.0983575418977104
026 269.485300 .680719887153
027 262.354476 .000000405563788512
028 239.972776 .57900384851719695101
029 235.152055 .09139419513924398624
030 231.905976 .01667037472345
031 229.807074 .000000198615530376
032 201.442099 .00277275814888483449
033 192.330069 .089355711709
034 155.131714 .26619101038819618056
035 146.309993 .04342074743656
036 145.410122 .0000399086103624
037 143.114898 .019993517469652001
038 88.777704 .50967177507323147780
039 73.734211 .029688161914780896
040 65.355822 .000001342673630393
041 0.275807 8.532025182369
042 0.284722 .00221517410174
043 0.723036 .0004657990368125
044 163.890781 1.322602045696
045 469.327706 .23460326011779222500
