001 1026.6 0.222
002 1020.3 0.000
003  945.0 0.001
004  923.8 0.001
005  796.1 0.005
006  673.2 0.001
007  669.8 0.000
008  634.1 0.008
009  629.7 0.004
010  614.0 0.114
011  516.4 0.054
012  513.9 0.120
013  506.1 0.002
014  499.2 0.000
015  494.8 0.534
016  471.3 0.082
017  457.6 0.466
018  393.8 1.000
019  371.7 0.280
020  346.7 0.000
021  341.3 0.029
022  332.1 0.010
023  309.3 0.000
024  300.3 0.108
025  269.8 0.112
026  269.5 0.069
027  262.4 0.000
028  240.0 0.059
029  235.2 0.009
030  231.9 0.002
031  229.8 0.000
032  201.4 0.000
033  192.3 0.009
034  155.1 0.027
035  146.3 0.004
036  145.4 0.000
037  143.1 0.002
038   88.8 0.052
039   73.7 0.003
040   65.4 0.000
041    0.3 0.868
042    0.3 0.000
043    0.7 0.000
044  163.9 0.135
045  469.3 0.024
