001 2985.9 0.000
002 2859.9 0.002
003 2848.4 0.040
004 2848.0 0.011
005 1208.7 0.000
006 1142.3 0.210
007 1142.1 0.117
008  997.6 0.020
009  997.6 0.002
010  915.8 0.010
011  915.7 1.000
012  896.9 0.000
013  578.7 0.074
014  540.7 0.001
015  531.9 0.045
016  531.9 0.010
017  495.7 0.004
018  480.7 0.006
019  480.7 0.002
020  469.4 0.027
021  469.3 0.022
022  468.0 0.004
023  461.5 0.019
024  461.5 0.021
025  455.1 0.002
026  438.4 0.010
027  438.4 0.016
028  428.0 0.013
029  425.0 0.010
030  425.0 0.016
031  394.4 0.001
032  383.0 0.002
033  375.5 0.002
034  349.0 0.000
035  349.0 0.001
036  346.8 0.003
037  332.9 0.006
038  332.8 0.000
039  276.9 0.044
040  276.7 0.024
041  259.5 0.001
042  248.2 0.019
043  248.2 0.006
044  226.0 0.001
045  225.9 0.009
046  209.9 0.024
047  209.8 0.005
048  177.7 0.003
049   85.0 0.000
050   15.5 0.128
051   15.1 0.048
