 Eigenvectors and eigenvalues of the dynamical matrix
 ----------------------------------------------------
 
 
   1 f  =  108.597410 THz   682.337652 2PiTHz 3622.419685 cm-1   449.122598 meV
             X         Y         Z           dx          dy          dz
      7.500000  7.500000  7.500000    -0.000041   -0.000001    0.000001  
      8.443297  8.705196  8.710503    -0.000636   -0.023827    0.023813  
      6.556703  6.294804  8.710503    -0.000633   -0.023763   -0.023750  
      6.556703  8.705196  6.289497    -0.000628    0.023774    0.023766  
      8.443297  6.294804  6.289497    -0.000637    0.023748   -0.023732  
      8.978134  9.444491  8.352496     0.188457    0.261098   -0.123442  
      8.958548  8.342749  9.461526    -0.178204    0.122015   -0.259376  
      6.021866  5.555509  8.352496     0.187962    0.260421    0.123123  
      6.041452  6.657251  9.461526    -0.177725    0.121688    0.258683  
      6.021866  9.444491  6.647504     0.187995   -0.260444   -0.123123  
      6.041452  8.342749  5.538474    -0.177901   -0.121823   -0.258954  
      8.978134  5.555509  6.647504     0.187842   -0.260259    0.123045  
      8.958548  6.657251  5.538474    -0.177591   -0.121598    0.258481  
 
   2 f  =  108.305889 THz   680.505970 2PiTHz 3612.695583 cm-1   447.916964 meV
             X         Y         Z           dx          dy          dz
      7.500000  7.500000  7.500000     0.000000    0.001218   -0.000001  
      8.443297  8.705196  8.710503     0.002598    0.024808   -0.023431  
      6.556703  6.294804  8.710503     0.002575    0.023714    0.022334  
      6.556703  8.705196  6.289497    -0.002593    0.024795    0.023423  
      8.443297  6.294804  6.289497    -0.002571    0.023790   -0.022414  
      8.978134  9.444491  8.352496    -0.207692   -0.288764    0.137059  
      8.958548  8.342749  9.461526     0.165821   -0.110358    0.239571  
      6.021866  5.555509  8.352496    -0.199041   -0.276865   -0.131419  
      6.041452  6.657251  9.461526     0.157540   -0.104703   -0.227589  
      6.021866  9.444491  6.647504     0.207566   -0.288583   -0.136971  
      6.041452  8.342749  5.538474    -0.165782   -0.110349   -0.239534  
      8.978134  5.555509  6.647504     0.199622   -0.277649    0.131790  
      8.958548  6.657251  5.538474    -0.158161   -0.105133    0.228500  
 
   3 f  =  108.301879 THz   680.480772 2PiTHz 3612.561815 cm-1   447.900379 meV
             X         Y         Z           dx          dy          dz
      7.500000  7.500000  7.500000     0.000000   -0.000027   -0.000039  
      8.443297  8.705196  8.710503     0.000797    0.024055   -0.023913  
      6.556703  6.294804  8.710503    -0.000907   -0.025146   -0.024946  
      6.556703  8.705196  6.289497    -0.000880    0.022548    0.022320  
      8.443297  6.294804  6.289497     0.000999   -0.023608    0.023314  
      8.978134  9.444491  8.352496    -0.191802   -0.264502    0.125441  
      8.958548  8.342749  9.461526     0.179033   -0.122107    0.258896  
      6.021866  5.555509  8.352496     0.200913    0.277178    0.131458  
      6.041452  6.657251  9.461526    -0.186353    0.126984    0.269476  
      6.021866  9.444491  6.647504     0.180514   -0.248975   -0.118235  
      6.041452  8.342749  5.538474    -0.166427   -0.113411   -0.240463  
      8.978134  5.555509  6.647504    -0.189424    0.261375   -0.124135  
      8.958548  6.657251  5.538474     0.173417    0.118047   -0.250551  
 
   4 f  =  108.290394 THz   680.408610 2PiTHz 3612.178716 cm-1   447.852881 meV
             X         Y         Z           dx          dy          dz
      7.500000  7.500000  7.500000     0.000001   -0.000000    0.001207  
      8.443297  8.705196  8.710503     0.001351   -0.022159    0.023528  
      6.556703  6.294804  8.710503    -0.001339    0.022219    0.023579  
      6.556703  8.705196  6.289497     0.001298    0.023746    0.025106  
      8.443297  6.294804  6.289497    -0.001276   -0.023791    0.025134  
      8.978134  9.444491  8.352496     0.165047    0.226938   -0.105006  
      8.958548  8.342749  9.461526    -0.186967    0.129210   -0.273526  
      6.021866  5.555509  8.352496    -0.165594   -0.227689   -0.105368  
      6.041452  6.657251  9.461526     0.187275   -0.129428   -0.273983  
      6.021866  9.444491  6.647504     0.177722   -0.244392   -0.113269  
      6.041452  8.342749  5.538474    -0.198766   -0.137270   -0.290625  
      8.978134  5.555509  6.647504    -0.178169    0.245059   -0.113613  
      8.958548  6.657251  5.538474     0.198893    0.137326   -0.290739  
 
   5 f  =  106.952545 THz   672.002656 2PiTHz 3567.552875 cm-1   442.319984 meV
             X         Y         Z           dx          dy          dz
      7.500000  7.500000  7.500000     0.000001    0.000000    0.000001  
      8.443297  8.705196  8.710503    -0.021419   -0.007471   -0.008865  
      6.556703  6.294804  8.710503     0.021444    0.007466   -0.008891  
      6.556703  8.705196  6.289497     0.021448   -0.007491    0.008868  
      8.443297  6.294804  6.289497    -0.021421    0.007455    0.008884  
      8.978134  9.444491  8.352496     0.171678    0.259507   -0.134121  
      8.958548  8.342749  9.461526     0.172815   -0.140853    0.274987  
      6.021866  5.555509  8.352496    -0.171783   -0.259701   -0.134225  
      6.041452  6.657251  9.461526    -0.173153    0.141119    0.275500  
      6.021866  9.444491  6.647504    -0.171989    0.259977    0.134374  
      6.041452  8.342749  5.538474    -0.172986   -0.141015   -0.275287  
      8.978134  5.555509  6.647504     0.171584   -0.259398    0.134072  
      8.958548  6.657251  5.538474     0.173001    0.140988   -0.275248  
 
   6 f  =  105.488344 THz   662.802816 2PiTHz 3518.712419 cm-1   436.264542 meV
             X         Y         Z           dx          dy          dz
      7.500000  7.500000  7.500000     0.003186   -0.000003   -0.000005  
      8.443297  8.705196  8.710503     0.020710    0.007671    0.008496  
      6.556703  6.294804  8.710503     0.020749    0.007677   -0.008515  
      6.556703  8.705196  6.289497     0.020732   -0.007685    0.008498  
      8.443297  6.294804  6.289497     0.020824   -0.007698   -0.008553  
      8.978134  9.444491  8.352496    -0.170146   -0.264332    0.136773  
      8.958548  8.342749  9.461526    -0.166732    0.140629   -0.273548  
      6.021866  5.555509  8.352496    -0.170433   -0.264819   -0.137024  
      6.041452  6.657251  9.461526    -0.167127    0.140940    0.274144  
      6.021866  9.444491  6.647504    -0.170403    0.264702    0.136959  
      6.041452  8.342749  5.538474    -0.166861   -0.140754   -0.273788  
      8.978134  5.555509  6.647504    -0.171017    0.265705   -0.137483  
      8.958548  6.657251  5.538474    -0.167766   -0.141474    0.275183  
 
   7 f  =  104.970145 THz   659.546870 2PiTHz 3501.427129 cm-1   434.121440 meV
             X         Y         Z           dx          dy          dz
      7.500000  7.500000  7.500000    -0.000004   -0.002432    0.000036  
      8.443297  8.705196  8.710503    -0.020826   -0.004829   -0.010560  
      6.556703  6.294804  8.710503    -0.021422   -0.005109    0.010716  
      6.556703  8.705196  6.289497     0.021380   -0.005097    0.010696  
      8.443297  6.294804  6.289497     0.020773   -0.004809   -0.010538  
      8.978134  9.444491  8.352496     0.155130    0.233941   -0.122603  
      8.958548  8.342749  9.461526     0.180876   -0.152324    0.291174  
      6.021866  5.555509  8.352496     0.160437    0.242057    0.126871  
      6.041452  6.657251  9.461526     0.185210   -0.155947   -0.298085  
      6.021866  9.444491  6.647504    -0.160100    0.241504    0.126599  
      6.041452  8.342749  5.538474    -0.184832   -0.155624   -0.297477  
      8.978134  5.555509  6.647504    -0.154708    0.233288   -0.122270  
      8.958548  6.657251  5.538474    -0.180474   -0.151992    0.290492  
 
   8 f  =  104.948007 THz   659.407776 2PiTHz 3500.688704 cm-1   434.029887 meV
             X         Y         Z           dx          dy          dz
      7.500000  7.500000  7.500000     0.000005    0.000034    0.002506  
      8.443297  8.705196  8.710503     0.021548    0.009890    0.005940  
      6.556703  6.294804  8.710503    -0.020881   -0.009725    0.005608  
      6.556703  8.705196  6.289497     0.020943   -0.009754    0.005628  
      8.443297  6.294804  6.289497    -0.021476    0.009863    0.005910  
      8.978134  9.444491  8.352496    -0.189765   -0.289069    0.152305  
      8.958548  8.342749  9.461526    -0.158276    0.130785   -0.251682  
      6.021866  5.555509  8.352496     0.184741    0.281504    0.148342  
      6.041452  6.657251  9.461526     0.152539   -0.125975   -0.242416  
      6.021866  9.444491  6.647504    -0.185300    0.282340    0.148786  
      6.041452  8.342749  5.538474    -0.153000   -0.126360   -0.243198  
      8.978134  5.555509  6.647504     0.189175   -0.288165    0.151835  
      8.958548  6.657251  5.538474     0.157719    0.130311   -0.250728  
 
   9 f  =   46.080794 THz   289.534170 2PiTHz 1537.089848 cm-1   190.574767 meV
             X         Y         Z           dx          dy          dz
      7.500000  7.500000  7.500000    -0.000009   -0.000939   -0.004998  
      8.443297  8.705196  8.710503     0.034272    0.014363    0.014647  
      6.556703  6.294804  8.710503    -0.023699   -0.010018    0.010046  
      6.556703  8.705196  6.289497     0.023386   -0.009889    0.009911  
      8.443297  6.294804  6.289497    -0.034392    0.014418    0.014698  
      8.978134  9.444491  8.352496    -0.270205    0.059153   -0.281994  
      8.958548  8.342749  9.461526    -0.278481   -0.276200    0.058171  
      6.021866  5.555509  8.352496     0.185849   -0.040068   -0.195210  
      6.041452  6.657251  9.461526     0.193636    0.190879    0.041066  
      6.021866  9.444491  6.647504    -0.183353   -0.039511   -0.192666  
      6.041452  8.342749  5.538474    -0.191090    0.188326    0.040542  
      8.978134  5.555509  6.647504     0.271186    0.059364   -0.282951  
      8.958548  6.657251  5.538474     0.279478   -0.277138    0.058358  
 
  10 f  =   46.072144 THz   289.479816 2PiTHz 1536.801290 cm-1   190.538990 meV
             X         Y         Z           dx          dy          dz
      7.500000  7.500000  7.500000    -0.000005   -0.005025    0.000927  
      8.443297  8.705196  8.710503     0.023466    0.009608    0.010251  
      6.556703  6.294804  8.710503     0.034296    0.014167   -0.014866  
      6.556703  8.705196  6.289497    -0.034346    0.014190   -0.014890  
      8.443297  6.294804  6.289497    -0.023620    0.009678    0.010317  
      8.978134  9.444491  8.352496    -0.187992    0.042792   -0.192622  
      8.958548  8.342749  9.461526    -0.187884   -0.189607    0.037392  
      6.021866  5.555509  8.352496    -0.273208    0.061326    0.281785  
      6.041452  6.657251  9.461526    -0.276165   -0.276921   -0.055930  
      6.021866  9.444491  6.647504     0.273613    0.061390    0.282265  
      6.041452  8.342749  5.538474     0.276592   -0.277307   -0.056003  
      8.978134  5.555509  6.647504     0.189208    0.043070   -0.193877  
      8.958548  6.657251  5.538474     0.189133   -0.190844    0.037651  
 
  11 f  =   46.007739 THz   289.075151 2PiTHz 1534.652989 cm-1   190.272635 meV
             X         Y         Z           dx          dy          dz
      7.500000  7.500000  7.500000     0.000052   -0.000004    0.000006  
      8.443297  8.705196  8.710503     0.029777    0.012349    0.012758  
      6.556703  6.294804  8.710503    -0.028721   -0.011901    0.012290  
      6.556703  8.705196  6.289497    -0.028858    0.011961   -0.012348  
      8.443297  6.294804  6.289497     0.029834   -0.012378   -0.012784  
      8.978134  9.444491  8.352496    -0.235260    0.053516   -0.247670  
      8.958548  8.342749  9.461526    -0.240236   -0.243037    0.050928  
      6.021866  5.555509  8.352496     0.226805   -0.051725   -0.238893  
      6.041452  6.657251  9.461526     0.231684    0.234441    0.049267  
      6.021866  9.444491  6.647504     0.227890    0.051971    0.240052  
      6.041452  8.342749  5.538474     0.232742   -0.235520   -0.049474  
      8.978134  5.555509  6.647504    -0.235780   -0.053626    0.248214  
      8.958548  6.657251  5.538474    -0.240813    0.243572   -0.051050  
 
  12 f  =   45.925952 THz   288.561267 2PiTHz 1531.924863 cm-1   189.934391 meV
             X         Y         Z           dx          dy          dz
      7.500000  7.500000  7.500000    -0.002897    0.000012    0.000016  
      8.443297  8.705196  8.710503    -0.028765   -0.012416   -0.012830  
      6.556703  6.294804  8.710503    -0.029596   -0.012750    0.013181  
      6.556703  8.705196  6.289497    -0.029648    0.012790   -0.013210  
      8.443297  6.294804  6.289497    -0.028418    0.012263    0.012691  
      8.978134  9.444491  8.352496     0.230254   -0.048057    0.240214  
      8.958548  8.342749  9.461526     0.234885    0.235496   -0.045467  
      6.021866  5.555509  8.352496     0.236722   -0.049502   -0.247108  
      6.041452  6.657251  9.461526     0.241604    0.242308    0.046903  
      6.021866  9.444491  6.647504     0.237179    0.049610    0.247604  
      6.041452  8.342749  5.538474     0.242005   -0.242748   -0.046963  
      8.978134  5.555509  6.647504     0.227578    0.047428   -0.237465  
      8.958548  6.657251  5.538474     0.232179   -0.232791    0.044911  
 
  13 f  =   15.009087 THz    94.304872 2PiTHz  500.649239 cm-1    62.072567 meV
             X         Y         Z           dx          dy          dz
      7.500000  7.500000  7.500000     0.000039   -0.002459   -0.320588  
      8.443297  8.705196  8.710503     0.016564    0.007245    0.035323  
      6.556703  6.294804  8.710503    -0.016359   -0.006696    0.035253  
      6.556703  8.705196  6.289497     0.016372   -0.006699    0.035249  
      8.443297  6.294804  6.289497    -0.016612    0.007229    0.035360  
      8.978134  9.444491  8.352496    -0.022507   -0.025089   -0.087708  
      8.958548  8.342749  9.461526     0.042614    0.162228    0.084934  
      6.021866  5.555509  8.352496     0.023159    0.026450   -0.090356  
      6.041452  6.657251  9.461526    -0.043092   -0.163721    0.085394  
      6.021866  9.444491  6.647504    -0.023124    0.026520   -0.090489  
      6.041452  8.342749  5.538474     0.043186   -0.163734    0.085335  
      8.978134  5.555509  6.647504     0.022592   -0.025107   -0.087870  
      8.958548  6.657251  5.538474    -0.042636    0.162582    0.085155  
 
  14 f  =   14.966414 THz    94.036750 2PiTHz  499.225822 cm-1    61.896085 meV
             X         Y         Z           dx          dy          dz
      7.500000  7.500000  7.500000     0.000059   -0.319860    0.002518  
      8.443297  8.705196  8.710503     0.016705    0.035221    0.006905  
      6.556703  6.294804  8.710503     0.017036    0.035395   -0.007455  
      6.556703  8.705196  6.289497    -0.017059    0.035388   -0.007471  
      8.443297  6.294804  6.289497    -0.016725    0.035250    0.006925  
      8.978134  9.444491  8.352496     0.042180    0.085859    0.164550  
      8.958548  8.342749  9.461526    -0.024744   -0.090768   -0.026283  
      6.021866  5.555509  8.352496     0.041912    0.085574   -0.163311  
      6.041452  6.657251  9.461526    -0.024003   -0.088362    0.025054  
      6.021866  9.444491  6.647504    -0.041909    0.085807   -0.163793  
      6.041452  8.342749  5.538474     0.024137   -0.088654    0.025064  
      8.978134  5.555509  6.647504    -0.042082    0.086054    0.164759  
      8.958548  6.657251  5.538474     0.024825   -0.090686   -0.026184  
 
  15 f  =   12.613847 THz    79.255136 2PiTHz  420.752635 cm-1    52.166655 meV
             X         Y         Z           dx          dy          dz
      7.500000  7.500000  7.500000     0.333312    0.000079    0.000100  
      8.443297  8.705196  8.710503    -0.035264   -0.027294   -0.026676  
      6.556703  6.294804  8.710503    -0.035337   -0.027345    0.026536  
      6.556703  8.705196  6.289497    -0.035350    0.027419   -0.026657  
      8.443297  6.294804  6.289497    -0.035310    0.027184    0.026774  
      8.978134  9.444491  8.352496    -0.010018   -0.056396   -0.059718  
      8.958548  8.342749  9.461526    -0.008676   -0.050043   -0.050982  
      6.021866  5.555509  8.352496    -0.010684   -0.056585    0.060780  
      6.041452  6.657251  9.461526    -0.008102   -0.048975    0.050766  
      6.021866  9.444491  6.647504    -0.010620    0.056718   -0.060895  
      6.041452  8.342749  5.538474    -0.008229    0.049003   -0.050793  
      8.978134  5.555509  6.647504    -0.010063    0.056089    0.059380  
      8.958548  6.657251  5.538474    -0.008819    0.050286    0.051184  
 
  16 f  =   11.708481 THz    73.566555 2PiTHz  390.552884 cm-1    48.422364 meV
             X         Y         Z           dx          dy          dz
      7.500000  7.500000  7.500000    -0.000775    0.000024    0.000264  
      8.443297  8.705196  8.710503     0.000937    0.035521   -0.035392  
      6.556703  6.294804  8.710503    -0.000641   -0.035576   -0.035787  
      6.556703  8.705196  6.289497    -0.000885    0.035674    0.035598  
      8.443297  6.294804  6.289497     0.000879   -0.035737    0.035480  
      8.978134  9.444491  8.352496     0.117636    0.101630    0.283721  
      8.958548  8.342749  9.461526    -0.122210   -0.279650   -0.099068  
      6.021866  5.555509  8.352496    -0.117518   -0.102577    0.285478  
      6.041452  6.657251  9.461526     0.122893    0.281339   -0.100005  
      6.021866  9.444491  6.647504    -0.117641    0.103057   -0.286267  
      6.041452  8.342749  5.538474     0.122740   -0.281654    0.099925  
      8.978134  5.555509  6.647504     0.117759   -0.102363   -0.285025  
      8.958548  6.657251  5.538474    -0.122562    0.280650    0.099521  
 
  17 f  =   10.387142 THz    65.264341 2PiTHz  346.477777 cm-1    42.957750 meV
             X         Y         Z           dx          dy          dz
      7.500000  7.500000  7.500000     0.006174   -0.001231   -0.000045  
      8.443297  8.705196  8.710503    -0.000066    0.024429   -0.025487  
      6.556703  6.294804  8.710503     0.000084    0.024233    0.025184  
      6.556703  8.705196  6.289497    -0.000317   -0.024305   -0.026256  
      8.443297  6.294804  6.289497    -0.000767   -0.024224    0.026617  
      8.978134  9.444491  8.352496     0.052162    0.141101    0.301920  
      8.958548  8.342749  9.461526    -0.057369   -0.301466   -0.139491  
      6.021866  5.555509  8.352496     0.051141    0.140952   -0.300537  
      6.041452  6.657251  9.461526    -0.056756   -0.299028    0.138290  
      6.021866  9.444491  6.647504     0.051864   -0.143087    0.305611  
      6.041452  8.342749  5.538474    -0.058590    0.305036   -0.141229  
      8.978134  5.555509  6.647504     0.052026   -0.143007   -0.306196  
      8.958548  6.657251  5.538474    -0.059775    0.305857    0.141463  
 
  18 f  =   10.072313 THz    63.286211 2PiTHz  335.976205 cm-1    41.655722 meV
             X         Y         Z           dx          dy          dz
      7.500000  7.500000  7.500000     0.000149   -0.002197   -0.107164  
      8.443297  8.705196  8.710503     0.030827    0.057813    0.001269  
      6.556703  6.294804  8.710503    -0.030085   -0.057995   -0.000776  
      6.556703  8.705196  6.289497     0.030083   -0.057549   -0.000434  
      8.443297  6.294804  6.289497    -0.030850    0.057860    0.001400  
      8.978134  9.444491  8.352496     0.092483    0.141286    0.270461  
      8.958548  8.342749  9.461526    -0.024812   -0.215342   -0.087152  
      6.021866  5.555509  8.352496    -0.093786   -0.144754    0.278706  
      6.041452  6.657251  9.461526     0.027723    0.225798   -0.092771  
      6.021866  9.444491  6.647504     0.092872   -0.144440    0.277878  
      6.041452  8.342749  5.538474    -0.027748    0.223852   -0.091274  
      8.978134  5.555509  6.647504    -0.091914    0.141789    0.270700  
      8.958548  6.657251  5.538474     0.024654   -0.214940   -0.086969  
 
  19 f  =   10.016439 THz    62.935142 2PiTHz  334.112441 cm-1    41.424644 meV
             X         Y         Z           dx          dy          dz
      7.500000  7.500000  7.500000    -0.000230   -0.109159    0.001786  
      8.443297  8.705196  8.710503     0.028590   -0.000625    0.058159  
      6.556703  6.294804  8.710503     0.029944    0.001444   -0.058207  
      6.556703  8.705196  6.289497    -0.029767    0.001857   -0.057724  
      8.443297  6.294804  6.289497    -0.028749   -0.000110    0.057691  
      8.978134  9.444491  8.352496    -0.021890   -0.099847   -0.233452  
      8.958548  8.342749  9.461526     0.099463    0.276344    0.140785  
      6.021866  5.555509  8.352496    -0.018273   -0.094759    0.223597  
      6.041452  6.657251  9.461526     0.098964    0.268079   -0.137303  
      6.021866  9.444491  6.647504     0.017281   -0.092532    0.218470  
      6.041452  8.342749  5.538474    -0.098077    0.262324   -0.134397  
      8.978134  5.555509  6.647504     0.020822   -0.096467   -0.226456  
      8.958548  6.657251  5.538474    -0.098047    0.270111    0.138219  
 
  20 f  =    7.252711 THz    45.570128 2PiTHz  241.924402 cm-1    29.994789 meV
             X         Y         Z           dx          dy          dz
      7.500000  7.500000  7.500000     0.000148    0.000195    0.000187  
      8.443297  8.705196  8.710503    -0.058994   -0.072422   -0.072659  
      6.556703  6.294804  8.710503     0.059380    0.072221   -0.072651  
      6.556703  8.705196  6.289497     0.059325   -0.072125    0.072827  
      8.443297  6.294804  6.289497    -0.059430    0.072347    0.072512  
      8.978134  9.444491  8.352496    -0.064890   -0.064519   -0.064469  
      8.958548  8.342749  9.461526    -0.069925   -0.065052   -0.061897  
      6.021866  5.555509  8.352496     0.063664    0.065478   -0.064469  
      6.041452  6.657251  9.461526     0.071044    0.065987   -0.061915  
      6.021866  9.444491  6.647504     0.064192   -0.064814    0.064320  
      6.041452  8.342749  5.538474     0.070046   -0.066661    0.063100  
      8.978134  5.555509  6.647504    -0.064335    0.065646    0.065354  
      8.958548  6.657251  5.538474    -0.069996    0.065646    0.062315  
 
  21 f  =    6.096301 THz    38.304189 2PiTHz  203.350714 cm-1    25.212264 meV
             X         Y         Z           dx          dy          dz
      7.500000  7.500000  7.500000     0.000258    0.000311    0.000533  
      8.443297  8.705196  8.710503    -0.047084    0.034562    0.031866  
      6.556703  6.294804  8.710503     0.047367   -0.034170    0.031343  
      6.556703  8.705196  6.289497     0.047952    0.034708   -0.031738  
      8.443297  6.294804  6.289497    -0.048119   -0.034749   -0.031908  
      8.978134  9.444491  8.352496     0.149732   -0.209270   -0.186184  
      8.958548  8.342749  9.461526     0.109025   -0.183566   -0.176527  
      6.021866  5.555509  8.352496    -0.148566    0.208542   -0.185653  
      6.041452  6.657251  9.461526    -0.107007    0.181774   -0.174853  
      6.021866  9.444491  6.647504    -0.150841   -0.211034    0.187307  
      6.041452  8.342749  5.538474    -0.109678   -0.186737    0.179279  
      8.978134  5.555509  6.647504     0.151485    0.211771    0.187572  
      8.958548  6.657251  5.538474     0.107443    0.184740    0.176772  
 
  22 f  =    5.959844 THz    37.446801 2PiTHz  198.798982 cm-1    24.647921 meV
             X         Y         Z           dx          dy          dz
      7.500000  7.500000  7.500000    -0.000081   -0.001712    0.028419  
      8.443297  8.705196  8.710503     0.034644   -0.025474   -0.024535  
      6.556703  6.294804  8.710503    -0.039450    0.028799   -0.027253  
      6.556703  8.705196  6.289497     0.038804    0.029031   -0.027327  
      8.443297  6.294804  6.289497    -0.033642   -0.024748   -0.023817  
      8.978134  9.444491  8.352496    -0.171919    0.220294    0.180396  
      8.958548  8.342749  9.461526    -0.092637    0.184344    0.162469  
      6.021866  5.555509  8.352496     0.187936   -0.245529    0.205952  
      6.041452  6.657251  9.461526     0.115389   -0.213046    0.193746  
      6.021866  9.444491  6.647504    -0.186981   -0.243638    0.204805  
      6.041452  8.342749  5.538474    -0.115405   -0.211009    0.192382  
      8.978134  5.555509  6.647504     0.170605    0.217268    0.176647  
      8.958548  6.657251  5.538474     0.089356    0.181432    0.158580  
 
  23 f  =    5.913000 THz    37.152477 2PiTHz  197.236464 cm-1    24.454194 meV
             X         Y         Z           dx          dy          dz
      7.500000  7.500000  7.500000    -0.000066    0.028224    0.002188  
      8.443297  8.705196  8.710503     0.042500   -0.029629   -0.025358  
      6.556703  6.294804  8.710503     0.036999   -0.026074    0.021834  
      6.556703  8.705196  6.289497    -0.036922   -0.025475    0.021317  
      8.443297  6.294804  6.289497    -0.042597   -0.029693   -0.025211  
      8.978134  9.444491  8.352496    -0.135348    0.209674    0.206725  
      8.958548  8.342749  9.461526    -0.161826    0.214312    0.229778  
      6.021866  5.555509  8.352496    -0.111843    0.178568   -0.181168  
      6.041452  6.657251  9.461526    -0.147804    0.186556   -0.205021  
      6.021866  9.444491  6.647504     0.110052    0.176597   -0.179073  
      6.041452  8.342749  5.538474     0.146625    0.185850   -0.204079  
      8.978134  5.555509  6.647504     0.136319    0.210203    0.206477  
      8.958548  6.657251  5.538474     0.160103    0.213920    0.228657  
 
  24 f  =    5.167779 THz    32.470116 2PiTHz  172.378567 cm-1    21.372209 meV
             X         Y         Z           dx          dy          dz
      7.500000  7.500000  7.500000     0.055457    0.000307    0.000112  
      8.443297  8.705196  8.710503    -0.021360    0.073905    0.072419  
      6.556703  6.294804  8.710503    -0.022116    0.074291   -0.072930  
      6.556703  8.705196  6.289497    -0.022100   -0.074261    0.072535  
      8.443297  6.294804  6.289497    -0.022329   -0.074260   -0.072519  
      8.978134  9.444491  8.352496     0.125219   -0.103504   -0.087578  
      8.958548  8.342749  9.461526     0.108050   -0.094767   -0.091761  
      6.021866  5.555509  8.352496     0.124191   -0.103871    0.089088  
      6.041452  6.657251  9.461526     0.111340   -0.097073    0.095323  
      6.021866  9.444491  6.647504     0.124795    0.104048   -0.088883  
      6.041452  8.342749  5.538474     0.109744    0.096328   -0.094223  
      8.978134  5.555509  6.647504     0.125817    0.105727    0.090479  
      8.958548  6.657251  5.538474     0.109397    0.096363    0.094202  
 
  25 f  =    3.495417 THz    21.962353 2PiTHz  116.594564 cm-1    14.455877 meV
             X         Y         Z           dx          dy          dz
      7.500000  7.500000  7.500000     0.000881    0.000264    0.000623  
      8.443297  8.705196  8.710503    -0.009992   -0.014526    0.024145  
      6.556703  6.294804  8.710503     0.010450    0.016118    0.024157  
      6.556703  8.705196  6.289497     0.010351   -0.016762   -0.023948  
      8.443297  6.294804  6.289497    -0.011253    0.015222   -0.024309  
      8.978134  9.444491  8.352496    -0.266089    0.194430    0.071776  
      8.958548  8.342749  9.461526     0.267602   -0.091131   -0.203557  
      6.021866  5.555509  8.352496     0.266872   -0.192738    0.071041  
      6.041452  6.657251  9.461526    -0.268985    0.093948   -0.205365  
      6.021866  9.444491  6.647504     0.261453    0.189035   -0.072510  
      6.041452  8.342749  5.538474    -0.263402   -0.095930    0.202326  
      8.978134  5.555509  6.647504    -0.269246   -0.195296   -0.072259  
      8.958548  6.657251  5.538474     0.268974    0.092897    0.205658  
 
  26 f  =    2.372216 THz    14.905071 2PiTHz   79.128599 cm-1     9.810692 meV
             X         Y         Z           dx          dy          dz
      7.500000  7.500000  7.500000    -0.003292    0.087422   -0.008408  
      8.443297  8.705196  8.710503     0.029272   -0.014740    0.069000  
      6.556703  6.294804  8.710503     0.041282   -0.006144   -0.066630  
      6.556703  8.705196  6.289497    -0.043096   -0.007274   -0.070897  
      8.443297  6.294804  6.289497    -0.028213   -0.012604    0.071807  
      8.978134  9.444491  8.352496    -0.144613    0.150723    0.148573  
      8.958548  8.342749  9.461526     0.226202   -0.120126   -0.114092  
      6.021866  5.555509  8.352496    -0.123171    0.143046   -0.126295  
      6.041452  6.657251  9.461526     0.232582   -0.096313    0.105370  
      6.021866  9.444491  6.647504     0.128999    0.151375   -0.138917  
      6.041452  8.342749  5.538474    -0.231742   -0.092788    0.097164  
      8.978134  5.555509  6.647504     0.150143    0.158619    0.156863  
      8.958548  6.657251  5.538474    -0.219787   -0.111038   -0.104392  
 
  27 f  =    2.217059 THz    13.930194 2PiTHz   73.953138 cm-1     9.169016 meV
             X         Y         Z           dx          dy          dz
      7.500000  7.500000  7.500000     0.002496   -0.002777   -0.107475  
      8.443297  8.705196  8.710503    -0.058297   -0.067208    0.007052  
      6.556703  6.294804  8.710503     0.060839    0.071398    0.015824  
      6.556703  8.705196  6.289497    -0.058527    0.067737    0.013827  
      8.443297  6.294804  6.289497     0.055877   -0.069117    0.004006  
      8.978134  9.444491  8.352496    -0.163061    0.059697    0.117715  
      8.958548  8.342749  9.461526     0.028611   -0.161085   -0.098432  
      6.021866  5.555509  8.352496     0.202385   -0.083546    0.128407  
      6.041452  6.657251  9.461526    -0.070101    0.175171   -0.124076  
      6.021866  9.444491  6.647504    -0.205151   -0.091702    0.128332  
      6.041452  8.342749  5.538474     0.069923    0.163919   -0.120818  
      8.978134  5.555509  6.647504     0.156194    0.051081    0.107181  
      8.958548  6.657251  5.538474    -0.036450   -0.167916   -0.107465  
 
  28 f  =    1.798576 THz    11.300785 2PiTHz   59.994033 cm-1     7.438309 meV
             X         Y         Z           dx          dy          dz
      7.500000  7.500000  7.500000    -0.005294    0.010789   -0.000481  
      8.443297  8.705196  8.710503     0.020246   -0.077603    0.068777  
      6.556703  6.294804  8.710503    -0.004653    0.076830    0.065962  
      6.556703  8.705196  6.289497    -0.023684   -0.077393   -0.073715  
      8.443297  6.294804  6.289497     0.005594    0.081948   -0.064476  
      8.978134  9.444491  8.352496     0.143070   -0.131797    0.141688  
      8.958548  8.342749  9.461526    -0.080634   -0.179976    0.089272  
      6.021866  5.555509  8.352496    -0.041029    0.069500    0.135655  
      6.041452  6.657251  9.461526     0.039240    0.136792    0.067910  
      6.021866  9.444491  6.647504    -0.109723   -0.102654   -0.152246  
      6.041452  8.342749  5.538474     0.053194   -0.170119   -0.081943  
      8.978134  5.555509  6.647504     0.045394    0.083083   -0.121707  
      8.958548  6.657251  5.538474    -0.020770    0.156558   -0.047366  
 
  29 f  =    1.723663 THz    10.830091 2PiTHz   57.495194 cm-1     7.128492 meV
             X         Y         Z           dx          dy          dz
      7.500000  7.500000  7.500000     0.008811   -0.078291    0.002821  
      8.443297  8.705196  8.710503    -0.053879   -0.010804   -0.014861  
      6.556703  6.294804  8.710503    -0.064680    0.014113    0.037696  
      6.556703  8.705196  6.289497     0.061696   -0.011186    0.025518  
      8.443297  6.294804  6.289497     0.056537    0.007627   -0.042440  
      8.978134  9.444491  8.352496    -0.326695    0.168714   -0.056184  
      8.958548  8.342749  9.461526     0.165869    0.103385   -0.110019  
      6.021866  5.555509  8.352496    -0.288707    0.158280    0.080705  
      6.041452  6.657251  9.461526     0.087523    0.156564    0.072214  
      6.021866  9.444491  6.647504     0.244552    0.103520    0.068539  
      6.041452  8.342749  5.538474    -0.084810    0.086477    0.077092  
      8.978134  5.555509  6.647504     0.322832    0.162822   -0.125463  
      8.958548  6.657251  5.538474    -0.187954    0.124625   -0.152920  
 
  30 f  =    1.463940 THz     9.198208 2PiTHz   48.831791 cm-1     6.054368 meV
             X         Y         Z           dx          dy          dz
      7.500000  7.500000  7.500000     0.114281    0.002562   -0.019184  
      8.443297  8.705196  8.710503    -0.005269    0.025947    0.032495  
      6.556703  6.294804  8.710503     0.015973    0.044045   -0.037409  
      6.556703  8.705196  6.289497    -0.014000   -0.030512    0.029209  
      8.443297  6.294804  6.289497     0.014136   -0.040449   -0.037577  
      8.978134  9.444491  8.352496    -0.079502    0.157061    0.197094  
      8.958548  8.342749  9.461526    -0.165768    0.159066    0.205094  
      6.021866  5.555509  8.352496    -0.248562    0.273380   -0.123615  
      6.041452  6.657251  9.461526     0.089448    0.194080   -0.055119  
      6.021866  9.444491  6.647504    -0.098555   -0.167176    0.189666  
      6.041452  8.342749  5.538474    -0.170665   -0.176247    0.205189  
      8.978134  5.555509  6.647504    -0.247695   -0.267049   -0.122019  
      8.958548  6.657251  5.538474     0.084487   -0.193122   -0.058706  
 
  31 f  =    1.429221 THz     8.980061 2PiTHz   47.673682 cm-1     5.910781 meV
             X         Y         Z           dx          dy          dz
      7.500000  7.500000  7.500000    -0.045744   -0.013495   -0.052737  
      8.443297  8.705196  8.710503    -0.031276   -0.040791   -0.031213  
      6.556703  6.294804  8.710503     0.015393    0.013133    0.012795  
      6.556703  8.705196  6.289497    -0.016813    0.045181   -0.011484  
      8.443297  6.294804  6.289497     0.030045   -0.014950   -0.000827  
      8.978134  9.444491  8.352496     0.219203   -0.200935    0.005570  
      8.958548  8.342749  9.461526    -0.254653   -0.103336    0.096114  
      6.021866  5.555509  8.352496    -0.162311    0.065310    0.170314  
      6.041452  6.657251  9.461526     0.325021   -0.001471    0.233915  
      6.021866  9.444491  6.647504     0.304076    0.244918    0.050438  
      6.041452  8.342749  5.538474    -0.298957    0.149456    0.135846  
      8.978134  5.555509  6.647504    -0.089880   -0.033258    0.138815  
      8.958548  6.657251  5.538474     0.296716    0.038008    0.209552  
 
  32 f  =    1.264222 THz     7.943341 2PiTHz   42.169908 cm-1     5.228400 meV
             X         Y         Z           dx          dy          dz
      7.500000  7.500000  7.500000     0.002430    0.000952    0.000517  
      8.443297  8.705196  8.710503    -0.090288    0.025586    0.046549  
      6.556703  6.294804  8.710503     0.092021   -0.027662    0.040462  
      6.556703  8.705196  6.289497     0.091716    0.024842   -0.043902  
      8.443297  6.294804  6.289497    -0.088543   -0.022853   -0.045033  
      8.978134  9.444491  8.352496    -0.108382    0.071224    0.115118  
      8.958548  8.342749  9.461526    -0.168964    0.079804    0.126359  
      6.021866  5.555509  8.352496     0.103333   -0.065795    0.103528  
      6.041452  6.657251  9.461526     0.173697   -0.082575    0.122701  
      6.021866  9.444491  6.647504     0.110166    0.069023   -0.109040  
      6.041452  8.342749  5.538474     0.164157    0.074645   -0.117272  
      8.978134  5.555509  6.647504    -0.115209   -0.073430   -0.111142  
      8.958548  6.657251  5.538474    -0.156569   -0.076532   -0.117176  
 
  33 f  =    0.080578 THz     0.506288 2PiTHz    2.687799 cm-1     0.333245 meV
             X         Y         Z           dx          dy          dz
      7.500000  7.500000  7.500000     0.111389    0.002428    0.002387  
      8.443297  8.705196  8.710503     0.109484    0.002712    0.004501  
      6.556703  6.294804  8.710503     0.120010   -0.007128   -0.001269  
      6.556703  8.705196  6.289497     0.100475    0.001931    0.010939  
      8.443297  6.294804  6.289497     0.115770    0.014011   -0.006714  
      8.978134  9.444491  8.352496     0.118905   -0.003788    0.004945  
      8.958548  8.342749  9.461526     0.103060   -0.001084    0.007184  
      6.021866  5.555509  8.352496     0.135324   -0.017278   -0.003050  
      6.041452  6.657251  9.461526     0.110650   -0.016472   -0.003284  
      6.021866  9.444491  6.647504     0.115212    0.009924    0.016369  
      6.041452  8.342749  5.538474     0.084442    0.005156    0.020459  
      8.978134  5.555509  6.647504     0.136749    0.026643   -0.011920  
      8.958548  6.657251  5.538474     0.100249    0.026124   -0.011593  
 
  34 fi =    0.044321 THz     0.278475 2PiTHz    1.478379 cm-1     0.183296 meV
             X         Y         Z           dx          dy          dz
      7.500000  7.500000  7.500000    -0.002440   -0.001998    0.112889  
      8.443297  8.705196  8.710503    -0.004213    0.000959    0.111492  
      6.556703  6.294804  8.710503     0.000972   -0.003072    0.114661  
      6.556703  8.705196  6.289497    -0.005204   -0.004374    0.112766  
      8.443297  6.294804  6.289497    -0.000397    0.000418    0.112071  
      8.978134  9.444491  8.352496    -0.009743    0.003388    0.108282  
      8.958548  8.342749  9.461526     0.002604    0.002349    0.107414  
      6.021866  5.555509  8.352496     0.008084   -0.007715    0.113706  
      6.041452  6.657251  9.461526    -0.006562   -0.003318    0.109533  
      6.021866  9.444491  6.647504    -0.009976   -0.006421    0.109917  
      6.041452  8.342749  5.538474     0.001358   -0.004787    0.108395  
      8.978134  5.555509  6.647504     0.008380    0.005127    0.108714  
      8.958548  6.657251  5.538474    -0.010385    0.002033    0.105915  
 
  35 fi =    0.113791 THz     0.714967 2PiTHz    3.795646 cm-1     0.470600 meV
             X         Y         Z           dx          dy          dz
      7.500000  7.500000  7.500000    -0.002219    0.115742    0.001722  
      8.443297  8.705196  8.710503     0.003215    0.111594    0.002083  
      6.556703  6.294804  8.710503    -0.002217    0.114601    0.000312  
      6.556703  8.705196  6.289497    -0.002892    0.115132    0.001100  
      8.443297  6.294804  6.289497    -0.008667    0.109728    0.003224  
      8.978134  9.444491  8.352496     0.018297    0.100729    0.002623  
      8.958548  8.342749  9.461526    -0.009085    0.107045    0.008163  
      6.021866  5.555509  8.352496     0.014138    0.103680   -0.001959  
      6.041452  6.657251  9.461526    -0.017989    0.111370   -0.008835  
      6.021866  9.444491  6.647504    -0.020539    0.102642    0.000199  
      6.041452  8.342749  5.538474     0.012852    0.111662   -0.007933  
      8.978134  5.555509  6.647504    -0.027185    0.096420    0.003807  
      8.958548  6.657251  5.538474     0.004705    0.102148    0.008614  
 
  36 fi =    0.214213 THz     1.345942 2PiTHz    7.145387 cm-1     0.885915 meV
             X         Y         Z           dx          dy          dz
      7.500000  7.500000  7.500000     0.013369    0.003693    0.000359  
      8.443297  8.705196  8.710503     0.077419   -0.073583    0.028295  
      6.556703  6.294804  8.710503    -0.089818    0.067429   -0.014367  
      6.556703  8.705196  6.289497     0.109428    0.065169   -0.012116  
      8.443297  6.294804  6.289497    -0.059407   -0.072418    0.021343  
      8.978134  9.444491  8.352496     0.110071   -0.088989    0.046424  
      8.958548  8.342749  9.461526     0.067035   -0.123687    0.010858  
      6.021866  5.555509  8.352496    -0.106653    0.089713   -0.035275  
      6.041452  6.657251  9.461526    -0.121674    0.111946   -0.057755  
      6.021866  9.444491  6.647504     0.106227    0.070206   -0.026969  
      6.041452  8.342749  5.538474     0.147505    0.098489   -0.054616  
      8.978134  5.555509  6.647504    -0.109827   -0.106397    0.027157  
      8.958548  6.657251  5.538474    -0.048432   -0.131680    0.000117  
 
  37 fi =    0.776096 THz     4.876355 2PiTHz   25.887777 cm-1     3.209674 meV
             X         Y         Z           dx          dy          dz
      7.500000  7.500000  7.500000     0.003294   -0.002631    0.000262  
      8.443297  8.705196  8.710503     0.013827    0.078233   -0.087900  
      6.556703  6.294804  8.710503     0.011665    0.079555    0.088074  
      6.556703  8.705196  6.289497     0.007418   -0.077714   -0.077059  
      8.443297  6.294804  6.289497    -0.000740   -0.080579    0.074551  
      8.978134  9.444491  8.352496     0.021472    0.043677   -0.148207  
      8.958548  8.342749  9.461526     0.015241    0.128061   -0.064770  
      6.021866  5.555509  8.352496     0.015401    0.047807    0.148449  
      6.041452  6.657251  9.461526     0.018196    0.128066    0.069064  
      6.021866  9.444491  6.647504     0.024835   -0.039942   -0.129196  
      6.041452  8.342749  5.538474    -0.001206   -0.119814   -0.050790  
      8.978134  5.555509  6.647504     0.016461   -0.044699    0.123019  
      8.958548  6.657251  5.538474    -0.014441   -0.125803    0.043284  
 
  38 fi =    0.896086 THz     5.630277 2PiTHz   29.890223 cm-1     3.705914 meV
             X         Y         Z           dx          dy          dz
      7.500000  7.500000  7.500000     0.001804    0.008287   -0.002067  
      8.443297  8.705196  8.710503    -0.097500    0.020517    0.060902  
      6.556703  6.294804  8.710503    -0.056280   -0.006942   -0.062059  
      6.556703  8.705196  6.289497     0.060643   -0.019570   -0.074361  
      8.443297  6.294804  6.289497     0.105491    0.010623    0.073958  
      8.978134  9.444491  8.352496    -0.040850    0.003113    0.110327  
      8.958548  8.342749  9.461526    -0.197425    0.028209    0.133007  
      6.021866  5.555509  8.352496     0.000647   -0.030094   -0.100345  
      6.041452  6.657251  9.461526    -0.136082   -0.015896   -0.112019  
      6.021866  9.444491  6.647504     0.010428   -0.033824   -0.121126  
      6.041452  8.342749  5.538474     0.135585   -0.034964   -0.117830  
      8.978134  5.555509  6.647504     0.058947    0.005917    0.134678  
      8.958548  6.657251  5.538474     0.203789    0.017625    0.144527  
 
  39 fi =    1.723064 THz    10.826328 2PiTHz   57.475215 cm-1     7.126015 meV
             X         Y         Z           dx          dy          dz
      7.500000  7.500000  7.500000     0.023014    0.000640   -0.000216  
      8.443297  8.705196  8.710503    -0.002778    0.015667   -0.001859  
      6.556703  6.294804  8.710503    -0.003855    0.015440    0.000121  
      6.556703  8.705196  6.289497    -0.002002   -0.013811   -0.001684  
      8.443297  6.294804  6.289497    -0.006448   -0.017335    0.001756  
      8.978134  9.444491  8.352496     0.252006   -0.135707    0.068741  
      8.958548  8.342749  9.461526    -0.324360    0.029400    0.224789  
      6.021866  5.555509  8.352496     0.251906   -0.136084   -0.071640  
      6.041452  6.657251  9.461526    -0.326226    0.027865   -0.226474  
      6.021866  9.444491  6.647504     0.256366    0.140436    0.068312  
      6.041452  8.342749  5.538474    -0.326320   -0.027154    0.226659  
      8.978134  5.555509  6.647504     0.244799    0.131084   -0.069662  
      8.958548  6.657251  5.538474    -0.327819   -0.034542   -0.226412  
 
