001 1026.562585 2.18327220860625495282
002 1020.255325 .003584456618899041
003 944.969273 .00502065806162375610
004 923.814331 .01223769995277581561
005 796.087047 .0512525875818644
006 673.190361 .00935199324354
007 669.822720 .00000000015125419934
008 629.527404 .07844592694807383866
009 595.804452 .05093548598342257556
010 579.877848 1.26043283660491830281
011 516.182534 .476526684920350169
012 513.873478 1.181427456573
013 505.999978 .018621783379666644
014 499.219533 .00000007297722137324
015 494.833836 5.23494406129675493204
016 470.151493 .96315185088473488584
017 457.276294 4.610513463740298144
018 392.538068 9.54538099764416570007
019 371.530287 2.73220742582578499956
020 346.543282 .002730670685127401
021 341.262314 .295847140557
022 330.374752 .14623052772617271113
023 308.892708 .003644031569689316
024 299.227791 1.05403076864880416401
025 269.501148 1.13733471983448
026 269.484461 .606894515454
027 262.352721 .00000040902949560821
028 239.852490 .58383661623716736425
029 234.474689 .09013598246446484404
030 231.904564 .01628627734802
031 229.786001 .000000132759491969
032 200.330198 .003536385292578529
033 192.299855 .08656406192309
034 155.073567 .26637265369333751781
035 146.247258 .03979142440116
036 145.380503 .00000022858178572964
037 143.112157 .019975612823792225
038 88.700875 .50834904082933576329
039 73.694454 .029686631504128129
040 65.306605 .000000096991833602
041 0.399175 8.515069867944
042 0.283837 .0001752986317725
043 0.731909 .0003198671052389
044 151.412374 1.013676563038
045 468.993401 .23677343327393755129
