 Eigenvectors and eigenvalues of the dynamical matrix
 ----------------------------------------------------
 
 
   1 f  =  108.597410 THz   682.337652 2PiTHz 3622.419689 cm-1   449.122599 meV
             X         Y         Z           dx          dy          dz
      7.500000  7.500000  7.500000    -0.000047   -0.000002    0.000001  
      8.443297  8.705196  8.710503    -0.000636   -0.023827    0.023813  
      6.556703  6.294804  8.710503    -0.000633   -0.023763   -0.023750  
      6.556703  8.705196  6.289497    -0.000628    0.023774    0.023766  
      8.443297  6.294804  6.289497    -0.000637    0.023748   -0.023732  
      8.978134  9.444491  8.352496     0.188458    0.261099   -0.123443  
      8.958548  8.342749  9.461526    -0.178204    0.122014   -0.259375  
      6.021866  5.555509  8.352496     0.187963    0.260422    0.123124  
      6.041452  6.657251  9.461526    -0.177725    0.121687    0.258683  
      6.021866  9.444491  6.647504     0.187996   -0.260445   -0.123123  
      6.041452  8.342749  5.538474    -0.177901   -0.121822   -0.258953  
      8.978134  5.555509  6.647504     0.187842   -0.260260    0.123046  
      8.958548  6.657251  5.538474    -0.177591   -0.121598    0.258480  
 
   2 f  =  108.305982 THz   680.506557 2PiTHz 3612.698701 cm-1   447.917351 meV
             X         Y         Z           dx          dy          dz
      7.500000  7.500000  7.500000     0.000001    0.001424   -0.000001  
      8.443297  8.705196  8.710503     0.002599    0.024796   -0.023418  
      6.556703  6.294804  8.710503     0.002576    0.023727    0.022346  
      6.556703  8.705196  6.289497    -0.002593    0.024783    0.023411  
      8.443297  6.294804  6.289497    -0.002573    0.023802   -0.022425  
      8.978134  9.444491  8.352496    -0.207604   -0.288644    0.137002  
      8.958548  8.342749  9.461526     0.165722   -0.110288    0.239426  
      6.021866  5.555509  8.352496    -0.199150   -0.277017   -0.131491  
      6.041452  6.657251  9.461526     0.157624   -0.104758   -0.227708  
      6.021866  9.444491  6.647504     0.207482   -0.288470   -0.136916  
      6.041452  8.342749  5.538474    -0.165687   -0.110282   -0.239395  
      8.978134  5.555509  6.647504     0.199727   -0.277795    0.131859  
      8.958548  6.657251  5.538474    -0.158240   -0.105185    0.228612  
 
   3 f  =  108.301879 THz   680.480773 2PiTHz 3612.561819 cm-1   447.900379 meV
             X         Y         Z           dx          dy          dz
      7.500000  7.500000  7.500000     0.000000   -0.000031   -0.000046  
      8.443297  8.705196  8.710503     0.000798    0.024074   -0.023931  
      6.556703  6.294804  8.710503    -0.000905   -0.025139   -0.024941  
      6.556703  8.705196  6.289497    -0.000882    0.022554    0.022325  
      8.443297  6.294804  6.289497     0.000998   -0.023589    0.023296  
      8.978134  9.444491  8.352496    -0.191949   -0.264706    0.125538  
      8.958548  8.342749  9.461526     0.179166   -0.122197    0.259089  
      6.021866  5.555509  8.352496     0.200856    0.277098    0.131419  
      6.041452  6.657251  9.461526    -0.186322    0.126965    0.269433  
      6.021866  9.444491  6.647504     0.180573   -0.249057   -0.118275  
      6.041452  8.342749  5.538474    -0.166458   -0.113431   -0.240508  
      8.978134  5.555509  6.647504    -0.189277    0.261171   -0.124039  
      8.958548  6.657251  5.538474     0.173285    0.117957   -0.250359  
 
   4 f  =  108.290485 THz   680.409186 2PiTHz 3612.181772 cm-1   447.853260 meV
             X         Y         Z           dx          dy          dz
      7.500000  7.500000  7.500000     0.000001   -0.000000    0.001410  
      8.443297  8.705196  8.710503     0.001352   -0.022152    0.023522  
      6.556703  6.294804  8.710503    -0.001340    0.022212    0.023572  
      6.556703  8.705196  6.289497     0.001298    0.023752    0.025112  
      8.443297  6.294804  6.289497    -0.001277   -0.023797    0.025140  
      8.978134  9.444491  8.352496     0.164986    0.226852   -0.104963  
      8.958548  8.342749  9.461526    -0.186928    0.129184   -0.273471  
      6.021866  5.555509  8.352496    -0.165533   -0.227602   -0.105325  
      6.041452  6.657251  9.461526     0.187235   -0.129401   -0.273928  
      6.021866  9.444491  6.647504     0.177761   -0.244442   -0.113291  
      6.041452  8.342749  5.538474    -0.198819   -0.137307   -0.290703  
      8.978134  5.555509  6.647504    -0.178208    0.245111   -0.113636  
      8.958548  6.657251  5.538474     0.198945    0.137362   -0.290818  
 
   5 f  =  106.952545 THz   672.002656 2PiTHz 3567.552875 cm-1   442.319984 meV
             X         Y         Z           dx          dy          dz
      7.500000  7.500000  7.500000     0.000002    0.000000    0.000001  
      8.443297  8.705196  8.710503    -0.021419   -0.007471   -0.008865  
      6.556703  6.294804  8.710503     0.021444    0.007466   -0.008891  
      6.556703  8.705196  6.289497     0.021448   -0.007491    0.008868  
      8.443297  6.294804  6.289497    -0.021421    0.007455    0.008884  
      8.978134  9.444491  8.352496     0.171678    0.259507   -0.134121  
      8.958548  8.342749  9.461526     0.172815   -0.140853    0.274987  
      6.021866  5.555509  8.352496    -0.171783   -0.259701   -0.134225  
      6.041452  6.657251  9.461526    -0.173153    0.141119    0.275500  
      6.021866  9.444491  6.647504    -0.171989    0.259977    0.134374  
      6.041452  8.342749  5.538474    -0.172986   -0.141015   -0.275287  
      8.978134  5.555509  6.647504     0.171584   -0.259398    0.134072  
      8.958548  6.657251  5.538474     0.173001    0.140988   -0.275248  
 
   6 f  =  105.488966 THz   662.806723 2PiTHz 3518.733160 cm-1   436.267114 meV
             X         Y         Z           dx          dy          dz
      7.500000  7.500000  7.500000     0.003719   -0.000004   -0.000006  
      8.443297  8.705196  8.710503     0.020709    0.007670    0.008495  
      6.556703  6.294804  8.710503     0.020749    0.007676   -0.008515  
      6.556703  8.705196  6.289497     0.020731   -0.007684    0.008497  
      8.443297  6.294804  6.289497     0.020823   -0.007698   -0.008552  
      8.978134  9.444491  8.352496    -0.170145   -0.264331    0.136771  
      8.958548  8.342749  9.461526    -0.166733    0.140627   -0.273548  
      6.021866  5.555509  8.352496    -0.170432   -0.264818   -0.137021  
      6.041452  6.657251  9.461526    -0.167127    0.140938    0.274144  
      6.021866  9.444491  6.647504    -0.170402    0.264701    0.136956  
      6.041452  8.342749  5.538474    -0.166861   -0.140752   -0.273788  
      8.978134  5.555509  6.647504    -0.171016    0.265704   -0.137480  
      8.958548  6.657251  5.538474    -0.167766   -0.141472    0.275183  
 
   7 f  =  104.970505 THz   659.549137 2PiTHz 3501.439167 cm-1   434.122933 meV
             X         Y         Z           dx          dy          dz
      7.500000  7.500000  7.500000    -0.000005   -0.002841    0.000042  
      8.443297  8.705196  8.710503    -0.020825   -0.004826   -0.010560  
      6.556703  6.294804  8.710503    -0.021422   -0.005107    0.010717  
      6.556703  8.705196  6.289497     0.021379   -0.005096    0.010697  
      8.443297  6.294804  6.289497     0.020772   -0.004807   -0.010539  
      8.978134  9.444491  8.352496     0.155114    0.233919   -0.122590  
      8.958548  8.342749  9.461526     0.180881   -0.152329    0.291181  
      6.021866  5.555509  8.352496     0.160428    0.242047    0.126864  
      6.041452  6.657251  9.461526     0.185221   -0.155956   -0.298102  
      6.021866  9.444491  6.647504    -0.160092    0.241495    0.126593  
      6.041452  8.342749  5.538474    -0.184842   -0.155633   -0.297494  
      8.978134  5.555509  6.647504    -0.154692    0.233267   -0.122257  
      8.958548  6.657251  5.538474    -0.180478   -0.151997    0.290500  
 
   8 f  =  104.948390 THz   659.410183 2PiTHz 3500.701482 cm-1   434.031472 meV
             X         Y         Z           dx          dy          dz
      7.500000  7.500000  7.500000     0.000006    0.000040    0.002928  
      8.443297  8.705196  8.710503     0.021548    0.009891    0.005938  
      6.556703  6.294804  8.710503    -0.020880   -0.009726    0.005606  
      6.556703  8.705196  6.289497     0.020942   -0.009755    0.005626  
      8.443297  6.294804  6.289497    -0.021476    0.009864    0.005908  
      8.978134  9.444491  8.352496    -0.189776   -0.289086    0.152315  
      8.958548  8.342749  9.461526    -0.158268    0.130778   -0.251672  
      6.021866  5.555509  8.352496     0.184747    0.281512    0.148348  
      6.041452  6.657251  9.461526     0.152524   -0.125962   -0.242394  
      6.021866  9.444491  6.647504    -0.185306    0.282348    0.148792  
      6.041452  8.342749  5.538474    -0.152985   -0.126347   -0.243176  
      8.978134  5.555509  6.647504     0.189187   -0.288182    0.151845  
      8.958548  6.657251  5.538474     0.157711    0.130304   -0.250718  
 
   9 f  =   46.081496 THz   289.538576 2PiTHz 1537.113240 cm-1   190.577667 meV
             X         Y         Z           dx          dy          dz
      7.500000  7.500000  7.500000    -0.000011   -0.001112   -0.005912  
      8.443297  8.705196  8.710503     0.034283    0.014371    0.014659  
      6.556703  6.294804  8.710503    -0.023693   -0.010016    0.010049  
      6.556703  8.705196  6.289497     0.023381   -0.009887    0.009914  
      8.443297  6.294804  6.289497    -0.034403    0.014425    0.014710  
      8.978134  9.444491  8.352496    -0.270255    0.059160   -0.282047  
      8.958548  8.342749  9.461526    -0.278524   -0.276217    0.058188  
      6.021866  5.555509  8.352496     0.185772   -0.040043   -0.195141  
      6.041452  6.657251  9.461526     0.193548    0.190762    0.041059  
      6.021866  9.444491  6.647504    -0.183285   -0.039488   -0.192607  
      6.041452  8.342749  5.538474    -0.191012    0.188218    0.040536  
      8.978134  5.555509  6.647504     0.271236    0.059371   -0.283002  
      8.958548  6.657251  5.538474     0.279520   -0.277154    0.058375  
 
  10 f  =   46.072851 THz   289.484263 2PiTHz 1536.824901 cm-1   190.541918 meV
             X         Y         Z           dx          dy          dz
      7.500000  7.500000  7.500000    -0.000006   -0.005943    0.001098  
      8.443297  8.705196  8.710503     0.023461    0.009612    0.010249  
      6.556703  6.294804  8.710503     0.034308    0.014178   -0.014873  
      6.556703  8.705196  6.289497    -0.034357    0.014202   -0.014898  
      8.443297  6.294804  6.289497    -0.023613    0.009681    0.010314  
      8.978134  9.444491  8.352496    -0.187914    0.042785   -0.192512  
      8.958548  8.342749  9.461526    -0.187814   -0.189549    0.037370  
      6.021866  5.555509  8.352496    -0.273249    0.061344    0.281802  
      6.041452  6.657251  9.461526    -0.276216   -0.276972   -0.055937  
      6.021866  9.444491  6.647504     0.273656    0.061408    0.282284  
      6.041452  8.342749  5.538474     0.276644   -0.277359   -0.056010  
      8.978134  5.555509  6.647504     0.189123    0.043062   -0.193760  
      8.958548  6.657251  5.538474     0.189055   -0.190778    0.037627  
 
  11 f  =   46.007739 THz   289.075151 2PiTHz 1534.652991 cm-1   190.272635 meV
             X         Y         Z           dx          dy          dz
      7.500000  7.500000  7.500000     0.000061   -0.000004    0.000007  
      8.443297  8.705196  8.710503     0.029779    0.012349    0.012759  
      6.556703  6.294804  8.710503    -0.028720   -0.011901    0.012290  
      6.556703  8.705196  6.289497    -0.028856    0.011960   -0.012347  
      8.443297  6.294804  6.289497     0.029836   -0.012378   -0.012785  
      8.978134  9.444491  8.352496    -0.235272    0.053519   -0.247682  
      8.958548  8.342749  9.461526    -0.240249   -0.243050    0.050930  
      6.021866  5.555509  8.352496     0.226798   -0.051724   -0.238885  
      6.041452  6.657251  9.461526     0.231676    0.234434    0.049265  
      6.021866  9.444491  6.647504     0.227874    0.051968    0.240035  
      6.041452  8.342749  5.538474     0.232725   -0.235503   -0.049471  
      8.978134  5.555509  6.647504    -0.235791   -0.053628    0.248225  
      8.958548  6.657251  5.538474    -0.240824    0.243583   -0.051052  
 
  12 f  =   45.926178 THz   288.562686 2PiTHz 1531.932395 cm-1   189.935324 meV
             X         Y         Z           dx          dy          dz
      7.500000  7.500000  7.500000    -0.003412    0.000015    0.000019  
      8.443297  8.705196  8.710503    -0.028759   -0.012413   -0.012826  
      6.556703  6.294804  8.710503    -0.029593   -0.012748    0.013179  
      6.556703  8.705196  6.289497    -0.029646    0.012788   -0.013208  
      8.443297  6.294804  6.289497    -0.028413    0.012260    0.012688  
      8.978134  9.444491  8.352496     0.230236   -0.048051    0.240203  
      8.958548  8.342749  9.461526     0.234866    0.235485   -0.045462  
      6.021866  5.555509  8.352496     0.236731   -0.049503   -0.247127  
      6.041452  6.657251  9.461526     0.241613    0.242326    0.046904  
      6.021866  9.444491  6.647504     0.237187    0.049610    0.247622  
      6.041452  8.342749  5.538474     0.242013   -0.242764   -0.046964  
      8.978134  5.555509  6.647504     0.227568    0.047425   -0.237463  
      8.958548  6.657251  5.538474     0.232168   -0.232790    0.044908  
 
  13 f  =   15.886339 THz    99.816813 2PiTHz  529.911235 cm-1    65.700590 meV
             X         Y         Z           dx          dy          dz
      7.500000  7.500000  7.500000     0.000033   -0.001663   -0.356033  
      8.443297  8.705196  8.710503     0.016221    0.008174    0.033385  
      6.556703  6.294804  8.710503    -0.016116   -0.007858    0.033340  
      6.556703  8.705196  6.289497     0.016129   -0.007862    0.033336  
      8.443297  6.294804  6.289497    -0.016261    0.008163    0.033412  
      8.978134  9.444491  8.352496    -0.018433   -0.020915   -0.075938  
      8.958548  8.342749  9.461526     0.040070    0.148053    0.077202  
      6.021866  5.555509  8.352496     0.018805    0.021676   -0.077440  
      6.041452  6.657251  9.461526    -0.040357   -0.148849    0.077435  
      6.021866  9.444491  6.647504    -0.018769    0.021721   -0.077519  
      6.041452  8.342749  5.538474     0.040425   -0.148836    0.077381  
      8.978134  5.555509  6.647504     0.018499   -0.020920   -0.076051  
      8.958548  6.657251  5.538474    -0.040078    0.148325    0.077376  
 
  14 f  =   15.837531 THz    99.510145 2PiTHz  528.283186 cm-1    65.498738 meV
             X         Y         Z           dx          dy          dz
      7.500000  7.500000  7.500000     0.000057   -0.355390    0.001703  
      8.443297  8.705196  8.710503     0.016423    0.033334    0.008064  
      6.556703  6.294804  8.710503     0.016640    0.033463   -0.008380  
      6.556703  8.705196  6.289497    -0.016659    0.033454   -0.008397  
      8.443297  6.294804  6.289497    -0.016442    0.033358    0.008084  
      8.978134  9.444491  8.352496     0.039695    0.077724    0.149536  
      8.958548  8.342749  9.461526    -0.020178   -0.077933   -0.021584  
      6.021866  5.555509  8.352496     0.039597    0.077609   -0.148922  
      6.041452  6.657251  9.461526    -0.019731   -0.076646    0.020939  
      6.021866  9.444491  6.647504    -0.039585    0.077794   -0.149300  
      6.041452  8.342749  5.538474     0.019838   -0.076861    0.020933  
      8.978134  5.555509  6.647504    -0.039609    0.077883    0.149697  
      8.958548  6.657251  5.538474     0.020245   -0.077842   -0.021488  
 
  15 f  =   13.402413 THz    84.209845 2PiTHz  447.056378 cm-1    55.427902 meV
             X         Y         Z           dx          dy          dz
      7.500000  7.500000  7.500000     0.365890    0.000084    0.000079  
      8.443297  8.705196  8.710503    -0.033328   -0.025376   -0.024916  
      6.556703  6.294804  8.710503    -0.033390   -0.025367    0.024848  
      6.556703  8.705196  6.289497    -0.033395    0.025429   -0.024943  
      8.443297  6.294804  6.289497    -0.033366    0.025284    0.024997  
      8.978134  9.444491  8.352496    -0.008577   -0.052632   -0.055515  
      8.958548  8.342749  9.461526    -0.007388   -0.048025   -0.048401  
      6.021866  5.555509  8.352496    -0.008993   -0.052638    0.056021  
      6.041452  6.657251  9.461526    -0.007067   -0.047505    0.048363  
      6.021866  9.444491  6.647504    -0.008929    0.052763   -0.056131  
      6.041452  8.342749  5.538474    -0.007172    0.047503   -0.048364  
      8.978134  5.555509  6.647504    -0.008626    0.052383    0.055267  
      8.958548  6.657251  5.538474    -0.007492    0.048202    0.048569  
 
  16 f  =   11.708483 THz    73.566571 2PiTHz  390.552967 cm-1    48.422375 meV
             X         Y         Z           dx          dy          dz
      7.500000  7.500000  7.500000    -0.000468    0.000022    0.000243  
      8.443297  8.705196  8.710503     0.000899    0.035487   -0.035416  
      6.556703  6.294804  8.710503    -0.000682   -0.035604   -0.035750  
      6.556703  8.705196  6.289497    -0.000924    0.035709    0.035575  
      8.443297  6.294804  6.289497     0.000839   -0.035708    0.035517  
      8.978134  9.444491  8.352496     0.117612    0.101552    0.283617  
      8.958548  8.342749  9.461526    -0.122211   -0.279657   -0.099100  
      6.021866  5.555509  8.352496    -0.117518   -0.102624    0.285506  
      6.041452  6.657251  9.461526     0.122872    0.281235   -0.099924  
      6.021866  9.444491  6.647504    -0.117667    0.103139   -0.286380  
      6.041452  8.342749  5.538474     0.122741   -0.281654    0.099895  
      8.978134  5.555509  6.647504     0.117757   -0.102311   -0.284989  
      8.958548  6.657251  5.538474    -0.122582    0.280748    0.099600  
 
  17 f  =   10.387315 THz    65.265427 2PiTHz  346.483543 cm-1    42.958465 meV
             X         Y         Z           dx          dy          dz
      7.500000  7.500000  7.500000     0.005144   -0.001372   -0.000055  
      8.443297  8.705196  8.710503     0.000162    0.024559   -0.025232  
      6.556703  6.294804  8.710503     0.000308    0.024348    0.024926  
      6.556703  8.705196  6.289497    -0.000171   -0.024490   -0.026214  
      8.443297  6.294804  6.289497    -0.000628   -0.024396    0.026574  
      8.978134  9.444491  8.352496     0.052170    0.141144    0.301675  
      8.958548  8.342749  9.461526    -0.057093   -0.300625   -0.138946  
      6.021866  5.555509  8.352496     0.051126    0.140957   -0.300216  
      6.041452  6.657251  9.461526    -0.056469   -0.298119    0.137716  
      6.021866  9.444491  6.647504     0.052013   -0.143661    0.306529  
      6.041452  8.342749  5.538474    -0.058747    0.305397   -0.141255  
      8.978134  5.555509  6.647504     0.052153   -0.143544   -0.307043  
      8.958548  6.657251  5.538474    -0.059922    0.306158    0.141465  
 
  18 f  =   10.127269 THz    63.631507 2PiTHz  337.809328 cm-1    41.883000 meV
             X         Y         Z           dx          dy          dz
      7.500000  7.500000  7.500000     0.000132   -0.002532   -0.101924  
      8.443297  8.705196  8.710503     0.029651    0.056979   -0.000563  
      6.556703  6.294804  8.710503    -0.028709   -0.057260   -0.003082  
      6.556703  8.705196  6.289497     0.028710   -0.056804   -0.002720  
      8.443297  6.294804  6.289497    -0.029662    0.057021   -0.000446  
      8.978134  9.444491  8.352496     0.093427    0.140971    0.272779  
      8.958548  8.342749  9.461526    -0.026538   -0.222618   -0.091479  
      6.021866  5.555509  8.352496    -0.095009   -0.145558    0.283495  
      6.041452  6.657251  9.461526     0.030384    0.235683   -0.098354  
      6.021866  9.444491  6.647504     0.094054   -0.145174    0.282493  
      6.041452  8.342749  5.538474    -0.030355    0.233560   -0.096785  
      8.978134  5.555509  6.647504    -0.092865    0.141490    0.273075  
      8.958548  6.657251  5.538474     0.026379   -0.222334   -0.091372  
 
  19 f  =   10.073213 THz    63.291863 2PiTHz  336.006215 cm-1    41.659442 meV
             X         Y         Z           dx          dy          dz
      7.500000  7.500000  7.500000    -0.000204   -0.103954    0.002138  
      8.443297  8.705196  8.710503     0.027169   -0.003004    0.057420  
      6.556703  6.294804  8.710503     0.028716   -0.000478   -0.057381  
      6.556703  8.705196  6.289497    -0.028556    0.000050   -0.056803  
      8.443297  6.294804  6.289497    -0.027333   -0.002381    0.056852  
      8.978134  9.444491  8.352496    -0.024581   -0.105779   -0.243973  
      8.958548  8.342749  9.461526     0.100826    0.281664    0.141824  
      6.021866  5.555509  8.352496    -0.020127   -0.099470    0.231625  
      6.041452  6.657251  9.461526     0.099991    0.271148   -0.137368  
      6.021866  9.444491  6.647504     0.018920   -0.096640    0.225252  
      6.041452  8.342749  5.538474    -0.098879    0.264202   -0.133918  
      8.978134  5.555509  6.647504     0.023277   -0.101830   -0.235747  
      8.958548  6.657251  5.538474    -0.099190    0.274186    0.138678  
 
  20 f  =    7.252711 THz    45.570130 2PiTHz  241.924413 cm-1    29.994791 meV
             X         Y         Z           dx          dy          dz
      7.500000  7.500000  7.500000     0.000145    0.000193    0.000185  
      8.443297  8.705196  8.710503    -0.058986   -0.072415   -0.072651  
      6.556703  6.294804  8.710503     0.059382    0.072224   -0.072654  
      6.556703  8.705196  6.289497     0.059328   -0.072128    0.072829  
      8.443297  6.294804  6.289497    -0.059434    0.072349    0.072515  
      8.978134  9.444491  8.352496    -0.064887   -0.064504   -0.064454  
      8.958548  8.342749  9.461526    -0.069921   -0.065037   -0.061882  
      6.021866  5.555509  8.352496     0.063666    0.065480   -0.064472  
      6.041452  6.657251  9.461526     0.071045    0.065991   -0.061919  
      6.021866  9.444491  6.647504     0.064192   -0.064819    0.064324  
      6.041452  8.342749  5.538474     0.070048   -0.066664    0.063103  
      8.978134  5.555509  6.647504    -0.064335    0.065655    0.065363  
      8.958548  6.657251  5.538474    -0.069996    0.065654    0.062323  
 
  21 f  =    6.096302 THz    38.304198 2PiTHz  203.350761 cm-1    25.212270 meV
             X         Y         Z           dx          dy          dz
      7.500000  7.500000  7.500000     0.000259    0.000316    0.000544  
      8.443297  8.705196  8.710503    -0.047052    0.034567    0.031872  
      6.556703  6.294804  8.710503     0.047360   -0.034163    0.031335  
      6.556703  8.705196  6.289497     0.047964    0.034704   -0.031734  
      8.443297  6.294804  6.289497    -0.048144   -0.034756   -0.031914  
      8.978134  9.444491  8.352496     0.149669   -0.209149   -0.186078  
      8.958548  8.342749  9.461526     0.108984   -0.183453   -0.176420  
      6.021866  5.555509  8.352496    -0.148519    0.208493   -0.185622  
      6.041452  6.657251  9.461526    -0.106992    0.181727   -0.174820  
      6.021866  9.444491  6.647504    -0.150877   -0.211088    0.187344  
      6.041452  8.342749  5.538474    -0.109683   -0.186789    0.179317  
      8.978134  5.555509  6.647504     0.151559    0.211885    0.187671  
      8.958548  6.657251  5.538474     0.107494    0.184847    0.176872  
 
  22 f  =    5.962258 THz    37.461974 2PiTHz  198.879532 cm-1    24.657908 meV
             X         Y         Z           dx          dy          dz
      7.500000  7.500000  7.500000    -0.000082   -0.001698    0.028550  
      8.443297  8.705196  8.710503     0.035014   -0.025139   -0.024202  
      6.556703  6.294804  8.710503    -0.039799    0.028364   -0.026828  
      6.556703  8.705196  6.289497     0.039117    0.028581   -0.026885  
      8.443297  6.294804  6.289497    -0.033980   -0.024389   -0.023462  
      8.978134  9.444491  8.352496    -0.171810    0.220811    0.180725  
      8.958548  8.342749  9.461526    -0.092460    0.185274    0.163207  
      6.021866  5.555509  8.352496     0.187555   -0.245768    0.206028  
      6.041452  6.657251  9.461526     0.114894   -0.213638    0.194139  
      6.021866  9.444491  6.647504    -0.186502   -0.243728    0.204755  
      6.041452  8.342749  5.538474    -0.114848   -0.211474    0.192660  
      8.978134  5.555509  6.647504     0.170395    0.217649    0.176858  
      8.958548  6.657251  5.538474     0.089113    0.182245    0.159209  
 
  23 f  =    5.915369 THz    37.167362 2PiTHz  197.315484 cm-1    24.463991 meV
             X         Y         Z           dx          dy          dz
      7.500000  7.500000  7.500000    -0.000068    0.028358    0.002171  
      8.443297  8.705196  8.710503     0.042835   -0.029193   -0.024910  
      6.556703  6.294804  8.710503     0.037335   -0.025736    0.021483  
      6.556703  8.705196  6.289497    -0.037279   -0.025149    0.020972  
      8.443297  6.294804  6.289497    -0.042917   -0.029248   -0.024754  
      8.978134  9.444491  8.352496    -0.134807    0.209992    0.207251  
      8.958548  8.342749  9.461526    -0.161414    0.214342    0.229976  
      6.021866  5.555509  8.352496    -0.111612    0.179175   -0.181937  
      6.041452  6.657251  9.461526    -0.147584    0.186771   -0.205391  
      6.021866  9.444491  6.647504     0.109878    0.177287   -0.179920  
      6.041452  8.342749  5.538474     0.146443    0.186136   -0.204522  
      8.978134  5.555509  6.647504     0.135737    0.210464    0.206957  
      8.958548  6.657251  5.538474     0.159672    0.213904    0.228814  
 
  24 f  =    5.175762 THz    32.520273 2PiTHz  172.644844 cm-1    21.405223 meV
             X         Y         Z           dx          dy          dz
      7.500000  7.500000  7.500000     0.055941    0.000303    0.000111  
      8.443297  8.705196  8.710503    -0.020544    0.074410    0.072931  
      6.556703  6.294804  8.710503    -0.021299    0.074791   -0.073440  
      6.556703  8.705196  6.289497    -0.021288   -0.074755    0.073048  
      8.443297  6.294804  6.289497    -0.021508   -0.074751   -0.073027  
      8.978134  9.444491  8.352496     0.125135   -0.101923   -0.086115  
      8.958548  8.342749  9.461526     0.108181   -0.093227   -0.090315  
      6.021866  5.555509  8.352496     0.124158   -0.102344    0.087656  
      6.041452  6.657251  9.461526     0.111460   -0.095556    0.093878  
      6.021866  9.444491  6.647504     0.124739    0.102507   -0.087432  
      6.041452  8.342749  5.538474     0.109858    0.094812   -0.092773  
      8.978134  5.555509  6.647504     0.125736    0.104152    0.089008  
      8.958548  6.657251  5.538474     0.109531    0.094841    0.092759  
 
  25 f  =    3.495419 THz    21.962367 2PiTHz  116.594638 cm-1    14.455886 meV
             X         Y         Z           dx          dy          dz
      7.500000  7.500000  7.500000     0.000899    0.000271    0.000641  
      8.443297  8.705196  8.710503    -0.009969   -0.014509    0.024160  
      6.556703  6.294804  8.710503     0.010458    0.016114    0.024158  
      6.556703  8.705196  6.289497     0.010369   -0.016771   -0.023942  
      8.443297  6.294804  6.289497    -0.011250    0.015232   -0.024299  
      8.978134  9.444491  8.352496    -0.266085    0.194465    0.071802  
      8.958548  8.342749  9.461526     0.267611   -0.091084   -0.203519  
      6.021866  5.555509  8.352496     0.266850   -0.192698    0.070994  
      6.041452  6.657251  9.461526    -0.268994    0.093955   -0.205381  
      6.021866  9.444491  6.647504     0.261450    0.189009   -0.072498  
      6.041452  8.342749  5.538474    -0.263403   -0.095984    0.202367  
      8.978134  5.555509  6.647504    -0.269275   -0.195328   -0.072291  
      8.958548  6.657251  5.538474     0.268953    0.092881    0.205638  
 
  26 f  =    2.381607 THz    14.964076 2PiTHz   79.441848 cm-1     9.849529 meV
             X         Y         Z           dx          dy          dz
      7.500000  7.500000  7.500000    -0.003410    0.089830   -0.009101  
      8.443297  8.705196  8.710503     0.029915   -0.013974    0.069721  
      6.556703  6.294804  8.710503     0.042610   -0.004600   -0.067473  
      6.556703  8.705196  6.289497    -0.044509   -0.005731   -0.071850  
      8.443297  6.294804  6.289497    -0.028950   -0.011772    0.072566  
      8.978134  9.444491  8.352496    -0.140840    0.149930    0.150853  
      8.958548  8.342749  9.461526     0.224680   -0.122244   -0.113280  
      6.021866  5.555509  8.352496    -0.118060    0.141889   -0.127275  
      6.041452  6.657251  9.461526     0.231436   -0.096630    0.103737  
      6.021866  9.444491  6.647504     0.123976    0.150467   -0.140274  
      6.041452  8.342749  5.538474    -0.230468   -0.092888    0.095175  
      8.978134  5.555509  6.647504     0.146575    0.158194    0.159369  
      8.958548  6.657251  5.538474    -0.218313   -0.112847   -0.103400  
 
  27 f  =    2.230121 THz    14.012265 2PiTHz   74.388838 cm-1     9.223036 meV
             X         Y         Z           dx          dy          dz
      7.500000  7.500000  7.500000     0.002586   -0.003349   -0.109712  
      8.443297  8.705196  8.710503    -0.059067   -0.067947    0.005195  
      6.556703  6.294804  8.710503     0.061210    0.072177    0.014731  
      6.556703  8.705196  6.289497    -0.058832    0.068509    0.012810  
      8.443297  6.294804  6.289497     0.056732   -0.069891    0.002119  
      8.978134  9.444491  8.352496    -0.161554    0.058001    0.117279  
      8.958548  8.342749  9.461526     0.024426   -0.161786   -0.097908  
      6.021866  5.555509  8.352496     0.201591   -0.082966    0.129439  
      6.041452  6.657251  9.461526    -0.068008    0.177319   -0.124598  
      6.021866  9.444491  6.647504    -0.204426   -0.091323    0.129648  
      6.041452  8.342749  5.538474     0.067715    0.165877   -0.121056  
      8.978134  5.555509  6.647504     0.154543    0.049127    0.106590  
      8.958548  6.657251  5.538474    -0.032160   -0.168788   -0.107020  
 
  28 f  =    1.798716 THz    11.301666 2PiTHz   59.998708 cm-1     7.438888 meV
             X         Y         Z           dx          dy          dz
      7.500000  7.500000  7.500000    -0.005671    0.011713   -0.000490  
      8.443297  8.705196  8.710503     0.020768   -0.077362    0.068792  
      6.556703  6.294804  8.710503    -0.004051    0.076756    0.065664  
      6.556703  8.705196  6.289497    -0.024398   -0.077026   -0.073989  
      8.443297  6.294804  6.289497     0.004877    0.082094   -0.064006  
      8.978134  9.444491  8.352496     0.147289   -0.134216    0.141778  
      8.958548  8.342749  9.461526    -0.082757   -0.181209    0.090385  
      6.021866  5.555509  8.352496    -0.037130    0.067107    0.135158  
      6.041452  6.657251  9.461526     0.037768    0.134875    0.067089  
      6.021866  9.444491  6.647504    -0.112624   -0.103582   -0.153206  
      6.041452  8.342749  5.538474     0.054711   -0.170489   -0.083361  
      8.978134  5.555509  6.647504     0.041660    0.081520   -0.120172  
      8.958548  6.657251  5.538474    -0.018312    0.155751   -0.045199  
 
  29 f  =    1.729027 THz    10.863794 2PiTHz   57.674117 cm-1     7.150676 meV
             X         Y         Z           dx          dy          dz
      7.500000  7.500000  7.500000     0.009085   -0.078645    0.002646  
      8.443297  8.705196  8.710503    -0.053552   -0.012804   -0.013627  
      6.556703  6.294804  8.710503    -0.064376    0.014039    0.038042  
      6.556703  8.705196  6.289497     0.061275   -0.013202    0.024398  
      8.443297  6.294804  6.289497     0.056784    0.007301   -0.042839  
      8.978134  9.444491  8.352496    -0.327197    0.168215   -0.053108  
      8.958548  8.342749  9.461526     0.166591    0.100127   -0.109628  
      6.021866  5.555509  8.352496    -0.291934    0.160577    0.081454  
      6.041452  6.657251  9.461526     0.091027    0.157330    0.074347  
      6.021866  9.444491  6.647504     0.245588    0.102922    0.066695  
      6.041452  8.342749  5.538474    -0.087375    0.082873    0.078180  
      8.978134  5.555509  6.647504     0.325056    0.163867   -0.126049  
      8.958548  6.657251  5.538474    -0.189781    0.124435   -0.154645  
 
  30 f  =    1.474180 THz     9.262549 2PiTHz   49.173368 cm-1     6.096718 meV
             X         Y         Z           dx          dy          dz
      7.500000  7.500000  7.500000     0.119619    0.003849   -0.015152  
      8.443297  8.705196  8.710503    -0.001130    0.029254    0.035053  
      6.556703  6.294804  8.710503     0.016427    0.043173   -0.038765  
      6.556703  8.705196  6.289497    -0.011141   -0.034174    0.029856  
      8.443297  6.294804  6.289497     0.013051   -0.039208   -0.037931  
      8.978134  9.444491  8.352496    -0.094053    0.172688    0.197735  
      8.958548  8.342749  9.461526    -0.146174    0.167700    0.199274  
      6.021866  5.555509  8.352496    -0.234706    0.269091   -0.137982  
      6.041452  6.657251  9.461526     0.065374    0.194626   -0.074090  
      6.021866  9.444491  6.647504    -0.120996   -0.186824    0.185927  
      6.041452  8.342749  5.538474    -0.146713   -0.189111    0.195476  
      8.978134  5.555509  6.647504    -0.240737   -0.265665   -0.134004  
      8.958548  6.657251  5.538474     0.062712   -0.196766   -0.075738  
 
  31 f  =    1.432625 THz     9.001449 2PiTHz   47.787230 cm-1     5.924859 meV
             X         Y         Z           dx          dy          dz
      7.500000  7.500000  7.500000     0.037676    0.013324    0.054318  
      8.443297  8.705196  8.710503     0.031790    0.038726    0.029511  
      6.556703  6.294804  8.710503    -0.015881   -0.015930   -0.009154  
      6.556703  8.705196  6.289497     0.018221   -0.042436    0.010089  
      8.443297  6.294804  6.289497    -0.030357    0.017873    0.004208  
      8.978134  9.444491  8.352496    -0.213609    0.189672   -0.019011  
      8.958548  8.342749  9.461526     0.267324    0.091132   -0.110922  
      6.021866  5.555509  8.352496     0.181898   -0.085722   -0.159686  
      6.041452  6.657251  9.461526    -0.331433   -0.011816   -0.229591  
      6.021866  9.444491  6.647504    -0.296573   -0.232427   -0.063168  
      6.041452  8.342749  5.538474     0.312198   -0.135262   -0.150750  
      8.978134  5.555509  6.647504     0.109742    0.053636   -0.128949  
      8.958548  6.657251  5.538474    -0.303029   -0.024033   -0.205274  
 
  32 f  =    1.264226 THz     7.943368 2PiTHz   42.170052 cm-1     5.228418 meV
             X         Y         Z           dx          dy          dz
      7.500000  7.500000  7.500000     0.002347    0.000948    0.000508  
      8.443297  8.705196  8.710503    -0.090275    0.025553    0.046513  
      6.556703  6.294804  8.710503     0.092043   -0.027673    0.040507  
      6.556703  8.705196  6.289497     0.091753    0.024904   -0.043920  
      8.443297  6.294804  6.289497    -0.088504   -0.022818   -0.045003  
      8.978134  9.444491  8.352496    -0.108185    0.071011    0.114978  
      8.958548  8.342749  9.461526    -0.168947    0.079643    0.126262  
      6.021866  5.555509  8.352496     0.103466   -0.065958    0.103725  
      6.041452  6.657251  9.461526     0.173813   -0.082694    0.122860  
      6.021866  9.444491  6.647504     0.110443    0.069295   -0.109137  
      6.041452  8.342749  5.538474     0.164156    0.074883   -0.117346  
      8.978134  5.555509  6.647504    -0.115015   -0.073223   -0.110984  
      8.958548  6.657251  5.538474    -0.156465   -0.076347   -0.117032  
 
  33 f  =    0.081081 THz     0.509445 2PiTHz    2.704561 cm-1     0.335323 meV
             X         Y         Z           dx          dy          dz
      7.500000  7.500000  7.500000     0.112081    0.002446    0.002401  
      8.443297  8.705196  8.710503     0.110181    0.002715    0.004532  
      6.556703  6.294804  8.710503     0.120741   -0.007160   -0.001279  
      6.556703  8.705196  6.289497     0.101123    0.001958    0.011003  
      8.443297  6.294804  6.289497     0.116481    0.014087   -0.006750  
      8.978134  9.444491  8.352496     0.119676   -0.003837    0.004977  
      8.958548  8.342749  9.461526     0.103715   -0.001120    0.007225  
      6.021866  5.555509  8.352496     0.136156   -0.017378   -0.003069  
      6.041452  6.657251  9.461526     0.111316   -0.016559   -0.003311  
      6.021866  9.444491  6.647504     0.115960    0.010011    0.016459  
      6.041452  8.342749  5.538474     0.084996    0.005216    0.020571  
      8.978134  5.555509  6.647504     0.137590    0.026800   -0.011982  
      8.958548  6.657251  5.538474     0.100866    0.026271   -0.011660  
 
  34 fi =    0.044605 THz     0.280259 2PiTHz    1.487849 cm-1     0.184470 meV
             X         Y         Z           dx          dy          dz
      7.500000  7.500000  7.500000    -0.002456   -0.002010    0.113613  
      8.443297  8.705196  8.710503    -0.004240    0.000966    0.112206  
      6.556703  6.294804  8.710503     0.000978   -0.003092    0.115395  
      6.556703  8.705196  6.289497    -0.005237   -0.004401    0.113488  
      8.443297  6.294804  6.289497    -0.000400    0.000422    0.112789  
      8.978134  9.444491  8.352496    -0.009806    0.003411    0.108975  
      8.958548  8.342749  9.461526     0.002622    0.002366    0.108102  
      6.021866  5.555509  8.352496     0.008136   -0.007765    0.114433  
      6.041452  6.657251  9.461526    -0.006606   -0.003340    0.110234  
      6.021866  9.444491  6.647504    -0.010040   -0.006462    0.110620  
      6.041452  8.342749  5.538474     0.001368   -0.004818    0.109088  
      8.978134  5.555509  6.647504     0.008434    0.005161    0.109409  
      8.958548  6.657251  5.538474    -0.010453    0.002048    0.106593  
 
  35 fi =    0.114557 THz     0.719784 2PiTHz    3.821214 cm-1     0.473770 meV
             X         Y         Z           dx          dy          dz
      7.500000  7.500000  7.500000    -0.002233    0.116527    0.001730  
      8.443297  8.705196  8.710503     0.003233    0.112357    0.002089  
      6.556703  6.294804  8.710503    -0.002210    0.115362    0.000311  
      6.556703  8.705196  6.289497    -0.002930    0.115897    0.001103  
      8.443297  6.294804  6.289497    -0.008718    0.110478    0.003240  
      8.978134  9.444491  8.352496     0.018415    0.101420    0.002633  
      8.958548  8.342749  9.461526    -0.009151    0.107779    0.008211  
      6.021866  5.555509  8.352496     0.014264    0.104362   -0.001976  
      6.041452  6.657251  9.461526    -0.018087    0.112095   -0.008889  
      6.021866  9.444491  6.647504    -0.020700    0.103320    0.000194  
      6.041452  8.342749  5.538474     0.012916    0.112390   -0.007982  
      8.978134  5.555509  6.647504    -0.027357    0.097085    0.003829  
      8.958548  6.657251  5.538474     0.004744    0.102849    0.008667  
 
  36 fi =    0.214234 THz     1.346072 2PiTHz    7.146079 cm-1     0.886001 meV
             X         Y         Z           dx          dy          dz
      7.500000  7.500000  7.500000     0.013521    0.003763    0.000363  
      8.443297  8.705196  8.710503     0.077574   -0.073522    0.028307  
      6.556703  6.294804  8.710503    -0.089668    0.067491   -0.014372  
      6.556703  8.705196  6.289497     0.109569    0.065241   -0.012101  
      8.443297  6.294804  6.289497    -0.059265   -0.072346    0.021337  
      8.978134  9.444491  8.352496     0.110242   -0.088938    0.046443  
      8.958548  8.342749  9.461526     0.067173   -0.123635    0.010877  
      6.021866  5.555509  8.352496    -0.106482    0.089765   -0.035290  
      6.041452  6.657251  9.461526    -0.121549    0.112003   -0.057773  
      6.021866  9.444491  6.647504     0.106369    0.070275   -0.026944  
      6.041452  8.342749  5.538474     0.147638    0.098561   -0.054595  
      8.978134  5.555509  6.647504    -0.109681   -0.106326    0.027141  
      8.958548  6.657251  5.538474    -0.048303   -0.131608    0.000102  
 
  37 fi =    0.776103 THz     4.876399 2PiTHz   25.888011 cm-1     3.209703 meV
             X         Y         Z           dx          dy          dz
      7.500000  7.500000  7.500000     0.003348   -0.002673    0.000266  
      8.443297  8.705196  8.710503     0.013861    0.078201   -0.087891  
      6.556703  6.294804  8.710503     0.011700    0.079521    0.088072  
      6.556703  8.705196  6.289497     0.007465   -0.077753   -0.077051  
      8.443297  6.294804  6.289497    -0.000690   -0.080615    0.074549  
      8.978134  9.444491  8.352496     0.021483    0.043665   -0.148190  
      8.958548  8.342749  9.461526     0.015276    0.128047   -0.064754  
      6.021866  5.555509  8.352496     0.015414    0.047793    0.148439  
      6.041452  6.657251  9.461526     0.018233    0.128050    0.069056  
      6.021866  9.444491  6.647504     0.024874   -0.039992   -0.129177  
      6.041452  8.342749  5.538474    -0.001164   -0.119858   -0.050777  
      8.978134  5.555509  6.647504     0.016505   -0.044745    0.123005  
      8.958548  6.657251  5.538474    -0.014397   -0.125841    0.043278  
 
  38 fi =    0.896121 THz     5.630494 2PiTHz   29.891376 cm-1     3.706057 meV
             X         Y         Z           dx          dy          dz
      7.500000  7.500000  7.500000     0.001836    0.008426   -0.002099  
      8.443297  8.705196  8.710503    -0.097464    0.020617    0.060899  
      6.556703  6.294804  8.710503    -0.056250   -0.006829   -0.062110  
      6.556703  8.705196  6.289497     0.060657   -0.019450   -0.074392  
      8.443297  6.294804  6.289497     0.105499    0.010729    0.073938  
      8.978134  9.444491  8.352496    -0.040787    0.003211    0.110361  
      8.958548  8.342749  9.461526    -0.197421    0.028278    0.133011  
      6.021866  5.555509  8.352496     0.000695   -0.029982   -0.100422  
      6.041452  6.657251  9.461526    -0.136076   -0.015803   -0.112077  
      6.021866  9.444491  6.647504     0.010394   -0.033738   -0.121160  
      6.041452  8.342749  5.538474     0.135626   -0.034874   -0.117865  
      8.978134  5.555509  6.647504     0.058897    0.005988    0.134673  
      8.958548  6.657251  5.538474     0.203833    0.017688    0.144511  
 
  39 fi =    1.723529 THz    10.829254 2PiTHz   57.490747 cm-1     7.127941 meV
             X         Y         Z           dx          dy          dz
      7.500000  7.500000  7.500000     0.023579    0.000657   -0.000219  
      8.443297  8.705196  8.710503    -0.002480    0.015740   -0.001779  
      6.556703  6.294804  8.710503    -0.003567    0.015521    0.000038  
      6.556703  8.705196  6.289497    -0.001711   -0.013870   -0.001618  
      8.443297  6.294804  6.289497    -0.006163   -0.017397    0.001683  
      8.978134  9.444491  8.352496     0.252130   -0.135399    0.069053  
      8.958548  8.342749  9.461526    -0.324243    0.029691    0.225094  
      6.021866  5.555509  8.352496     0.252016   -0.135765   -0.071955  
      6.041452  6.657251  9.461526    -0.326119    0.028170   -0.226786  
      6.021866  9.444491  6.647504     0.256466    0.140138    0.068595  
      6.041452  8.342749  5.538474    -0.326196   -0.027452    0.226952  
      8.978134  5.555509  6.647504     0.244898    0.130784   -0.069955  
      8.958548  6.657251  5.538474    -0.327710   -0.034845   -0.226718  
 
